6367
7205
8625
7908
3601
5911
7058
4931
268
813
952
-490
-2782
-3897
-4411
-5509
667
-6561
-12895
-5212
-875
-760
-209
-1051
-1784
-554
1781
2916
252
-1549
-2152
-773
-1207
-2958
-2647
-3780
-4791
-4616
-5821
-6063
-4458
-5378
-4020
-3461
-2309
1141
589
-1843
-1960
4427
4028
1965
4522
4120
2904
3013
1697
1704
2195
1454
926
-1488
116
-1409
-4307
-5561
-4581
-11401
-12082
-9293
-12208
-5550
-8916
-9494
-16122
-6814
-5019
-8545
-3923
-7493
-3607
-765
2550
1528
2126
2856
487
2860
4311
1913
2724
3356
3955
4178
6286
6857
5982
8251
7837
5348
10497
11707
12307
11149
11611
12821
11167
10823
10124
11007
9789
10480
5898
4973
6370
4793
-29
95
3224
375
-4191
-7494
-3996
-6786
-10239
-11077
-11188
-9141
-4117
-6878
-13007
-4482
-4733
-4149
-1875
-3212
-2182
789
1983
2350
3122
2998
1429
1211
-1252
-1152
-1486
-537
444
-133
701
3930
2785
1987
3485
4953
8789
7048
5423
6644
5063
4883
4848
4161
5009
2456
448
-237
-2008
-1889
-2807
-5099
-7012
-8232
-8779
-12661
-13587
-12248
-16036
-16957
-13516
-17128
-15508
-14704
-12696
-11154
-18693
-10412
-7194
-8070
-3471
-3294
-1343
-1983
-138
2254
-338
365
2501
1217
2348
4280
5074
8017
9565
6541
8317
12578
11844
6789
7103
8569
8950
9546
11007
9992
10087
9169
8262
8216
5267
4211
3768
5491
-502
-1923
1841
-2548
-1752
-7349
-6566
-4382
-5855
-7314
-7039
-10681
-10524
-11473
-9544
-6819
-4396
-1117
-9262
-5881
-2466
-2955
935
1748
-2317
29
966
801
1493
1338
4855
6167
8468
8674
12264
11889
7368
10182
15163
13005
10578
12360
10914
9074
10281
11591
9235
7874
7907
5032
6314
3680
2630
4636
3573
3815
357
-442
-2303
-3293
-2463
-2884
-2328
-4919
-5252
-5151
-7613
-9331
-11332
-8169
-9551
-5991
-7765
-7380
-11335
-18010
-3820
-3495
-3514
1462
-3371
-920
1081
985
4122
5218
7550
6960
4743
5308
11631
12765
7641
9937
10037
6864
5902
4939
3417
4328
3174
2322
3409
3783
1696
1092
782
629
-404
340
1343
-1063
-1637
-5587
-4524
-3090
-4603
-8876
-8309
-6711
-10360
-12582
-12323
-8940
-15078
-16884
-15905
-16018
-11604
-8431
-16644
-19783
-11532
-9621
-4628
-6131
-7603
-5614
-4314
614
2759
2785
3348
3699
7945
11359
7065
6455
8251
6742
6240
11786
10990
5929
7056
6336
6497
8268
10053
7837
7770
9053
7150
6939
5958
5416
2269
2434
1632
-997
-3167
-5367
-5384
-7222
-8305
-7751
-7573
-9903
-11621
-11903
-11898
-15000
-14164
-13328
-16213
-10707
-11868
-17547
-9897
-6298
-5798
-1198
-30
232
-811
-700
3840
7166
7082
11435
11862
9792
10722
9813
10603
11278
13079
12177
11328
11685
10238
9991
7658
6770
6016
6394
5919
2473
1904
1143
-159
-1285
-2737
-3532
-2881
-5451
-5218
-3417
-5424
-8548
-9459
-6254
-7137
-12725
-17377
-19121
-19303
-18446
-21982
-17980
-14943
-12456
-9479
-19121
-11383
-2927
-2565
1537
1498
2269
6435
12171
11680
11918
16783
16068
17612
18354
18022
17452
16207
17538
15844
14531
15936
15928
14640
12980
11729
12019
9453
9763
7638
6010
6066
4046
4254
2551
369
676
-528
-1267
-3239
-6357
-7115
-8241
-8440
-12267
-10399
-9770
-14132
-15467
-20744
-20233
-20349
-18820
-19897
-16177
-12142
-16012
-9155
-7363
-4499
2860
4107
3820
8035
10565
13122
14374
14924
14317
12995
15419
15081
13373
10602
10982
11095
12395
11531
8078
8775
8332
6625
2896
3370
4248
3855
865
15
-1503
-5338
-4411
-3750
-5776
-6086
-7807
-13217
-9583
-9868
-12699
-13763
-12445
-13571
-16590
-16660
-15464
-12373
-16752
-17618
-15358
-8316
-1095
-2434
-12328
-6150
7092
8122
9508
9828
13297
12419
13764
12865
15974
18185
18450
19347
17236
13400
10890
9796
9072
8367
6624
5564
4493
3626
5215
3824
-866
-2014
-1768
-4636
-3635
-3340
-7620
-8493
-10771
-8637
-8240
-10618
-11340
-11926
-12566
-13095
-13564
-14212
-14744
-15495
-13390
-14483
-15122
-11496
-7375
-12424
-14132
-9345
-4378
-526
-7651
-2971
4833
2163
6188
10692
11930
13095
13363
11535
12375
16353
15936
12407
8841
6590
7247
7953
6327
5385
7466
6948
6814
5754
4542
3604
-1660
-2167
-389
-1643
-4643
-1315
-2441
-5539
-3325
-3756
-5879
-8191
-9530
-13306
-11265
-5604
-8316
-11971
-9789
-7704
-10425
-8529
-4468
-7176
-11240
-7824
-3340
-320
-217
5004
-4092
-1204
7928
7730
10908
10043
8615
9874
12371
10039
10755
12042
12898
8548
4969
5069
9757
7686
928
303
-934
3262
3388
-168
-194
1687
776
1547
3821
2345
61
-1751
-3891
-3039
-3949
-7159
-6449
-7600
-6666
-8936
-8484
-7585
-8317
-7605
-5787
-5670
-8419
-7507
-4594
-4437
-7799
-3106
-3073
-2503
-4559
-3551
-4746
-8645
-2001
405
266
2142
322
-21
2756
3943
3455
4377
3692
699
342
349
3052
2742
-1183
-128
1191
2553
1067
2024
1836
1236
1895
-130
313
839
-55
360
100
-684
-1523
-3367
-3160
-2869
-644
-3202
-5494
-182
14
-3841
-5671
1282
4652
-1098
-3997
-2068
-3022
-2427
-5477
-4709
-1328
-587
-2557
-12285
-2758
2183
1982
5135
-1099
-156
-85
2354
4614
4498
3356
3479
2544
4239
7236
5329
5920
5992
5918
9123
10465
9061
8427
8725
7405
7111
5500
4933
3290
1671
1601
1242
-463
474
332
205
2709
1198
-2829
-1412
4242
371
-3053
-2839
-5015
-4035
-6376
-9465
-10203
-9558
-11432
-14380
-11510
-10243
-9266
-9453
-2313
-120
509
2881
1993
6400
7145
8817
6050
8598
9173
8697
9140
9529
9255
7237
7868
9341
11894
10623
9905
9994
8566
8146
6880
4233
3875
2907
888
-519
-4300
-4753
-5802
-4749
-3341
-3028
-4618
-6099
1946
2234
983
-2699
-2776
-82
-1517
-4211
-6862
-5350
-7060
-10111
-9304
-12195
-12495
-8972
-7216
-12674
-6828
-2997
-1262
5423
6575
6189
4937
7023
10186
12240
12785
12824
11533
9311
7021
7510
9701
5522
4428
2447
1374
729
-17
-1594
-3004
-4536
-4721
-4167
-5299
-4068
-6216
-5009
-4970
-5271
-3988
-1589
-4729
-6329
-5431
-9092
-7293
-7172
-7699
-8215
-8483
-9535
-10150
-10575
-12911
-12523
-9332
-10074
-8100
-3994
-2534
-6561
-1748
3793
2178
9785
8470
7871
7955
6642
8562
10169
10240
8809
9370
8510
7771
7459
7622
6009
5064
3828
1713
1028
-72
-4015
-5298
-4777
-3869
-4590
-3241
-1062
-6397
-4870
-4635
-2052
214
-585
1672
-1334
-1557
-822
1374
-2252
-6449
-3002
-3067
-4959
-3585
-5379
-5852
-5453
-8764
-5437
-2974
-1443
2556
-3283
-1480
6232
5539
8930
7785
6369
7854
8752
10029
8835
7177
7717
3815
2400
2536
-245
1176
122
-753
-659
-2852
-4193
-5073
-6580
-1712
-3324
-8083
-2085
-1980
-2531
-2833
-4271
-2875
-346
3930
3713
2823
3724
5161
3411
2941
3868
1975
141
1457
1126
-2202
-3705
-4273
-3594
-3355
-4183
-3892
-2018
-1776
-7119
-159
3596
1154
3636
4162
4329
5436
8994
7364
2843
4498
5307
4369
4541
4239
-206
-974
-1876
-3225
557
-1971
-1091
-3280
445
2556
-2300
1244
5356
5139
4973
5966
8314
8549
6591
6444
3706
7442
6701
4061
6246
5239
846
-1087
1956
936
-1694
-5099
-5213
-3749
-6711
-7909
-9770
-8486
-2412
-4482
-15613
-11592
-4418
-5419
35
-1310
-3416
-845
3983
1835
1526
1529
772
4595
700
-125
2195
-420
-879
209
-179
1936
2152
-285
4355
7984
5052
4866
6070
6274
4331
3834
7477
5883
5160
4909
3361
3773
2888
4403
-213
175
2051
-1279
-2037
-5502
-6016
-4438
-6372
-5726
-6301
-11006
-9351
-8568
-8095
-8128
-13838
-9683
-2515
-5390
-2765
-6
-2903
811
2098
296
1950
804
2826
2643
1881
4160
4291
3343
8567
9095
7815
5715
10464
16154
12034
11405
11740
11864
8775
10345
12360
11769
11220
8455
6159
4137
2095
3876
2839
625
1080
1445
-2872
-5628
-4306
-3406
-9943
-12319
-10785
-13683
-16155
-19135
-18111
-19294
-14979
-13248
-18591
-13638
-11583
-8314
-7893
-4662
-5420
-5441
-1574
-2386
-3903
-580
2307
1021
4845
6093
3914
1800
5673
11482
9792
8331
9211
8043
7793
9530
8332
8439
8777
8515
5545
4616
6173
7331
7480
3763
-1382
-332
902
1612
-2683
-6033
-7425
-9856
-7284
-9026
-14994
-15295
-16063
-17302
-15620
-16873
-16870
-18212
-17113
-11770
-16704
-15534
-10097
-9025
-9834
-6188
-4401
-5665
-2951
-3553
-1595
903
669
3472
7905
8044
9955
13957
11655
12106
15838
16073
11948
12948
10491
10394
13473
9377
10369
10802
10905
7863
7276
5775
5017
4612
2788
3100
232
-7231
-5587
-2673
-3325
-4757
-6113
-6128
-9771
-14642
-10138
-6651
-10775
-14000
-12971
-12929
-11877
-6952
-11720
-16135
-6749
-2762
-4026
-3813
-3606
-1197
-639
1513
7445
7887
8354
12351
11898
12265
12111
14424
16369
14411
14151
14137
14676
13353
11467
10268
6874
7176
8779
6829
2597
1333
-265
-3577
203
1120
3161
-447
-1241
-370
-757
-329
-1566
-2638
-4780
-3652
-3989
-5487
-6930
-6924
-7960
-8525
-9661
-10424
-9612
-6886
-9709
-12733
-4031
-3728
-3027
223
-839
3218
5232
4743
6478
8652
7677
10552
12242
13497
9362
7776
12535
13303
10376
8331
5872
4620
5390
5101
1793
2317
7685
2791
3876
3800
1921
6452
4104
313
-1334
1614
55
-1459
-294
-1854
-605
-3113
-3865
-4463
-8849
-9421
-11005
-9900
-10193
-11713
-13094
-13442
-14920
-10785
-13267
-16352
-5674
-8434
-3411
-3712
-5014
-2853
2749
6566
3454
6628
7162
9962
9196
7656
8215
7291
5374
8274
7005
5841
8568
6287
4707
5016
4374
4430
3818
558
1879
446
335
971
1437
1800
-519
-1626
-2990
-4779
-4742
-4022
-5504
-7424
-10594
-11168
-10268
-12922
-16275
-17940
-17387
-13184
-14400
-17240
-15399
-11830
-12089
-12560
-3868
-1006
-1539
-1593
4722
8485
7448
9994
9571
9425
11219
14072
13832
15188
13831
15622
14606
13727
17062
14381
13953
10943
10671
9877
10388
8262
4889
3136
6239
4033
2852
5601
-2309
-2615
-3567
-3400
-3526
-8648
-7809
-6835
-10499
-13927
-13614
-11909
-15220
-18892
-19680
-18632
-19270
-19703
-18669
-18627
-15925
-4699
-6107
-15946
-1486
3171
-1584
1092
194
2833
3553
6615
7127
8252
9684
11223
11026
10820
10437
9348
11644
12565
14867
14741
14941
13753
12755
12145
11645
10834
9194
7036
5273
3812
2041
-813
-3870
-5366
-5585
-6664
-8814
-9576
-9826
-13146
-12772
-13772
-16863
-15563
-15187
-15631
-16602
-18411
-18425
-18127
-19457
-15631
-13970
-11149
-13112
-11180
-3310
581
1800
2695
9015
8339
11698
11200
11512
13412
13479
15492
14739
15486
14693
13263
12542
12808
13871
13104
10901
9630
6029
5485
4151
4137
2442
1827
2072
-1285
-2430
-889
-3645
-3914
-3732
-4181
-4857
-8099
-9056
-10183
-9856
-13013
-13509
-17463
-14952
-16916
-16456
-10325
-11598
-15611
-15427
-3824
-1785
3943
-2119
-5838
2739
4367
7830
7031
9491
11555
13383
13311
11396
15055
18538
19769
18107
16957
13800
14511
14239
11257
10218
11058
9471
7431
7914
3708
1539
1705
621
-602
-5729
-6301
-5712
-2987
-3342
-8588
-8354
-9829
-13671
-14846
-15709
-15340
-15911
-16701
-16308
-14964
-11933
-10656
-8146
-8359
-11240
-5630
-1698
-3537
-5763
497
-577
-4002
4210
1815
5410
8186
7830
7857
7697
10154
10752
12146
11211
10982
10818
9700
9590
10240
12420
9691
5510
6090
4778
3635
2419
994
149
710
-2281
-4193
-8515
-11407
-9086
-5689
-6894
-5943
-8955
-12197
-10103
-12546
-11272
-7213
-4954
-9832
-4141
1125
-3763
-3807
-2115
-1061
-5381
-4693
-1586
-701
290
5692
1146
-5498
5491
10450
10026
10947
9076
9173
10106
11926
12920
12125
13129
11515
11799
8184
6243
7407
5428
7067
5707
4662
2837
898
1290
2001
1859
758
-4445
-3268
-5002
-4640
-1261
-3850
-3966
-5567
-5524
-5751
-2756
-3538
-4439
-3584
-1468
-941
-4769
-2841
-1075
67
-1435
967
-1060
-2722
-619
-780
-2219
356
2814
-5200
2300
6800
3709
7023
6234
3224
3945
5015
3406
5418
5417
4982
4697
4368
-2375
-2171
2646
112
-472
3044
2366
-1200
477
936
2609
1147
-948
-2819
-1649
-1056
-4961
-4253
-3575
-1420
-905
-3171
-2529
-1841
-5837
-3897
-1836
-3066
-2457
-2325
-1617
-4730
-5182
-5091
-5234
-8240
-10264
-9061
-7741
-5321
-4857
-12184
-11311
867
-1144
3889
2021
784
882
-690
2085
2635
3453
4569
7249
2921
4488
4200
2075
3991
4509
1711
2734
4408
3133
935
992
1621
1634
3261
-2038
-975
-1651
-1247
1233
239
-591
1277
2575
231
3266
4469
2647
1158
996
4553
-811
-3834
-5285
-4354
-3820
-5605
-5648
-10040
-6379
-7915
-5155
-11631
-11936
1581
-1878
1946
3444
2866
6113
7127
7107
8377
9181
7869
8540
10438
10856
9132
10098
8995
8957
6944
6061
4680
2780
1121
-671
-1380
-917
485
-471
-832
-873
1511
3084
-1066
-1467
3179
5462
1841
1315
6193
4983
964
-1290
1216
631
-3100
-4544
-5335
-9724
-12112
-9709
-12363
-10648
-8182
-5756
-10402
-14235
-5368
-3762
-3023
-2839
-2721
-1120
2541
5356
4824
4922
4769
6522
7304
5664
3342
4002
3802
1605
867
185
1821
379
-2280
-1145
-3660
-2677
-1344
-4878
-2482
-568
-4519
-7105
240
-615
-3166
-2681
-3116
-512
-4069
-5063
-6790
-7821
-8172
-8204
-5276
-5429
-6419
-6618
-8392
-6515
-6057
-6420
-9088
-5725
-6220
-8373
1375
584
5142
7526
4663
8468
10404
10618
12259
12746
10967
12045
10727
10288
8162
6234
5604
4338
3304
3575
1164
1141
3111
1039
490
4897
4003
307
4585
7441
5750
3681
3080
138
732
1523
184
2224
807
1580
-435
-2088
-1777
-1060
-1898
-5062
-3825
-3650
-5909
-6586
-5495
-4326
-2921
638
-5637
-7672
1274
3400
4922
5381
1301
3565
5779
6871
7421
5785
5656
5411
4989
3326
3451
2720
2646
1535
27
507
1092
516
-2474
-701
464
-2965
-452
3472
-1488
3
-1625
-242
3696
4252
4223
789
-1752
-2756
-2980
417
2882
-2488
-4605
-3315
-2774
-376
-1032
-3780
-5868
-3376
-3046
-4158
-4372
-240
-2971
-9602
-972
2262
2636
2231
-126
539
853
990
511
-208
-315
718
-1419
-432
-1969
56
-334
316
-487
-1095
2940
-2109
-1249
614
2866
1504
-773
2942
2270
2119
1384
112
1681
4201
3989
4288
2190
-2075
2541
694
-3100
-5256
-4590
-2684
-5190
-7413
-8022
-7401
-10603
-11528
-12940
-12784
-9100
-7145
-8490
-15608
-8756
-2583
-3672
936
-1094
-729
32
439
1983
-716
-263
404
-1873
-3587
-869
953
-1423
2502
5018
1678
4461
9621
10341
6914
6868
10802
10896
11305
10456
8682
9853
9263
10158
8762
8655
7240
5918
5116
4056
4344
2865
-1212
-440
-1204
-2356
-4851
-5027
-6092
-9363
-8918
-10525
-9499
-9296
-6072
-10810
-14256
-4429
-7045
-4783
-2307
-4338
-4043
-4864
-3166
-3772
-5354
-3623
-3685
-2988
-2630
1361
5972
31
2682
7389
9942
8288
7379
11377
9842
9783
9836
9697
6158
5279
4237
7235
9817
8147
6301
7639
9503
3349
1265
2769
4013
841
-2020
-1402
-1771
-7763
-9052
-9507
-9083
-9285
-10306
-11463
-13271
-8491
-8879
-13191
-14986
-4666
-4903
-4578
-1952
-3461
-3158
-699
2461
4604
1532
4696
7549
4987
10134
5502
9628
13627
12645
11073
8884
10290
8451
9062
7636
6382
6624
6236
6278
3725
2218
3696
2816
2285
1208
811
-1282
-3450
-4529
-5223
-7358
-7734
-8731
-8023
-6695
-10935
-13470
-17207
-18100
-14416
-11482
-15410
-16510
-14285
-12514
-11516
-15801
-9237
-7007
-6605
364
-653
-1099
921
4230
7506
11970
11851
7812
13894
15364
12715
14815
16067
15204
15478
15179
15920
15260
13438
12047
12561
12519
10799
9942
9330
7922
6748
6462
3894
4390
2098
2739
-778
-2615
-1830
-5281
-9246
-7482
-4349
-6145
-12338
-15805
-10196
-11481
-14290
-13848
-13948
-14287
-8409
-2220
-12350
-14864
-2334
-2819
253
593
369
2133
5355
9779
8212
7762
9133
13883
15720
12122
9268
14078
13826
9193
8829
9898
7956
9052
9180
4664
4850
4486
4321
1651
1969
-1814
-2103
-3916
-4838
-5281
-5051
-3923
-6244
-6002
-8109
-10670
-7525
-9170
-6970
-7377
-15827
-12358
-11325
-13054
-12565
-14447
-15921
-16319
-14873
-13181
-18021
-12128
-8792
-9146
-5094
-2323
1673
-1824
1722
6912
8212
6341
8045
9795
8593
8522
9646
14103
11516
6620
7495
9389
10173
9048
8088
5073
3294
2322
88
5077
6347
5427
4087
2405
2176
1970
2214
5250
-1695
-6529
913
934
-2783
-3562
-1715
-4367
-8308
-10044
-10324
-11836
-14778
-13556
-16967
-17100
-13115
-12777
-16455
-12135
-5241
-3723
693
-3087
-3299
4866
7568
7217
5667
6723
10297
9405
9051
9299
6159
10761
8345
5567
5774
5717
8101
6283
11681
6040
6024
6764
7342
7658
3552
4385
463
5690
3467
3665
4750
-567
-2697
-2741
1447
200
-1743
-4341
-5923
-5650
-8360
-9489
-10681
-11678
-16615
-17099
-16364
-14543
-9423
-10565
-17445
-7867
-6607
-4418
6786
5360
5936
2667
7636
9194
6047
11317
11463
6342
8434
8597
3344
8883
5509
8429
8074
6148
10208
10541
9109
-274
4887
7195
7931
5996
4219
2353
4891
6442
4811
3660
-966
1280
-6704
-419
681
-5930
-12227
-13339
-11500
-15586
-17250
-18194
-18175
-20626
-18206
-19695
-18764
-15027
-11078
-14147
-23195
-5229
-85
-362
1489
-4889
1497
5134
8289
7212
8759
8349
8672
13134
13125
12928
6917
14402
9817
8026
13798
14408
14445
13713
13225
9935
10708
10266
10111
7820
6762
6500
4508
3461
2331
1685
586
-1942
-3075
-4309
-5993
-6669
-10374
-10522
-10484
-11073
-13634
-14659
-17043
-19345
-18822
-12733
-10840
-11753
-8156
-12142
-8417
-4569
1180
1931
196
1867
4349
5947
8954
10007
14955
11721
7940
13581
12554
11523
5394
12806
10120
8102
8745
6705
6867
5825
6396
4004
3661
2144
145
61
-1813
-2783
-4050
-4080
-6572
-8719
-8173
-12549
-14626
-9377
-10333
-16208
-19943
-17699
-18566
-21103
-21741
-21837
-20845
-17603
-18009
-17159
-14214
-7760
-5968
-13813
-9212
1307
1255
5547
7148
2631
11448
14629
12746
14710
15968
16411
16274
17700
15748
19419
11353
11770
14587
10765
14292
10676
11656
9557
7493
7605
6004
5441
3428
318
193
-836
-2560
-3109
-5289
-4795
-6086
-9722
-8605
-10733
-14397
-9870
-12211
-10836
-8950
-10986
-6236
-8480
-9417
-3710
-2581
-2774
-3044
1172
-55
-3790
6677
8727
9331
13131
13593
14106
15010
16295
17240
18539
18235
18151
16847
17170
16161
16887
8306
6265
9948
6251
5325
3503
3665
2849
909
-2916
-2521
-2901
-2992
-3066
-5862
-7394
-12734
-14929
-15073
-12941
-11144
-15324
-15129
-10230
-10789
-12153
-10957
-7031
-4744
-8039
-10049
-5964
-2538
-4824
-5618
-2623
-4745
-252
795
-7991
-662
5260
6840
8256
5792
6888
8752
10537
11341
10575
11351
10908
9354
8428
6138
9875
2782
-4866
677
-2248
613
3584
1905
-355
-876
-5998
-6387
-5894
-8879
-8641
-9196
-10306
-12284
-12574
-10682
-10730
-11148
-11630
-7938
-6860
-9274
-2180
-5943
-7526
-1579
-990
-2938
-1403
-1291
-3989
-4904
-4791
-6607
-2906
-3827
-7066
1504
120
2799
6424
4668
5012
7486
7913
6699
9636
8759
7669
5064
4822
2468
5607
3738
-4811
-2842
-74
-318
-1298
-256
-1007
-2073
-2091
-1123
-115
-3390
-3590
-1318
-438
-3049
-6763
-2589
-1695
-4638
-4754
-3307
-1894
-1014
-4910
-2551
3408
1166
-3783
-3120
2928
-2051
-3134
-1299
-532
-144
5818
752
-3977
3332
3992
5805
6803
2429
4907
5662
5431
7900
8182
6442
3481
4037
6345
7059
5571
7405
1953
2228
5711
5676
5861
4362
3885
4818
5467
-477
-640
-1414
445
926
-3725
-2416
-2767
-4825
-1945
2470
-2459
-348
4312
4392
2835
1617
3527
1549
-1060
-3511
-5383
-6197
-6659
-4538
-6788
-10410
-9417
-8564
-6131
-1421
-2256
-2705
-1443
-4207
-939
374
-1235
195
678
772
1939
2121
1706
1662
2819
6075
-2027
7
643
-24
2860
-371
-60
-1516
-462
-3126
-1905
-2923
-4296
-4775
-3504
-1870
-3032
-568
-302
-2998
-3433
2638
4427
-778
-4471
-1100
1720
-267
-6018
-8261
-4282
-4732
-6273
-8294
-7754
-9093
-5456
-8975
-10198
-1649
-1147
1813
-390
-2164
135
2204
4520
7802
6096
8242
8686
1870
4389
8908
10692
12452
6214
-486
4662
7849
5620
2386
3468
1195
-157
2990
1315
1172
-1064
205
3246
-971
1033
6020
5582
3981
3685
4041
2838
1883
1365
-97
-1588
-188
-4872
-5810
-6000
-8294
-6769
-5526
-6646
-8387
-5965
-11152
-8111
-2702
-2855
780
743
609
802
2786
6094
5960
6914
8325
7710
6026
5636
9215
9858
8742
4654
-1253
3170
7034
4247
703
302
2559
1513
1892
858
1435
4074
3169
199
1191
5757
4376
2083
682
-1310
-1876
-538
-3963
-5093
-725
-207
-2466
-5680
-4018
-3398
-7605
-9910
-8241
-8284
-3570
1772
-10802
-10771
-2254
-3907
272
1550
214
4737
2558
3436
6532
5234
8369
7059
6095
9910
9496
5447
3742
575
-5569
-1818
-1156
-1636
206
69
-1981
-4559
408
-2201
-2656
5728
5819
2612
217
-1485
1
-3283
-1582
2243
1784
-108
-4083
-5270
-5384
-6561
-6433
-6027
-3826
-10329
-10566
-7512
-10455
-8588
-8554
-8430
-12237
-10448
-2049
-878
-1758
-688
712
4819
5061
2987
4759
3827
3324
2897
2190
1611
582
-1529
-1376
-1450
-8596
-6009
-3598
-5826
-5715
-5079
-4635
-7395
-2675
-652
1299
1268
-1447
3342
3043
2016
1784
4136
1275
-5
-986
468
-4327
-5520
1603
-1135
-2528
-6164
-3706
-2492
-6519
-8982
-7737
-5833
-1552
87
-7632
-1899
3167
2538
5242
4815
5726
6376
6703
7727
8398
6415
7580
5906
5191
5051
2653
3659
1824
2696
-3317
-261
5821
5965
4088
2823
9082
8544
8407
8479
9951
9621
8875
9034
9241
4949
4307
8960
6392
5642
3501
4316
1734
2847
2466
-83
573
-2100
-3061
-2702
-3591
-6362
-5405
-6216
-4636
-3651
-8860
-3445
-113
186
1672
2213
850
814
623
801
2431
1892
-1188
-4352
1144
-1093
-2414
-1104
-1223
953
-3122
759
1046
404
4019
6138
5449
5523
1916
3050
6247
3239
3501
2456
2686
1732
2516
1613
-1573
-1557
-1122
-486
-4003
-7039
-3930
-5049
-9201
-10706
-8995
-9002
-12682
-12975
-11954
-13598
-8769
-10655
-17621
-12403
-7422
-7677
-7135
-8463
-8119
-3827
-2531
-767
-757
-2437
-1020
-2369
274
1006
-1494
4700
6104
2695
-248
3125
7305
7291
5691
6977
9884
10756
12570
9102
6681
9191
4907
3583
5925
5016
2005
2531
375
-1395
-2987
-2734
-4553
-6595
-2550
-4184
-7849
-11614
-12161
-14046
-16493
-15606
-17304
-16964
-14762
-17991
-14675
-6862
-7618
-6516
-4619
-4659
-3537
-197
-771
-1895
1274
3082
6220
8009
4574
7048
8818
5639
10451
9093
8992
9592
10536
10483
8109
10660
7100
8884
10498
8194
6457
5779
8613
5554
5449
5336
4766
2331
-571
160
3426
-283
-4254
-3124
-3837
-5151
-10915
-9981
-5810
-9187
-9682
-10359
-10676
-4920
-3612
-11303
-9175
-2381
-3139
1695
698
1022
1813
634
5066
6063
5696
4576
9655
11498
10056
8083
12640
13284
12798
9058
10291
14049
10675
13468
8374
7574
9085
10895
9350
5308
2715
3942
3030
-254
-1295
-982
-1237
-2824
-3829
-8886
-9821
-9597
-8404
-9423
-11404
-12070
-13654
-13414
-15856
-14463
-13242
-14387
-10918
-10007
-8999
-17393
-13313
-5773
-5439
-4623
-5721
-2894
-2894
2975
714
-1511
2948
4339
3880
7761
10284
9632
9415
9755
10026
5478
6658
5748
6926
9294
10322
10571
8028
9161
7344
6697
9029
3641
156
2653
1315
2642
2673
-626
304
1373
1278
-3410
-5397
-4408
-5751
-7734
-6999
-3945
-9588
-11861
-8415
-7736
-9679
-7161
-10033
-15062
-7132
-4460
-3872
-3680
-3955
-3889
-38
4091
4076
5014
6086
11744
10015
10537
11135
8255
11473
12769
7068
4037
7589
5003
5348
7250
2181
3440
6827
5884
5042
1993
3960
2039
-560
-876
-1188
802
-1812
-1146
-642
-2834
-3138
-6278
-5591
-1898
-4685
-5708
-5569
-7257
-7785
-7696
-9408
-11877
-10968
-8143
-14948
-15790
-8968
-7570
-5118
-4319
61
3245
2126
745
7155
8506
7734
9032
7583
8529
11423
9494
8353
6756
316
6680
9961
9196
7053
6916
8141
7397
10185
8768
8833
7642
9636
9204
7986
5855
473
5390
3089
842
3329
1319
-1687
-4588
-2957
-3551
-7923
-9970
-8849
-10061
-11029
-12633
-14192
-13812
-11094
-11276
-17261
-9580
-5984
-4866
-2249
-3140
-482
3861
8164
6256
6401
9291
9507
7356
8526
5998
8137
10210
11234
7300
3370
9353
5834
6013
4853
7065
6290
7166
3892
-920
3351
1291
1751
1333
-388
-1902
-1360
-2241
-3912
-5539
-7168
-9193
-9997
-11283
-12109
-13289
-15435
-17867
-19750
-20296
-19543
-21760
-22379
-19566
-16238
-17709
-16875
-8235
-5649
-2854
-92
1069
4295
4203
4068
7840
6528
6678
8470
10546
9923
10246
10581
12171
10282
5605
12272
7933
5230
8014
7706
6616
4796
7103
6944
7779
5115
4284
4894
3024
-275
-2271
706
-2108
-6762
-7213
-7950
-9474
-11185
-12242
-15115
-18112
-17887
-19285
-20831
-23537
-17796
-21670
-22853
-10458
-13891
-13767
-11125
-1071
2299
-894
4225
3857
5907
9170
14684
14075
13165
16064
18651
14752
15945
16685
16565
18435
12829
9347
14319
15243
14508
12609
11038
10942
9660
10236
7947
7385
4485
3536
281
-2346
-1748
-4663
-2075
-4648
-5974
-7399
-8486
-8674
-10763
-11593
-13633
-15713
-14916
-20742
-18556
-12053
-15826
-13766
-8240
-6180
-10044
-8262
1023
3871
5984
9270
10103
11686
14119
11745
14977
19024
19151
18059
19235
19396
18387
19304
16734
18555
7088
5214
11043
9800
9529
7049
7889
6254
2458
-654
-2695
-3538
-5149
-6058
-8251
-8421
-9578
-10663
-11094
-15815
-15355
-13099
-19342
-18873
-17080
-16929
-18388
-20494
-18169
-17726
-15425
-9997
-10215
-10341
-4682
32
-6423
-6537
-2698
3665
11114
5647
5844
8526
9470
12781
15126
14198
15831
12609
14447
14178
12964
13089
12384
10933
4244
7524
7464
8122
7189
4676
4395
796
-473
-552
-992
-1091
-4112
-7085
-9324
-13554
-10716
-11414
-11221
-11092
-12249
-11838
-12422
-14199
-14755
-12337
-11714
-11739
-10101
-6293
-13431
-15724
-6813
1197
1588
2767
-7613
4931
2852
3439
11865
6943
9143
9329
10827
11675
13088
17131
17498
16950
16436
10001
10381
6714
8265
1772
-3174
1140
5845
-394
4021
-4382
-4062
1495
-1221
-985
-8016
-8044
-2274
-3802
-10211
-9239
-8371
-8590
-12403
-11690
-8368
-10070
-6329
-7617
-9237
-1096
-3769
-10160
-9292
-5245
-6075
-1733
-6481
-2337
2770
-4191
-4586
2240
5561
9327
8575
6853
8433
12580
13607
13409
14150
13956
14241
14030
12706
12545
9822
9063
6625
747
-1798
-2121
159
968
273
-1746
45
373
1425
-1843
-2016
-418
-1437
-1366
-1334
-556
-4362
-6098
-1627
-3798
-4230
-4808
-7631
-3963
7
-4998
-5750
97
-38
-544
-2110
-1205
-228
3286
1099
-1812
5392
6428
7753
9825
9268
8190
9968
9726
11406
12287
10862
10521
8845
8241
6295
8844
7103
8653
2697
898
6564
2565
4285
3322
3286
4358
4154
4464
4764
-1551
-1132
1276
-392
363
-3984
-1750
-5038
-7561
-6337
-3335
-1811
-3975
-6838
-2527
2296
-4746
-3748
1273
-313
-2588
-2527
-2020
1316
3219
-6474
-7475
-458
-181
681
6120
5629
-486
1644
2848
4556
10273
9367
10405
10007
9309
8131
8772
8274
10006
2946
3245
7783
9358
6092
3166
7624
5282
6340
4838
-2446
1390
-4267
983
-6314
-4228
271
-192
-5463
-6424
-8147
-1251
-6645
-7189
-2690
1322
-884
-7605
-4653
-7902
-6681
-2761
-4718
-3457
-8935
-6630
-12154
-8525
640
-4655
-132
2787
3777
4951
7780
9660
10375
10653
10651
10703
12327
12872
12763
3929
7844
6593
-201
8987
6168
5995
6001
4600
2405
4638
1993
3909
2315
837
1403
665
-2467
-1904
-1044
3264
-3014
-4775
67
-878
-490
-710
2573
-487
-7346
-6574
-2269
-7173
-6825
-7277
-7631
-2114
-150
-6458
-9698
-1586
-871
-53
5765
357
-146
4685
9904
10191
5677
10040
13774
14330
15593
11639
13478
12007
12881
5790
4787
8587
8086
3286
730
2360
277
1430
793
-1394
-2080
-294
-1310
-4448
-5265
-2785
-3576
-4686
-2340
1364
-5434
-2019
-3534
-6430
-9282
-5111
-8459
-4925
-3343
-11291
-8241
-9444
-4897
-7588
-6951
-11806
-3200
1828
-146
-1058
1576
5995
6607
5509
8139
9379
8431
11606
10967
10459
10485
10420
8373
9324
7795
1451
6756
7441
4166
4813
2496
1490
538
-933
-395
-431
-1890
543
995
-828
-4347
-237
3436
150
-452
492
-1924
-6388
-6258
-3984
-3884
-7345
-7351
-6011
-6289
-7379
-7089
-7484
-10774
1777
-5254
-10333
-1365
-2854
-120
5505
2049
3486
3532
5609
8121
8763
8717
11584
11102
11172
8282
7348
6664
8102
5210
-4027
603
808
2215
-2058
-4825
-4943
-5235
-3802
-4435
-5279
-3628
-1468
-3296
171
3589
4655
375
2235
2979
1648
2666
1259
2781
4054
809
-3190
119
166
-2390
-2137
-1437
-2001
-2169
-510
-3827
-1760
3509
4432
4649
5691
7076
6621
6545
9004
8427
8129
6079
5243
6161
4767
3893
4521
2409
5413
-1155
-7822
-3173
-4354
-5547
-3678
-722
-3979
-3005
-1636
-2958
-4448
1762
4773
-24
486
-36
2067
4588
-136
-2530
6021
4470
2927
3978
-2209
-5481
-7788
-7357
-5036
-8287
-2361
-3483
-8061
-3997
2066
-10727
-10689
3375
3950
6945
4110
4165
6729
7884
8133
7895
8756
8293
9359
6511
5758
3308
1417
4680
-1891
-6985
-6139
-3980
-3679
1633
-4017
-1907
2819
5487
-1420
115
7888
849
-1319
5549
9171
3307
3375
3106
4864
2543
2411
1169
-383
863
2376
1396
-2564
-6594
-6451
-5786
-6545
-6264
-9574
-3849
-10355
-10687
-2647
-1286
-5158
-1401
1296
925
-395
5093
-318
405
4498
5255
4224
5938
3482
4008
3445
5664
2356
-1826
4451
4681
5489
10562
4358
1742
11330
11521
7798
9588
8493
9379
7861
8254
6986
7941
7752
3648
4009
7847
5800
635
3051
4398
-64
-3045
-3350
-4000
-5461
-5577
-8140
-7870
-4888
-1889
-11122
-15665
-4483
-6166
-800
1163
-1327
2651
1427
830
1613
4172
3183
4144
3353
1964
3481
6033
6780
684
-747
-2079
375
4473
7097
3167
2001
7589
9061
10419
7898
7199
5849
6508
5699
3152
6253
7168
3297
2091
2232
563
1117
686
-480
-3046
-8250
-10727
-7004
-8644
-9702
-11521
-11444
-13529
-10360
-8523
-12671
-11452
-4371
-6997
-1316
110
716
698
5784
7066
935
2896
-1372
5418
7663
6708
1100
9033
7145
8035
3469
-1079
7578
11388
9272
7557
3871
5948
9039
6190
5634
9228
5790
4599
7184
2421
271
178
-979
375
947
-781
-4661
-6562
-7985
-2515
-8659
-13806
-10536
-11458
-13875
-15005
-14323
-12716
-3611
-10516
-11294
-7899
-919
-82
1493
-6916
-1314
3101
4006
7107
3262
5787
6838
7117
7061
5399
3910
5341
5159
5837
-3076
741
6584
6393
6864
6582
7991
7401
7036
4537
7013
4996
4530
4414
3464
4309
4298
1709
256
-343
-845
819
591
-1171
-2277
-3032
-4454
-6748
-7048
-6474
-6620
-7383
-7254
-8595
-10169
-8958
-7841
-3371
-1557
-2204
-1155
-711
1204
3022
3049
4560
3474
5566
6787
4770
11366
10304
6102
6135
11192
13601
2906
7243
10855
5707
6166
5228
3988
3374
3067
7676
4908
6234
6490
4077
6869
4296
5501
4188
310
-3132
-3047
863
-2035
-3864
618
-5703
-12259
-13341
-5036
-9266
-13476
-9953
-9265
-9131
-5973
-12855
-12290
-2422
-8330
909
-1808
-3159
1406
1636
3276
-2986
4579
-98
4676
7337
7618
4825
6308
9508
10993
8523
4083
8167
6375
6353
9501
7090
3899
6816
6333
7362
9404
5288
3240
2112
2469
6752
6588
6095
5362
-60
-1242
2565
1507
109
-1370
-2652
-5412
-5453
-6426
-8544
-8299
-14284
-16236
-10475
-11754
-15392
-12451
-11240
-9722
-7794
-6318
-3349
-3027
-1082
2766
5334
4500
6019
8254
12239
10924
6826
10141
10260
11766
2502
2817
8426
7980
12289
9839
11167
7500
9096
10937
7416
4599
6904
3117
138
2398
6546
7753
3780
-1958
3991
2075
-987
-1700
-6014
-8577
-6719
-7203
-9328
-10330
-17363
-16269
-16017
-11906
-7216
-14273
-15752
-10824
-8686
-8018
-7632
-7880
-5854
-2695
1157
4567
2398
2871
10829
13957
12748
14024
15915
14631
13753
16494
8305
11079
14116
13815
16225
15261
13428
6821
10170
8283
9266
8060
4909
4441
4119
3068
1613
341
-2644
-1446
-2620
-3588
-5979
-7505
-8185
-8871
-9908
-13858
-13970
-14391
-15808
-17171
-17716
-17372
-17435
-19131
-17276
-10440
-10460
-5493
-7362
-3253
-1255
-970
4199
6759
10713
11988
16024
15980
11778
12133
18924
13702
19263
12061
3077
18672
9571
11535
10695
8669
9705
10206
9740
9599
4996
4602
4217
35
4346
-3940
-2530
-525
-6249
-3851
-6224
-11130
-10114
-8287
-9833
-14343
-14403
-11472
-16807
-18996
-19656
-19568
-15527
-13926
-15367
-16337
-8704
-5880
-2429
1040
-1661
1054
2319
8976
12080
9036
17373
21563
17460
11626
15405
12779
14752
13925
14403
5848
11642
12106
8392
13334
12322
10888
11797
9040
5931
4734
5220
3183
1411
1658
426
-1311
-2195
-3277
-4561
-5569
-8276
-9515
-8624
-14946
-14795
-14366
-17801
-14907
-16481
-14977
-16236
-13644
-13694
-8690
-10309
-11448
4759
1354
1285
3934
11469
9179
8268
14590
12407
16417
14368
17053
12665
13069
14736
20872
18846
18611
16011
3400
8215
11749
9248
8923
6660
5410
3092
777
1731
98
-462
-1998
-5943
-4918
-8991
-7560
-11359
-14247
-7343
-14557
-13450
-14821
-12677
-12566
-17155
-18836
-13869
-15851
-18320
-18349
-17811
-15571
-9178
-8349
-16273
-7161
3147
4811
6564
6096
7380
8750
17010
18578
17919
14880
15628
14635
13138
16795
16485
17308
15816
15478
11415
2850
7984
7218
7315
6072
3762
4946
3484
1563
638
-2153
-1076
-2331
-3408
-2904
-4032
-3179
-4923
-5435
-6618
-5704
-6643
-7552
-8367
-8161
-8252
-7748
-8570
-15375
-8596
-6969
-9123
-4677
-2115
-9247
-3973
8527
7986
6785
11556
12939
13781
14831
13142
12914
12620
13134
17879
16092
16187
16120
14281
14062
12138
13024
-747
-3931
6493
4310
4765
1141
-3219
-3613
635
-4182
-2975
-4905
-6729
-6701
-6161
-6259
-3387
-1028
-5168
-5791
-3778
-5557
-12281
-10217
-5154
-8995
-11338
-8617
-7764
-7042
-9456
-7818
-4457
-2290
2358
-7509
-4494
21
7883
11582
10608
10236
11540
12719
14419
14641
11057
7856
14329
12573
5228
7527
6584
5227
1902
5018
-2884
971
6927
1852
5465
1333
228
3427
4879
3309
1321
1705
-2950
2037
943
-3673
1347
-678
-126
-2444
-2721
-3472
-7783
-7083
-7226
-6238
-7460
-7857
-4431
-6999
-6624
-4511
-2737
-970
-736
-5430
1893
5134
5422
7919
6806
9204
10627
11546
10591
11550
10453
11808
10174
10401
12761
8979
11697
10557
10901
6972
2140
7224
7566
7189
7462
8283
8513
3117
1286
4460
2292
3596
3289
-436
375
-716
-1595
-6274
-7574
-7200
-9108
-6899
-6169
-4391
-12648
-9895
-7861
-2307
-6839
-8980
-6292
-4109
-2282
1781
-2603
-6917
1101
1776
5259
5464
4490
4970
9664
11096
10660
13102
11916
13462
13518
13963
13348
12179
12854
12285
15136
9863
430
8561
9461
5698
7031
3462
4029
2978
4680
1375
-582
-2283
-3562
-4965
-4239
-4148
-5694
-6743
-5832
-6603
-8243
-9677
-9764
-7705
-9351
-11782
-10695
-9327
-8398
-8689
-8238
-9317
-6385
-3413
-13464
-6432
-1638
-198
3360
1352
3421
5884
7990
8917
9410
8717
10021
12131
13277
5453
8370
11051
8843
14602
13396
780
3818
10245
7622
6879
2159
1846
3299
3361
1516
-2382
-1650
-3928
-4411
-6454
-6988
-7036
-11342
-11846
-10596
-9596
-12273
-13095
-9793
-9436
-17635
-11726
-3609
-6378
-8390
-7031
-4921
-6566
2382
-538
-5716
761
4359
5342
9831
10015
11648
12760
8612
13308
14814
16184
14555
15642
16362
15108
15109
13505
13029
13055
10762
391
4690
7225
6504
5590
993
2914
1401
167
-2786
-4963
-5408
-4278
-7104
-8148
-7832
-6386
-7818
-10022
-6904
-3929
-6301
-9668
-3626
-2238
-2977
-5110
-3507
-3297
-4218
-2887
-2543
-1058
1675
-304
-2449
2400
6038
7751
9360
10092
10291
11737
13879
14992
13539
12575
14620
16405
15610
15146
14136
11868
12495
12972
8397
2299
6644
6479
5550
2592
1879
1445
-128
-974
-6939
-3210
-5915
-12961
-10006
-6674
-5036
-6778
-14217
-1684
-2684
-6356
-4722
830
-3430
-1527
-2939
563
2633
-4633
-12249
-614
-1545
3924
4121
-8883
-3709
6053
6867
8300
9718
10048
10796
12183
13856
13882
14930
15373
14728
13734
12511
11651
10404
11715
10339
9857
2082
-62
3290
3024
-2882
-2335
-395
-6993
-6236
-6190
-4639
-8248
-6705
-5260
-5304
-4351
518
-3123
-7329
-199
277
140
-9791
-5944
-1948
-5288
-4897
-5735
-7814
-948
-380
-2294
-2435
1462
-5511
-9355
-464
-181
1525
5337
3019
8201
7771
10368
11824
12237
10667
10194
10265
10898
9516
4171
8270
8260
5491
5998
-2002
343
3981
1281
477
-2928
-2199
-1853
-1450
-837
-1512
270
-2769
547
2766
-2710
-221
-343
3013
6151
2048
607
2816
4667
2106
-535
-1591
413
1557
-1539
-2854
-1717
-1163
5189
-2220
-7543
2067
5029
7788
3338
3290
4241
5250
9562
8683
8375
8959
3599
4488
8205
6554
6121
8591
895
9349
2613
-5967
3616
660
-1822
-4105
-835
2354
253
-5083
-3385
-2740
2714
2776
-3997
1281
2912
4179
-1123
3468
-690
-1358
-2911
-1150
-1551
-66
375
-5501
-8072
-7195
-5672
-6336
-7505
-7467
-6108
-12922
-2966
2502
690
3658
4283
2183
700
567
6853
4714
1975
10101
4777
9092
10271
9815
3140
5997
6703
8055
816
-2184
-3497
-685
-572
-2926
-2920
306
-3386
-3309
913
1895
-2913
-513
6878
1868
1045
1221
-1507
1465
621
-2365
-5848
56
-1075
-7081
-7688
-7851
-8079
-7502
-7192
-9182
-8295
-4235
-12940
-9498
-1297
-133
1386
516
3919
5142
9432
9313
8439
9991
11638
12001
11736
13434
12287
4066
7352
7137
9188
4967
-3585
2927
2802
3787
-1162
-2634
-2052
4789
3226
-3837
4439
5514
4809
-455
451
432
146
226
828
2721
-1616
-1018
-3582
-4536
-4356
-5176
-9867
-10876
-8441
-9957
-4974
-6941
-9301
-7957
-9577
-2683
163
-398
1683
258
3550
3908
13222
10537
6468
12685
6656
11701
10361
10905
5181
7878
7638
5586
684
-8037
-2065
3370
1795
-3186
-5701
1913
1349
-3667
466
957
1577
4519
5094
-1693
372
1369
-5103
-5351
1239
-4105
-4773
-3482
-5939
-3608
-7827
-5686
-2548
-4920
-8862
-10026
-8119
-2880
3292
-3846
-4313
5241
3410
-72
6082
5778
6232
10090
10413
10647
11248
11630
9757
8560
6218
2817
1270
2376
-168
1865
1290
-6540
-2451
-2548
4305
4926
1006
4555
7275
6189
4853
3485
5287
3749
2230
7405
3139
4253
4218
3491
392
-1643
805
-262
369
-1907
-3322
-5502
-5188
-4865
-2040
-7495
-11013
-3484
-5965
-7901
-3686
-2273
-480
1258
2660
4854
6643
7609
9569
8355
8011
7954
5743
5741
4441
1295
-1219
-343
-2303
-2806
-5485
-5565
-1355
326
-3872
-5062
4934
-557
1201
3009
4655
4287
5643
3890
2972
2802
2681
3542
5804
6338
5385
2382
1689
5713
-3209
-7625
-2438
-767
-2126
-7875
-5666
-8296
-5545
-576
-11840
-5369
-5668
-5226
320
-1098
-4860
-68
3916
5921
5107
4726
6123
4190
4274
-2318
-3973
1453
3197
187
4541
2524
-1923
1659
5682
7617
9345
8671
7221
10879
9490
10549
9076
3326
4514
9786
4794
4344
10299
2532
3836
584
-962
336
-3851
1268
-6038
-1470
-2377
-3729
-9888
-10270
-10298
-11746
-3586
-13579
-16406
-6921
-3466
-3802
-3012
-2812
-4161
-5147
1978
-4312
-772
-3547
-1646
-344
-6387
-2726
3202
-4522
-2342
3758
5116
-2151
1595
4879
6348
7671
10397
13247
13501
13761
13866
13923
8110
9686
12031
9589
12725
8820
5923
7640
7866
1071
-3539
3422
2633
-1577
-6309
-5236
-2994
-8474
-8869
-9460
-9855
-5994
-7823
-14492
-11796
-6154
-5831
-7195
-5744
-8430
-4682
-3590
-1590
74
-3566
626
251
788
1265
3702
6533
11393
4936
8236
6619
4047
9558
7993
18381
8213
13451
14395
13462
14735
7068
7237
6108
6789
3418
9663
1703
2061
484
-1026
-1930
-2963
-4403
-3588
-4929
-7177
-8581
-8890
-9644
-10408
-11718
-11675
-10992
-8528
-14238
-12232
-7675
-6647
-3361
-7330
-3833
-2712
-747
1369
3234
4132
5019
7739
7975
7042
10868
14690
11481
9333
10847
16007
9629
13811
16951
15509
13979
13741
14885
13383
14551
11316
9974
6371
7515
6413
6281
6000
1402
687
-677
-669
-5918
-6527
-6807
-8773
-12220
-14618
-13806
-16171
-16254
-17592
-14229
-13825
-12623
-16289
-13230
-7180
-7134
-7302
-6841
-2223
-1074
185
-681
2325
1797
6852
3519
9826
15070
14255
13879
15934
19287
15938
17563
5636
6878
8228
9540
12651
9021
10504
10779
9590
6998
6879
5802
3638
3292
224
-1491
-3108
-5330
-7104
-6054
-10413
-5972
-7435
-16507
-11450
-16860
-13310
-12009
-15149
-16949
-10989
-8896
-8376
-13380
-17796
-11046
-5860
-2453
-1149
705
-3950
-4965
3260
4180
3881
10307
5623
8188
7929
12442
9473
15608
14108
18068
12084
7965
8595
8615
8812
13831
7645
7008
6079
6035
4721
1630
-483
3661
2754
-4335
-2846
-3415
-10042
-5164
-7670
-10019
-12145
-9301
-7157
-8236
-12454
-10950
-5603
-8635
-15339
-11729
-7325
-4793
511
-9872
-9706
1113
-509
1637
-883
-1868
3541
4728
4275
8934
15059
10687
11591
15598
17966
17128
15629
17336
14647
16842
9850
5869
10053
8381
8825
8001
7844
6812
5896
3380
-1481
-1630
1361
-2031
-946
660
-2024
-2954
-4167
-3932
-2890
-4191
-4321
-2193
-4879
-4255
-4113
-5054
-11167
-8455
-6926
-7942
-5597
-8415
-14022
-13461
-4012
-6123
-5680
-4229
-5082
4794
4353
7832
12648
12464
2849
14883
16822
8732
9127
13910
15931
13537
9717
6890
-1401
9019
8638
5215
6356
7355
-1304
600
708
-1037
-135
2327
807
-1471
-4541
4604
2228
-6049
-2595
-4121
-1857
-8040
-1764
1282
-3512
-5338
-8135
-7799
-12447
-7936
-8047
-7123
-6872
-8933
-15581
-8854
-5654
-2441
2591
308
3224
7884
5410
7721
13839
14166
11689
9307
9797
9683
10420
9032
7191
9925
11146
2576
3720
8263
6682
7566
4281
4733
2273
3038
2969
3405
4952
4695
3174
-489
-6734
1469
3508
-437
1333
-363
-2173
-3014
-1242
-3472
-4083
-6821
-7713
-9655
-10081
-10198
-10110
-8908
-9443
-14326
-11388
-6680
-6006
-2615
-2702
1511
3319
1637
4506
10847
5795
4217
7876
5796
9771
7959
8338
9544
7457
14942
7910
6139
4303
6736
12020
8730
9799
11826
8590
4099
9129
9098
6637
7951
-1808
5406
7372
2663
1836
2342
1060
-2682
-3600
-400
-3912
-7273
-6808
-13332
-9894
-17354
-18511
-16916
-12881
-7750
-15641
-15419
-7529
-9052
-1940
-1834
-4213
1070
4521
7487
8754
9185
11054
10999
13895
9356
10143
11755
9706
13361
15731
13243
6568
4870
8667
13846
8779
8380
10007
8030
10075
8542
6499
5318
6550
4113
4343
2385
2173
-1069
-2065
-3243
-5067
-6109
-9886
-8978
-10990
-13180
-11939
-15149
-15998
-16432
-20011
-19417
-12545
-14482
-18752
-12382
-7336
-4332
-2489
1866
6375
6551
6902
10943
11669
12042
12725
14967
16678
20210
13285
12004
18767
16016
18920
11000
10095
13353
14417
13603
9019
12495
10749
9183
8681
6324
5773
4476
4675
3507
2787
1490
-2403
-1222
-1761
-5992
-9191
-9132
-8563
-12088
-14582
-15798
-13449
-15656
-17400
-15291
-14303
-9452
-10360
-12126
-6920
-5368
-807
3896
2881
1628
4977
8259
16635
11769
9159
11954
10660
13627
17541
17193
12619
13401
10435
18534
9144
8487
14371
12623
6319
8583
9560
7814
7812
6425
3530
3252
2389
2241
-4363
-6719
-1446
-8661
-9629
-11423
-12417
-11773
-14510
-17150
-15128
-16480
-16822
-18253
-20616
-20167
-13336
-12646
-10425
-10204
-7450
-6532
-1470
481
-2497
1616
4485
7941
10988
11081
13227
12608
15538
16517
16411
15162
16514
13159
11004
14399
13732
8317
2961
6685
6143
5526
2979
3100
3316
4021
5163
2510
1034
272
-1531
-3580
-1833
-1787
-6975
-7671
-5940
-7360
-10186
-12949
-12709
-12995
-12700
-12407
-9770
-8965
-12084
-10993
-9607
-11331
-3886
-3588
-4731
-1081
-1181
1382
4895
7441
8392
8821
12161
12486
11460
12411
18325
13529
14081
10993
16090
15040
15050
12271
12537
5783
5378
9842
7571
5733
3408
4300
-6831
4009
2649
-7058
2957
-597
-1060
-1436
-1384
-8404
-4630
-5404
-5407
-6864
-12906
-12693
-12995
-16045
-21505
-13237
-14608
-15970
-8623
-11090
-10268
-5727
-2202
-4484
1078
4768
4045
9349
7537
9304
11233
11073
15517
17504
16703
15363
16151
15083
12846
12723
13447
13773
9026
10028
633
3980
9796
3724
6152
5356
3272
462
268
1169
531
-965
-2002
-1558
-3351
-1607
-3003
-4388
-6368
-9470
-9491
-14738
-11875
-10638
-8975
-11574
-14449
-7463
-9599
-16156
-12511
-4556
1647
2652
-4463
2872
1334
1495
7258
9412
6930
5447
8564
11099
14451
11643
10442
8877
11626
9655
10897
12069
8098
9489
12213
5160
1431
8909
5886
6394
4305
5516
5696
5861
7056
4061
4244
856
-1577
485
-563
-1197
-6122
-10699
-11021
-7823
-8103
-13775
-7685
-8972
-14101
-9623
-5287
-13072
-7996
-4216
-4693
-3315
-5727
-6374
-6428
1643
527
576
5010
5168
3284
9559
5879
13575
11749
9607
15157
13954
6006
9914
10429
14585
12977
11824
5906
991
4552
4777
4694
4837
-2797
4205
6604
6830
-1781
-2593
1501
-824
-386
-2729
-1883
-5528
-7397
-5716
-12265
-12987
-15594
-11167
-5907
-12129
-16172
-12144
-9972
-5049
-12866
-8334
-6093
-1876
-10112
-8422
514
-1275
4146
4056
4563
7181
7683
10693
12278
11891
14946
15181
14345
13698
12268
11181
11290
11076
13878
10578
2139
7876
8234
7747
9409
3946
7066
5710
4309
2578
-1508
-689
-2016
-4681
-6283
-5503
-7176
-7825
-7568
-9000
-8735
-8789
-7123
-7285
-9914
-11879
-7284
-6790
-8281
-11220
-11497
-9427
-5657
-6517
-10443
-2241
166
6398
3067
4254
5700
7429
9652
11100
11486
14262
15147
15003
8373
9094
11771
9054
9571
8408
8706
5336
505
3573
3001
4066
167
-513
2059
354
875
-642
-425
-4087
-3717
-5957
-4385
-6473
-9745
-6857
-7431
-7418
-7858
-4991
-7891
-4825
-4547
-6300
-2577
-4640
-5574
-5575
-1979
1635
5789
-2846
-789
10477
8068
10381
10306
12504
12880
8062
14166
16906
15922
17881
15683
14349
14572
13686
9423
8324
6094
7079
3199
826
6258
4412
4654
4679
1883
-3928
-569
-5814
-4036
-4149
-12321
-5579
-6816
-7638
-7685
-9705
-7260
-7789
-4106
-4522
-7044
-6349
-2375
-713
-3393
-3173
-1451
-189
-41
-363
2140
3207
-2681
-5333
-2336
3727
9055
12880
11603
11248
12374
14467
8486
9289
9816
14625
14399
12772
7144
7500
6900
6201
5067
4142
-5208
-4081
680
-2839
-3287
-3124
-2377
-4821
-5639
-9116
-10135
-12353
-10690
-6812
-6670
-2588
-6474
-5434
-3353
-3224
-4858
-3384
-187
-1683
-2154
1076
3040
3302
-5321
-7047
-1334
-1365
7413
811
-2845
6439
7902
10098
8568
8479
6728
8824
10953
11113
10617
12078
12540
9234
8501
6518
4239
4218
6005
5449
4970
-1366
-6333
-2034
-4717
-2664
-7137
-5345
-9554
-9548
-3546
-4613
-2976
-3230
-4565
-2870
-6278
-3734
-2091
-3211
-2219
-125
3676
-847
-3651
4005
2621
-1483
-2431
-2597
-4286
-1205
-1243
280
-1256
-6139
1587
2074
2694
4618
4938
5320
5801
5199
6548
7842
6139
8131
7780
8898
6803
6667
6289
4666
3042
1211
1730
-1454
2292
301
-1850
460
605
-325
-1134
235
-204
1351
533
-489
5180
7960
-2050
-1806
8043
6819
3653
820
1223
2496
-215
-1087
-2114
1929
-5286
-6939
-2766
-7560
-873
112
-8703
-6930
792
339
287
-1492
-3874
149
1521
3453
3373
2610
2797
3138
5196
4934
4595
5241
6567
5014
3345
919
-4184
-829
1907
-1611
-645
-1238
-1121
-1629
-2163
-6073
-3883
-1123
-2490
2207
-3751
2149
3087
3810
-365
3367
5458
4660
4115
-1913
-2416
-4304
-4974
-5508
-6119
-8176
-10361
-8251
-4769
-9203
-10817
-730
-2109
-1527
226
-2053
-1231
464
4588
4996
6879
5483
4900
8240
9469
8300
5907
7669
9109
11179
7995
1748
6810
5983
-1066
3105
3796
3322
5211
2927
-949
3085
8396
3176
3315
7225
8301
5269
3664
4078
5049
2087
1811
3897
-741
-5198
-6113
-2830
-4125
-6165
-8029
-7860
-8883
-3512
-5890
-11924
-2479
-5565
-4505
-851
774
1394
1309
5220
4838
6058
7498
7112
5999
6327
7242
8836
5365
901
3709
4478
2518
2627
6844
3719
3351
3899
3433
4152
3388
1576
-365
-36
-3149
4446
6797
6564
4646
5072
2081
1265
528
-1304
484
-6960
-3760
-9843
-7123
-8120
-13288
-11205
-6005
-9498
-12425
-10742
-11786
-989
3351
-344
-346
-39
7320
8878
10679
10160
13510
11678
3589
14053
14037
12899
14070
9342
10705
11293
8773
4226
-2025
960
2364
-154
632
-98
-8
5681
1220
-545
3108
2381
1809
570
2241
955
-3756
-72
1263
-2785
-5665
-8150
-2980
-5299
-6658
-8353
-8463
-9211
-10053
-8923
-7895
-6644
-5037
-9850
-3516
4054
4007
10937
767
1844
9041
8856
11966
12008
12699
13296
13068
12951
12833
11110
9969
8606
6334
3199
5483
-2613
93
3314
1004
3900
912
4318
1496
-3832
2910
2897
2003
-2562
-2163
533
992
3650
-4453
-214
1524
-766
-644
-3389
-3203
-3554
-4851
-4228
-7709
-10224
-7486
-5131
-5615
-11051
-6749
-7602
1887
1386
-178
2755
3016
4319
10476
3406
6551
8890
10370
8802
8821
6147
6289
8594
6423
2168
1161
1654
-7460
-1068
-3833
-3182
224
-1317
-4171
-1529
-880
1771
1467
1941
4456
159
3789
-1532
2070
419
2553
2051
-916
-5600
1019
4394
2624
-3476
-7627
-446
-4049
-6549
-5527
-5799
-4052
-3313
-5532
-2777
-1573
2611
4369
2951
3411
7741
2197
6262
8396
6830
6077
4881
6340
4893
-225
-532
1951
1153
2067
518
-8086
-2841
5463
2213
-457
1490
5489
5221
4614
3922
5756
6118
7976
8468
5822
6908
4029
7167
584
-2837
2580
2597
-222
-1519
-2921
-4749
-1357
-5152
-6156
-8867
-7143
-7341
-7624
-6609
-11166
2213
2071
-2823
4380
-885
-1188
6634
100
217
7179
5329
-709
3096
4952
1284
1809
4922
-2690
168
-178
-6415
-425
-318
-204
7537
3617
4435
3289
6177
7240
7466
5384
-171
5745
1936
10240
2132
-64
3482
1733
657
279
1372
-149
-116
-4895
-6861
-2492
-3161
-5778
-7725
-7754
-1494
-3059
-8979
-3581
-1205
-58
2712
-323
-63
1103
1930
2426
2860
2424
1602
1920
2905
137
-1274
-1638
-2192
-660
2135
1129
-1672
-360
3248
11005
6474
4566
9658
8556
8792
7809
6026
7208
6503
4123
3485
8710
7612
1795
-400
4675
-2283
-5864
-5136
-4563
-7486
-8025
-8912
-9705
-12449
-14651
-7747
-7981
-13993
-9452
-13755
-3028
-9077
-7179
375
-310
2212
1653
2525
2158
3164
5381
4555
1111
6367
7205
8625
7908
3601
5911
7058
4931
268
813
952
-490
-2782
-3897
-4411
-5509
667
-6561
-12895
-5212
-875
-760
-209
-1051
-1784
-554
1781
2916
252
-1549
-2152
-773
-1207
-2958
-2647
-3780
-4791
-4616
-5821
-6063
-4458
-5378
-4020
-3461
-2309
1141
589
-1843
-1960
4427
4028
1965
4522
4120
2904
3013
1697
1704
2195
1454
926
-1488
116
-1409
-4307
-5561
-4581
-11401
-12082
-9293
-12208
-5550
-8916
-9494
-16122
-6814
-5019
-8545
-3923
-7493
-3607
-765
2550
1528
2126
2856
487
2860
4311
1913
2724
3356
3955
4178
6286
6857
5982
8251
7837
5348
10497
11707
12307
11149
11611
12821
11167
10823
10124
11007
9789
10480
5898
4973
6370
4793
-29
95
3224
375
-4191
-7494
-3996
-6786
-10239
-11077
-11188
-9141
-4117
-6878
-13007
-4482
-4733
-4149
-1875
-3212
-2182
789
1983
2350
3122
2998
1429
1211
-1252
-1152
-1486
-537
444
-133
701
3930
2785
1987
3485
4953
8789
7048
5423
6644
5063
4883
4848
4161
5009
2456
448
-237
-2008
-1889
-2807
-5099
-7012
-8232
-8779
-12661
-13587
-12248
-16036
-16957
-13516
-17128
-15508
-14704
-12696
-11154
-18693
-10412
-7194
-8070
-3471
-3294
-1343
-1983
-138
2254
-338
365
2501
1217
2348
4280
5074
8017
9565
6541
8317
12578
11844
6789
7103
8569
8950
9546
11007
9992
10087
9169
8262
8216
5267
4211
3768
5491
-502
-1923
1841
-2548
-1752
-7349
-6566
-4382
-5855
-7314
-7039
-10681
-10524
-11473
-9544
-6819
-4396
-1117
-9262
-5881
-2466
-2955
935
1748
-2317
29
966
801
1493
1338
4855
6167
8468
8674
12264
11889
7368
10182
15163
13005
10578
12360
10914
9074
10281
11591
9235
7874
7907
5032
6314
3680
2630
4636
3573
3815
357
-442
-2303
-3293
-2463
-2884
-2328
-4919
-5252
-5151
-7613
-9331
-11332
-8169
-9551
-5991
-7765
-7380
-11335
-18010
-3820
-3495
-3514
1462
-3371
-920
1081
985
4122
5218
7550
6960
4743
5308
11631
12765
7641
9937
10037
6864
5902
4939
3417
4328
3174
2322
3409
3783
1696
1092
782
629
-404
340
1343
-1063
-1637
-5587
-4524
-3090
-4603
-8876
-8309
-6711
-10360
-12582
-12323
-8940
-15078
-16884
-15905
-16018
-11604
-8431
-16644
-19783
-11532
-9621
-4628
-6131
-7603
-5614
-4314
614
2759
2785
3348
3699
7945
11359
7065
6455
8251
6742
6240
11786
10990
5929
7056
6336
6497
8268
10053
7837
7770
9053
7150
6939
5958
5416
2269
2434
1632
-997
-3167
-5367
-5384
-7222
-8305
-7751
-7573
-9903
-11621
-11903
-11898
-15000
-14164
-13328
-16213
-10707
-11868
-17547
-9897
-6298
-5798
-1198
-30
232
-811
-700
3840
7166
7082
11435
11862
9792
10722
9813
10603
11278
13079
12177
11328
11685
10238
9991
7658
6770
6016
6394
5919
2473
1904
1143
-159
-1285
-2737
-3532
-2881
-5451
-5218
-3417
-5424
-8548
-9459
-6254
-7137
-12725
-17377
-19121
-19303
-18446
-21982
-17980
-14943
-12456
-9479
-19121
-11383
-2927
-2565
1537
1498
2269
6435
12171
11680
11918
16783
16068
17612
18354
18022
17452
16207
17538
15844
14531
15936
15928
14640
12980
11729
12019
9453
9763
7638
6010
6066
4046
4254
2551
369
676
-528
-1267
-3239
-6357
-7115
-8241
-8440
-12267
-10399
-9770
-14132
-15467
-20744
-20233
-20349
-18820
-19897
-16177
-12142
-16012
-9155
-7363
-4499
2860
4107
3820
8035
10565
13122
14374
14924
14317
12995
15419
15081
13373
10602
10982
11095
12395
11531
8078
8775
8332
6625
2896
3370
4248
3855
865
15
-1503
-5338
-4411
-3750
-5776
-6086
-7807
-13217
-9583
-9868
-12699
-13763
-12445
-13571
-16590
-16660
-15464
-12373
-16752
-17618
-15358
-8316
-1095
-2434
-12328
-6150
7092
8122
9508
9828
13297
12419
13764
12865
15974
18185
18450
19347
17236
13400
10890
9796
9072
8367
6624
5564
4493
3626
5215
3824
-866
-2014
-1768
-4636
-3635
-3340
-7620
-8493
-10771
-8637
-8240
-10618
-11340
-11926
-12566
-13095
-13564
-14212
-14744
-15495
-13390
-14483
-15122
-11496
-7375
-12424
-14132
-9345
-4378
-526
-7651
-2971
4833
2163
6188
10692
11930
13095
13363
11535
12375
16353
15936
12407
8841
6590
7247
7953
6327
5385
7466
6948
6814
5754
4542
3604
-1660
-2167
-389
-1643
-4643
-1315
-2441
-5539
-3325
-3756
-5879
-8191
-9530
-13306
-11265
-5604
-8316
-11971
-9789
-7704
-10425
-8529
-4468
-7176
-11240
-7824
-3340
-320
-217
5004
-4092
-1204
7928
7730
10908
10043
8615
9874
12371
10039
10755
12042
12898
8548
4969
5069
9757
7686
928
303
-934
3262
3388
-168
-194
1687
776
1547
3821
2345
61
-1751
-3891
-3039
-3949
-7159
-6449
-7600
-6666
-8936
-8484
-7585
-8317
-7605
-5787
-5670
-8419
-7507
-4594
-4437
-7799
-3106
-3073
-2503
-4559
-3551
-4746
-8645
-2001
405
266
2142
322
-21
2756
3943
3455
4377
3692
699
342
349
3052
2742
-1183
-128
1191
2553
1067
2024
1836
1236
1895
-130
313
839
-55
360
100
-684
-1523
-3367
-3160
-2869
-644
-3202
-5494
-182
14
-3841
-5671
1282
4652
-1098
-3997
-2068
-3022
-2427
-5477
-4709
-1328
-587
-2557
-12285
-2758
2183
1982
5135
-1099
-156
-85
2354
4614
4498
3356
3479
2544
4239
7236
5329
5920
5992
5918
9123
10465
9061
8427
8725
7405
7111
5500
4933
3290
1671
1601
1242
-463
474
332
205
2709
1198
-2829
-1412
4242
371
-3053
-2839
-5015
-4035
-6376
-9465
-10203
-9558
-11432
-14380
-11510
-10243
-9266
-9453
-2313
-120
509
2881
1993
6400
7145
8817
6050
8598
9173
8697
9140
9529
9255
7237
7868
9341
11894
10623
9905
9994
8566
8146
6880
4233
3875
2907
888
-519
-4300
-4753
-5802
-4749
-3341
-3028
-4618
-6099
1946
2234
983
-2699
-2776
-82
-1517
-4211
-6862
-5350
-7060
-10111
-9304
-12195
-12495
-8972
-7216
-12674
-6828
-2997
-1262
5423
6575
6189
4937
7023
10186
12240
12785
12824
11533
9311
7021
7510
9701
5522
4428
2447
1374
729
-17
-1594
-3004
-4536
-4721
-4167
-5299
-4068
-6216
-5009
-4970
-5271
-3988
-1589
-4729
-6329
-5431
-9092
-7293
-7172
-7699
-8215
-8483
-9535
-10150
-10575
-12911
-12523
-9332
-10074
-8100
-3994
-2534
-6561
-1748
3793
2178
9785
8470
7871
7955
6642
8562
10169
10240
8809
9370
8510
7771
7459
7622
6009
5064
3828
1713
1028
-72
-4015
-5298
-4777
-3869
-4590
-3241
-1062
-6397
-4870
-4635
-2052
214
-585
1672
-1334
-1557
-822
1374
-2252
-6449
-3002
-3067
-4959
-3585
-5379
-5852
-5453
-8764
-5437
-2974
-1443
2556
-3283
-1480
6232
5539
8930
7785
6369
7854
8752
10029
8835
7177
7717
3815
2400
2536
-245
1176
122
-753
-659
-2852
-4193
-5073
-6580
-1712
-3324
-8083
-2085
-1980
-2531
-2833
-4271
-2875
-346
3930
3713
2823
3724
5161
3411
2941
3868
1975
141
1457
1126
-2202
-3705
-4273
-3594
-3355
-4183
-3892
-2018
-1776
-7119
-159
3596
1154
3636
4162
4329
5436
8994
7364
2843
4498
5307
4369
4541
4239
-206
-974
-1876
-3225
557
-1971
-1091
-3280
445
2556
-2300
1244
5356
5139
4973
5966
8314
8549
6591
6444
3706
7442
6701
4061
6246
5239
846
-1087
1956
936
-1694
-5099
-5213
-3749
-6711
-7909
-9770
-8486
-2412
-4482
-15613
-11592
-4418
-5419
35
-1310
-3416
-845
3983
1835
1526
1529
772
4595
700
-125
2195
-420
-879
209
-179
1936
2152
-285
4355
7984
5052
4866
6070
6274
4331
3834
7477
5883
5160
4909
3361
3773
2888
4403
-213
175
2051
-1279
-2037
-5502
-6016
-4438
-6372
-5726
-6301
-11006
-9351
-8568
-8095
-8128
-13838
-9683
-2515
-5390
-2765
-6
-2903
811
2098
296
1950
804
2826
2643
1881
4160
4291
3343
8567
9095
7815
5715
10464
16154
12034
11405
11740
11864
8775
10345
12360
11769
11220
8455
6159
4137
2095
3876
2839
625
1080
1445
-2872
-5628
-4306
-3406
-9943
-12319
-10785
-13683
-16155
-19135
-18111
-19294
-14979
-13248
-18591
-13638
-11583
-8314
-7893
-4662
-5420
-5441
-1574
-2386
-3903
-580
2307
1021
4845
6093
3914
1800
5673
11482
9792
8331
9211
8043
7793
9530
8332
8439
8777
8515
5545
4616
6173
7331
7480
3763
-1382
-332
902
1612
-2683
-6033
-7425
-9856
-7284
-9026
-14994
-15295
-16063
-17302
-15620
-16873
-16870
-18212
-17113
-11770
-16704
-15534
-10097
-9025
-9834
-6188
-4401
-5665
-2951
-3553
-1595
903
669
3472
7905
8044
9955
13957
11655
12106
15838
16073
11948
12948
10491
10394
13473
9377
10369
10802
10905
7863
7276
5775
5017
4612
2788
3100
232
-7231
-5587
-2673
-3325
-4757
-6113
-6128
-9771
-14642
-10138
-6651
-10775
-14000
-12971
-12929
-11877
-6952
-11720
-16135
-6749
-2762
-4026
-3813
-3606
-1197
-639
1513
7445
7887
8354
12351
11898
12265
12111
14424
16369
14411
14151
14137
14676
13353
11467
10268
6874
7176
8779
6829
2597
1333
-265
-3577
203
1120
3161
-447
-1241
-370
-757
-329
-1566
-2638
-4780
-3652
-3989
-5487
-6930
-6924
-7960
-8525
-9661
-10424
-9612
-6886
-9709
-12733
-4031
-3728
-3027
223
-839
3218
5232
4743
6478
8652
7677
10552
12242
13497
9362
7776
12535
13303
10376
8331
5872
4620
5390
5101
1793
2317
7685
2791
3876
3800
1921
6452
4104
313
-1334
1614
55
-1459
-294
-1854
-605
-3113
-3865
-4463
-8849
-9421
-11005
-9900
-10193
-11713
-13094
-13442
-14920
-10785
-13267
-16352
-5674
-8434
-3411
-3712
-5014
-2853
2749
6566
3454
6628
7162
9962
9196
7656
8215
7291
5374
8274
7005
5841
8568
6287
4707
5016
4374
4430
3818
558
1879
446
335
971
1437
1800
-519
-1626
-2990
-4779
-4742
-4022
-5504
-7424
-10594
-11168
-10268
-12922
-16275
-17940
-17387
-13184
-14400
-17240
-15399
-11830
-12089
-12560
-3868
-1006
-1539
-1593
4722
8485
7448
9994
9571
9425
11219
14072
13832
15188
13831
15622
14606
13727
17062
14381
13953
10943
10671
9877
10388
8262
4889
3136
6239
4033
2852
5601
-2309
-2615
-3567
-3400
-3526
-8648
-7809
-6835
-10499
-13927
-13614
-11909
-15220
-18892
-19680
-18632
-19270
-19703
-18669
-18627
-15925
-4699
-6107
-15946
-1486
3171
-1584
1092
194
2833
3553
6615
7127
8252
9684
11223
11026
10820
10437
9348
11644
12565
14867
14741
14941
13753
12755
12145
11645
10834
9194
7036
5273
3812
2041
-813
-3870
-5366
-5585
-6664
-8814
-9576
-9826
-13146
-12772
-13772
-16863
-15563
-15187
-15631
-16602
-18411
-18425
-18127
-19457
-15631
-13970
-11149
-13112
-11180
-3310
581
1800
2695
9015
8339
11698
11200
11512
13412
13479
15492
14739
15486
14693
13263
12542
12808
13871
13104
10901
9630
6029
5485
4151
4137
2442
1827
2072
-1285
-2430
-889
-3645
-3914
-3732
-4181
-4857
-8099
-9056
-10183
-9856
-13013
-13509
-17463
-14952
-16916
-16456
-10325
-11598
-15611
-15427
-3824
-1785
3943
-2119
-5838
2739
4367
7830
7031
9491
11555
13383
13311
11396
15055
18538
19769
18107
16957
13800
14511
14239
11257
10218
11058
9471
7431
7914
3708
1539
1705
621
-602
-5729
-6301
-5712
-2987
-3342
-8588
-8354
-9829
-13671
-14846
-15709
-15340
-15911
-16701
-16308
-14964
-11933
-10656
-8146
-8359
-11240
-5630
-1698
-3537
-5763
497
-577
-4002
4210
1815
5410
8186
7830
7857
7697
10154
10752
12146
11211
10982
10818
9700
9590
10240
12420
9691
5510
6090
4778
3635
2419
994
149
710
-2281
-4193
-8515
-11407
-9086
-5689
-6894
-5943
-8955
-12197
-10103
-12546
-11272
-7213
-4954
-9832
-4141
1125
-3763
-3807
-2115
-1061
-5381
-4693
-1586
-701
290
5692
1146
-5498
5491
10450
10026
10947
9076
9173
10106
11926
12920
12125
13129
11515
11799
8184
6243
7407
5428
7067
5707
4662
2837
898
1290
2001
1859
758
-4445
-3268
-5002
-4640
-1261
-3850
-3966
-5567
-5524
-5751
-2756
-3538
-4439
-3584
-1468
-941
-4769
-2841
-1075
67
-1435
967
-1060
-2722
-619
-780
-2219
356
2814
-5200
2300
6800
3709
7023
6234
3224
3945
5015
3406
5418
5417
4982
4697
4368
-2375
-2171
2646
112
-472
3044
2366
-1200
477
936
2609
1147
-948
-2819
-1649
-1056
-4961
-4253
-3575
-1420
-905
-3171
-2529
-1841
-5837
-3897
-1836
-3066
-2457
-2325
-1617
-4730
-5182
-5091
-5234
-8240
-10264
-9061
-7741
-5321
-4857
-12184
-11311
867
-1144
3889
2021
784
882
-690
2085
2635
3453
4569
7249
2921
4488
4200
2075
3991
4509
1711
2734
4408
3133
935
992
1621
1634
3261
-2038
-975
-1651
-1247
1233
239
-591
1277
2575
231
3266
4469
2647
1158
996
4553
-811
-3834
-5285
-4354
-3820
-5605
-5648
-10040
-6379
-7915
-5155
-11631
-11936
1581
-1878
1946
3444
2866
6113
7127
7107
8377
9181
7869
8540
10438
10856
9132
10098
8995
8957
6944
6061
4680
2780
1121
-671
-1380
-917
485
-471
-832
-873
1511
3084
-1066
-1467
3179
5462
1841
1315
6193
4983
964
-1290
1216
631
-3100
-4544
-5335
-9724
-12112
-9709
-12363
-10648
-8182
-5756
-10402
-14235
-5368
-3762
-3023
-2839
-2721
-1120
2541
5356
4824
4922
4769
6522
7304
5664
3342
4002
3802
1605
867
185
1821
379
-2280
-1145
-3660
-2677
-1344
-4878
-2482
-568
-4519
-7105
240
-615
-3166
-2681
-3116
-512
-4069
-5063
-6790
-7821
-8172
-8204
-5276
-5429
-6419
-6618
-8392
-6515
-6057
-6420
-9088
-5725
-6220
-8373
1375
584
5142
7526
4663
8468
10404
10618
12259
12746
10967
12045
10727
10288
8162
6234
5604
4338
3304
3575
1164
1141
3111
1039
490
4897
4003
307
4585
7441
5750
3681
3080
138
732
1523
184
2224
807
1580
-435
-2088
-1777
-1060
-1898
-5062
-3825
-3650
-5909
-6586
-5495
-4326
-2921
638
-5637
-7672
1274
3400
4922
5381
1301
3565
5779
6871
7421
5785
5656
5411
4989
3326
3451
2720
2646
1535
27
507
1092
516
-2474
-701
464
-2965
-452
3472
-1488
3
-1625
-242
3696
4252
4223
789
-1752
-2756
-2980
417
2882
-2488
-4605
-3315
-2774
-376
-1032
-3780
-5868
-3376
-3046
-4158
-4372
-240
-2971
-9602
-972
2262
2636
2231
-126
539
853
990
511
-208
-315
718
-1419
-432
-1969
56
-334
316
-487
-1095
2940
-2109
-1249
614
2866
1504
-773
2942
2270
2119
1384
112
1681
4201
3989
4288
2190
-2075
2541
694
-3100
-5256
-4590
-2684
-5190
-7413
-8022
-7401
-10603
-11528
-12940
-12784
-9100
-7145
-8490
-15608
-8756
-2583
-3672
936
-1094
-729
32
439
1983
-716
-263
404
-1873
-3587
-869
953
-1423
2502
5018
1678
4461
9621
10341
6914
6868
10802
10896
11305
10456
8682
9853
9263
10158
8762
8655
7240
5918
5116
4056
4344
2865
-1212
-440
-1204
-2356
-4851
-5027
-6092
-9363
-8918
-10525
-9499
-9296
-6072
-10810
-14256
-4429
-7045
-4783
-2307
-4338
-4043
-4864
-3166
-3772
-5354
-3623
-3685
-2988
-2630
1361
5972
31
2682
7389
9942
8288
7379
11377
9842
9783
9836
9697
6158
5279
4237
7235
9817
8147
6301
7639
9503
3349
1265
2769
4013
841
-2020
-1402
-1771
-7763
-9052
-9507
-9083
-9285
-10306
-11463
-13271
-8491
-8879
-13191
-14986
-4666
-4903
-4578
-1952
-3461
-3158
-699
2461
4604
1532
4696
7549
4987
10134
5502
9628
13627
12645
11073
8884
10290
8451
9062
7636
6382
6624
6236
6278
3725
2218
3696
2816
2285
1208
811
-1282
-3450
-4529
-5223
-7358
-7734
-8731
-8023
-6695
-10935
-13470
-17207
-18100
-14416
-11482
-15410
-16510
-14285
-12514
-11516
-15801
-9237
-7007
-6605
364
-653
-1099
921
4230
7506
11970
11851
7812
13894
15364
12715
14815
16067
15204
15478
15179
15920
15260
13438
12047
12561
12519
10799
9942
9330
7922
6748
6462
3894
4390
2098
2739
-778
-2615
-1830
-5281
-9246
-7482
-4349
-6145
-12338
-15805
-10196
-11481
-14290
-13848
-13948
-14287
-8409
-2220
-12350
-14864
-2334
-2819
253
593
369
2133
5355
9779
8212
7762
9133
13883
15720
12122
9268
14078
13826
9193
8829
9898
7956
9052
9180
4664
4850
4486
4321
1651
1969
-1814
-2103
-3916
-4838
-5281
-5051
-3923
-6244
-6002
-8109
-10670
-7525
-9170
-6970
-7377
-15827
-12358
-11325
-13054
-12565
-14447
-15921
-16319
-14873
-13181
-18021
-12128
-8792
-9146
-5094
-2323
1673
-1824
1722
6912
8212
6341
8045
9795
8593
8522
9646
14103
11516
6620
7495
9389
10173
9048
8088
5073
3294
2322
88
5077
6347
5427
4087
2405
2176
1970
2214
5250
-1695
-6529
913
934
-2783
-3562
-1715
-4367
-8308
-10044
-10324
-11836
-14778
-13556
-16967
-17100
-13115
-12777
-16455
-12135
-5241
-3723
693
-3087
-3299
4866
7568
7217
5667
6723
10297
9405
9051
9299
6159
10761
8345
5567
5774
5717
8101
6283
11681
6040
6024
6764
7342
7658
3552
4385
463
5690
3467
3665
4750
-567
-2697
-2741
1447
200
-1743
-4341
-5923
-5650
-8360
-9489
-10681
-11678
-16615
-17099
-16364
-14543
-9423
-10565
-17445
-7867
-6607
-4418
6786
5360
5936
2667
7636
9194
6047
11317
11463
6342
8434
8597
3344
8883
5509
8429
8074
6148
10208
10541
9109
-274
4887
7195
7931
5996
4219
2353
4891
6442
4811
3660
-966
1280
-6704
-419
681
-5930
-12227
-13339
-11500
-15586
-17250
-18194
-18175
-20626
-18206
-19695
-18764
-15027
-11078
-14147
-23195
-5229
-85
-362
1489
-4889
1497
5134
8289
7212
8759
8349
8672
13134
13125
12928
6917
14402
9817
8026
13798
14408
14445
13713
13225
9935
10708
10266
10111
7820
6762
6500
4508
3461
2331
1685
586
-1942
-3075
-4309
-5993
-6669
-10374
-10522
-10484
-11073
-13634
-14659
-17043
-19345
-18822
-12733
-10840
-11753
-8156
-12142
-8417
-4569
1180
1931
196
1867
4349
5947
8954
10007
14955
11721
7940
13581
12554
11523
5394
12806
10120
8102
8745
6705
6867
5825
6396
4004
3661
2144
145
61
-1813
-2783
-4050
-4080
-6572
-8719
-8173
-12549
-14626
-9377
-10333
-16208
-19943
-17699
-18566
-21103
-21741
-21837
-20845
-17603
-18009
-17159
-14214
-7760
-5968
-13813
-9212
1307
1255
5547
7148
2631
11448
14629
12746
14710
15968
16411
16274
17700
15748
19419
11353
11770
14587
10765
14292
10676
11656
9557
7493
7605
6004
5441
3428
318
193
-836
-2560
-3109
-5289
-4795
-6086
-9722
-8605
-10733
-14397
-9870
-12211
-10836
-8950
-10986
-6236
-8480
-9417
-3710
-2581
-2774
-3044
1172
-55
-3790
6677
8727
9331
13131
13593
14106
15010
16295
17240
18539
18235
18151
16847
17170
16161
16887
8306
6265
9948
6251
5325
3503
3665
2849
909
-2916
-2521
-2901
-2992
-3066
-5862
-7394
-12734
-14929
-15073
-12941
-11144
-15324
-15129
-10230
-10789
-12153
-10957
-7031
-4744
-8039
-10049
-5964
-2538
-4824
-5618
-2623
-4745
-252
795
-7991
-662
5260
6840
8256
5792
6888
8752
10537
11341
10575
11351
10908
9354
8428
6138
9875
2782
-4866
677
-2248
613
3584
1905
-355
-876
-5998
-6387
-5894
-8879
-8641
-9196
-10306
-12284
-12574
-10682
-10730
-11148
-11630
-7938
-6860
-9274
-2180
-5943
-7526
-1579
-990
-2938
-1403
-1291
-3989
-4904
-4791
-6607
-2906
-3827
-7066
1504
120
2799
6424
4668
5012
7486
7913
6699
9636
8759
7669
5064
4822
2468
5607
3738
-4811
-2842
-74
-318
-1298
-256
-1007
-2073
-2091
-1123
-115
-3390
-3590
-1318
-438
-3049
-6763
-2589
-1695
-4638
-4754
-3307
-1894
-1014
-4910
-2551
3408
1166
-3783
-3120
2928
-2051
-3134
-1299
-532
-144
5818
752
-3977
3332
3992
5805
6803
2429
4907
5662
5431
7900
8182
6442
3481
4037
6345
7059
5571
7405
1953
2228
5711
5676
5861
4362
3885
4818
5467
-477
-640
-1414
445
926
-3725
-2416
-2767
-4825
-1945
2470
-2459
-348
4312
4392
2835
1617
3527
1549
-1060
-3511
-5383
-6197
-6659
-4538
-6788
-10410
-9417
-8564
-6131
-1421
-2256
-2705
-1443
-4207
-939
374
-1235
195
678
772
1939
2121
1706
1662
2819
6075
-2027
7
643
-24
2860
-371
-60
-1516
-462
-3126
-1905
-2923
-4296
-4775
-3504
-1870
-3032
-568
-302
-2998
-3433
2638
4427
-778
-4471
-1100
1720
-267
-6018
-8261
-4282
-4732
-6273
-8294
-7754
-9093
-5456
-8975
-10198
-1649
-1147
1813
-390
-2164
135
2204
4520
7802
6096
8242
8686
1870
4389
8908
10692
12452
6214
-486
4662
7849
5620
2386
3468
1195
-157
2990
1315
1172
-1064
205
3246
-971
1033
6020
5582
3981
3685
4041
2838
1883
1365
-97
-1588
-188
-4872
-5810
-6000
-8294
-6769
-5526
-6646
-8387
-5965
-11152
-8111
-2702
-2855
780
743
609
802
2786
6094
5960
6914
8325
7710
6026
5636
9215
9858
8742
4654
-1253
3170
7034
4247
703
302
2559
1513
1892
858
1435
4074
3169
199
1191
5757
4376
2083
682
-1310
-1876
-538
-3963
-5093
-725
-207
-2466
-5680
-4018
-3398
-7605
-9910
-8241
-8284
-3570
1772
-10802
-10771
-2254
-3907
272
1550
214
4737
2558
3436
6532
5234
8369
7059
6095
9910
9496
5447
3742
575
-5569
-1818
-1156
-1636
206
69
-1981
-4559
408
-2201
-2656
5728
5819
2612
217
-1485
1
-3283
-1582
2243
1784
-108
-4083
-5270
-5384
-6561
-6433
-6027
-3826
-10329
-10566
-7512
-10455
-8588
-8554
-8430
-12237
-10448
-2049
-878
-1758
-688
712
4819
5061
2987
4759
3827
3324
2897
2190
1611
582
-1529
-1376
-1450
-8596
-6009
-3598
-5826
-5715
-5079
-4635
-7395
-2675
-652
1299
1268
-1447
3342
3043
2016
1784
4136
1275
-5
-986
468
-4327
-5520
1603
-1135
-2528
-6164
-3706
-2492
-6519
-8982
-7737
-5833
-1552
87
-7632
-1899
3167
2538
5242
4815
5726
6376
6703
7727
8398
6415
7580
5906
5191
5051
2653
3659
1824
2696
-3317
-261
5821
5965
4088
2823
9082
8544
8407
8479
9951
9621
8875
9034
9241
4949
4307
8960
6392
5642
3501
4316
1734
2847
2466
-83
573
-2100
-3061
-2702
-3591
-6362
-5405
-6216
-4636
-3651
-8860
-3445
-113
186
1672
2213
850
814
623
801
2431
1892
-1188
-4352
1144
-1093
-2414
-1104
-1223
953
-3122
759
1046
404
4019
6138
5449
5523
1916
3050
6247
3239
3501
2456
2686
1732
2516
1613
-1573
-1557
-1122
-486
-4003
-7039
-3930
-5049
-9201
-10706
-8995
-9002
-12682
-12975
-11954
-13598
-8769
-10655
-17621
-12403
-7422
-7677
-7135
-8463
-8119
-3827
-2531
-767
-757
-2437
-1020
-2369
274
1006
-1494
4700
6104
2695
-248
3125
7305
7291
5691
6977
9884
10756
12570
9102
6681
9191
4907
3583
5925
5016
2005
2531
375
-1395
-2987
-2734
-4553
-6595
-2550
-4184
-7849
-11614
-12161
-14046
-16493
-15606
-17304
-16964
-14762
-17991
-14675
-6862
-7618
-6516
-4619
-4659
-3537
-197
-771
-1895
1274
3082
6220
8009
4574
7048
8818
5639
10451
9093
8992
9592
10536
10483
8109
10660
7100
8884
10498
8194
6457
5779
8613
5554
5449
5336
4766
2331
-571
160
3426
-283
-4254
-3124
-3837
-5151
-10915
-9981
-5810
-9187
-9682
-10359
-10676
-4920
-3612
-11303
-9175
-2381
-3139
1695
698
1022
1813
634
5066
6063
5696
4576
9655
11498
10056
8083
12640
13284
12798
9058
10291
14049
10675
13468
8374
7574
9085
10895
9350
5308
2715
3942
3030
-254
-1295
-982
-1237
-2824
-3829
-8886
-9821
-9597
-8404
-9423
-11404
-12070
-13654
-13414
-15856
-14463
-13242
-14387
-10918
-10007
-8999
-17393
-13313
-5773
-5439
-4623
-5721
-2894
-2894
2975
714
-1511
2948
4339
3880
7761
10284
9632
9415
9755
10026
5478
6658
5748
6926
9294
10322
10571
8028
9161
7344
6697
9029
3641
156
2653
1315
2642
2673
-626
304
1373
1278
-3410
-5397
-4408
-5751
-7734
-6999
-3945
-9588
-11861
-8415
-7736
-9679
-7161
-10033
-15062
-7132
-4460
-3872
-3680
-3955
-3889
-38
4091
4076
5014
6086
11744
10015
10537
11135
8255
11473
12769
7068
4037
7589
5003
5348
7250
2181
3440
6827
5884
5042
1993
3960
2039
-560
-876
-1188
802
-1812
-1146
-642
-2834
-3138
-6278
-5591
-1898
-4685
-5708
-5569
-7257
-7785
-7696
-9408
-11877
-10968
-8143
-14948
-15790
-8968
-7570
-5118
-4319
61
3245
2126
745
7155
8506
7734
9032
7583
8529
11423
9494
8353
6756
316
6680
9961
9196
7053
6916
8141
7397
10185
8768
8833
7642
9636
9204
7986
5855
473
5390
3089
842
3329
1319
-1687
-4588
-2957
-3551
-7923
-9970
-8849
-10061
-11029
-12633
-14192
-13812
-11094
-11276
-17261
-9580
-5984
-4866
-2249
-3140
-482
3861
8164
6256
6401
9291
9507
7356
8526
5998
8137
10210
11234
7300
3370
9353
5834
6013
4853
7065
6290
7166
3892
-920
3351
1291
1751
1333
-388
-1902
-1360
-2241
-3912
-5539
-7168
-9193
-9997
-11283
-12109
-13289
-15435
-17867
-19750
-20296
-19543
-21760
-22379
-19566
-16238
-17709
-16875
-8235
-5649
-2854
-92
1069
4295
4203
4068
7840
6528
6678
8470
10546
9923
10246
10581
12171
10282
5605
12272
7933
5230
8014
7706
6616
4796
7103
6944
7779
5115
4284
4894
3024
-275
-2271
706
-2108
-6762
-7213
-7950
-9474
-11185
-12242
-15115
-18112
-17887
-19285
-20831
-23537
-17796
-21670
-22853
-10458
-13891
-13767
-11125
-1071
2299
-894
4225
3857
5907
9170
14684
14075
13165
16064
18651
14752
15945
16685
16565
18435
12829
9347
14319
15243
14508
12609
11038
10942
9660
10236
7947
7385
4485
3536
281
-2346
-1748
-4663
-2075
-4648
-5974
-7399
-8486
-8674
-10763
-11593
-13633
-15713
-14916
-20742
-18556
-12053
-15826
-13766
-8240
-6180
-10044
-8262
1023
3871
5984
9270
10103
11686
14119
11745
14977
19024
19151
18059
19235
19396
18387
19304
16734
18555
7088
5214
11043
9800
9529
7049
7889
6254
2458
-654
-2695
-3538
-5149
-6058
-8251
-8421
-9578
-10663
-11094
-15815
-15355
-13099
-19342
-18873
-17080
-16929
-18388
-20494
-18169
-17726
-15425
-9997
-10215
-10341
-4682
32
-6423
-6537
-2698
3665
11114
5647
5844
8526
9470
12781
15126
14198
15831
12609
14447
14178
12964
13089
12384
10933
4244
7524
7464
8122
7189
4676
4395
796
-473
-552
-992
-1091
-4112
-7085
-9324
-13554
-10716
-11414
-11221
-11092
-12249
-11838
-12422
-14199
-14755
-12337
-11714
-11739
-10101
-6293
-13431
-15724
-6813
1197
1588
2767
-7613
4931
2852
3439
11865
6943
9143
9329
10827
11675
13088
17131
17498
16950
16436
10001
10381
6714
8265
1772
-3174
1140
5845
-394
4021
-4382
-4062
1495
-1221
-985
-8016
-8044
-2274
-3802
-10211
-9239
-8371
-8590
-12403
-11690
-8368
-10070
-6329
-7617
-9237
-1096
-3769
-10160
-9292
-5245
-6075
-1733
-6481
-2337
2770
-4191
-4586
2240
5561
9327
8575
6853
8433
12580
13607
13409
14150
13956
14241
14030
12706
12545
9822
9063
6625
747
-1798
-2121
159
968
273
-1746
45
373
1425
-1843
-2016
-418
-1437
-1366
-1334
-556
-4362
-6098
-1627
-3798
-4230
-4808
-7631
-3963
7
-4998
-5750
97
-38
-544
-2110
-1205
-228
3286
1099
-1812
5392
6428
7753
9825
9268
8190
9968
9726
11406
12287
10862
10521
8845
8241
6295
8844
7103
8653
2697
898
6564
2565
4285
3322
3286
4358
4154
4464
4764
-1551
-1132
1276
-392
363
-3984
-1750
-5038
-7561
-6337
-3335
-1811
-3975
-6838
-2527
2296
-4746
-3748
1273
-313
-2588
-2527
-2020
1316
3219
-6474
-7475
-458
-181
681
6120
5629
-486
1644
2848
4556
10273
9367
10405
10007
9309
8131
8772
8274
10006
2946
3245
7783
9358
6092
3166
7624
5282
6340
4838
-2446
1390
-4267
983
-6314
-4228
271
-192
-5463
-6424
-8147
-1251
-6645
-7189
-2690
1322
-884
-7605
-4653
-7902
-6681
-2761
-4718
-3457
-8935
-6630
-12154
-8525
640
-4655
-132
2787
3777
4951
7780
9660
10375
10653
10651
10703
12327
12872
12763
3929
7844
6593
-201
8987
6168
5995
6001
4600
2405
4638
1993
3909
2315
837
1403
665
-2467
-1904
-1044
3264
-3014
-4775
67
-878
-490
-710
2573
-487
-7346
-6574
-2269
-7173
-6825
-7277
-7631
-2114
-150
-6458
-9698
-1586
-871
-53
5765
357
-146
4685
9904
10191
5677
10040
13774
14330
15593
11639
13478
12007
12881
5790
4787
8587
8086
3286
730
2360
277
1430
793
-1394
-2080
-294
-1310
-4448
-5265
-2785
-3576
-4686
-2340
1364
-5434
-2019
-3534
-6430
-9282
-5111
-8459
-4925
-3343
-11291
-8241
-9444
-4897
-7588
-6951
-11806
-3200
1828
-146
-1058
1576
5995
6607
5509
8139
9379
8431
11606
10967
10459
10485
10420
8373
9324
7795
1451
6756
7441
4166
4813
2496
1490
538
-933
-395
-431
-1890
543
995
-828
-4347
-237
3436
150
-452
492
-1924
-6388
-6258
-3984
-3884
-7345
-7351
-6011
-6289
-7379
-7089
-7484
-10774
1777
-5254
-10333
-1365
-2854
-120
5505
2049
3486
3532
5609
8121
8763
8717
11584
11102
11172
8282
7348
6664
8102
5210
-4027
603
808
2215
-2058
-4825
-4943
-5235
-3802
-4435
-5279
-3628
-1468
-3296
171
3589
4655
375
2235
2979
1648
2666
1259
2781
4054
809
-3190
119
166
-2390
-2137
-1437
-2001
-2169
-510
-3827
-1760
3509
4432
4649
5691
7076
6621
6545
9004
8427
8129
6079
5243
6161
4767
3893
4521
2409
5413
-1155
-7822
-3173
-4354
-5547
-3678
-722
-3979
-3005
-1636
-2958
-4448
1762
4773
-24
486
-36
2067
4588
-136
-2530
6021
4470
2927
3978
-2209
-5481
-7788
-7357
-5036
-8287
-2361
-3483
-8061
-3997
2066
-10727
-10689
3375
3950
6945
4110
4165
6729
7884
8133
7895
8756
8293
9359
6511
5758
3308
1417
4680
-1891
-6985
-6139
-3980
-3679
1633
-4017
-1907
2819
5487
-1420
115
7888
849
-1319
5549
9171
3307
3375
3106
4864
2543
2411
1169
-383
863
2376
1396
-2564
-6594
-6451
-5786
-6545
-6264
-9574
-3849
-10355
-10687
-2647
-1286
-5158
-1401
1296
925
-395
5093
-318
405
4498
5255
4224
5938
3482
4008
3445
5664
2356
-1826
4451
4681
5489
10562
4358
1742
11330
11521
7798
9588
8493
9379
7861
8254
6986
7941
7752
3648
4009
7847
5800
635
3051
4398
-64
-3045
-3350
-4000
-5461
-5577
-8140
-7870
-4888
-1889
-11122
-15665
-4483
-6166
-800
1163
-1327
2651
1427
830
1613
4172
3183
4144
3353
1964
3481
6033
6780
684
-747
-2079
375
4473
7097
3167
2001
7589
9061
10419
7898
7199
5849
6508
5699
3152
6253
7168
3297
2091
2232
563
1117
686
-480
-3046
-8250
-10727
-7004
-8644
-9702
-11521
-11444
-13529
-10360
-8523
-12671
-11452
-4371
-6997
-1316
110
716
698
5784
7066
935
2896
-1372
5418
7663
6708
1100
9033
7145
8035
3469
-1079
7578
11388
9272
7557
3871
5948
9039
6190
5634
9228
5790
4599
7184
2421
271
178
-979
375
947
-781
-4661
-6562
-7985
-2515
-8659
-13806
-10536
-11458
-13875
-15005
-14323
-12716
-3611
-10516
-11294
-7899
-919
-82
1493
-6916
-1314
3101
4006
7107
3262
5787
6838
7117
7061
5399
3910
5341
5159
5837
-3076
741
6584
6393
6864
6582
7991
7401
7036
4537
7013
4996
4530
4414
3464
4309
4298
1709
256
-343
-845
819
591
-1171
-2277
-3032
-4454
-6748
-7048
-6474
-6620
-7383
-7254
-8595
-10169
-8958
-7841
-3371
-1557
-2204
-1155
-711
1204
3022
3049
4560
3474
5566
6787
4770
11366
10304
6102
6135
11192
13601
2906
7243
10855
5707
6166
5228
3988
3374
3067
7676
4908
6234
6490
4077
6869
4296
5501
4188
310
-3132
-3047
863
-2035
-3864
618
-5703
-12259
-13341
-5036
-9266
-13476
-9953
-9265
-9131
-5973
-12855
-12290
-2422
-8330
909
-1808
-3159
1406
1636
3276
-2986
4579
-98
4676
7337
7618
4825
6308
9508
10993
8523
4083
8167
6375
6353
9501
7090
3899
6816
6333
7362
9404
5288
3240
2112
2469
6752
6588
6095
5362
-60
-1242
2565
1507
109
-1370
-2652
-5412
-5453
-6426
-8544
-8299
-14284
-16236
-10475
-11754
-15392
-12451
-11240
-9722
-7794
-6318
-3349
-3027
-1082
2766
5334
4500
6019
8254
12239
10924
6826
10141
10260
11766
2502
2817
8426
7980
12289
9839
11167
7500
9096
10937
7416
4599
6904
3117
138
2398
6546
7753
3780
-1958
3991
2075
-987
-1700
-6014
-8577
-6719
-7203
-9328
-10330
-17363
-16269
-16017
-11906
-7216
-14273
-15752
-10824
-8686
-8018
-7632
-7880
-5854
-2695
1157
4567
2398
2871
10829
13957
12748
14024
15915
14631
13753
16494
8305
11079
14116
13815
16225
15261
13428
6821
10170
8283
9266
8060
4909
4441
4119
3068
1613
341
-2644
-1446
-2620
-3588
-5979
-7505
-8185
-8871
-9908
-13858
-13970
-14391
-15808
-17171
-17716
-17372
-17435
-19131
-17276
-10440
-10460
-5493
-7362
-3253
-1255
-970
4199
6759
10713
11988
16024
15980
11778
12133
18924
13702
19263
12061
3077
18672
9571
11535
10695
8669
9705
10206
9740
9599
4996
4602
4217
35
4346
-3940
-2530
-525
-6249
-3851
-6224
-11130
-10114
-8287
-9833
-14343
-14403
-11472
-16807
-18996
-19656
-19568
-15527
-13926
-15367
-16337
-8704
-5880
-2429
1040
-1661
1054
2319
8976
12080
9036
17373
21563
17460
11626
15405
12779
14752
13925
14403
5848
11642
12106
8392
13334
12322
10888
11797
9040
5931
4734
5220
3183
1411
1658
426
-1311
-2195
-3277
-4561
-5569
-8276
-9515
-8624
-14946
-14795
-14366
-17801
-14907
-16481
-14977
-16236
-13644
-13694
-8690
-10309
-11448
4759
1354
1285
3934
11469
9179
8268
14590
12407
16417
14368
17053
12665
13069
14736
20872
18846
18611
16011
3400
8215
11749
9248
8923
6660
5410
3092
777
1731
98
-462
-1998
-5943
-4918
-8991
-7560
-11359
-14247
-7343
-14557
-13450
-14821
-12677
-12566
-17155
-18836
-13869
-15851
-18320
-18349
-17811
-15571
-9178
-8349
-16273
-7161
3147
4811
6564
6096
7380
8750
17010
18578
17919
14880
15628
14635
13138
16795
16485
17308
15816
15478
11415
2850
7984
7218
7315
6072
3762
4946
3484
1563
638
-2153
-1076
-2331
-3408
-2904
-4032
-3179
-4923
-5435
-6618
-5704
-6643
-7552
-8367
-8161
-8252
-7748
-8570
-15375
-8596
-6969
-9123
-4677
-2115
-9247
-3973
8527
7986
6785
11556
12939
13781
14831
13142
12914
12620
13134
17879
16092
16187
16120
14281
14062
12138
13024
-747
-3931
6493
4310
4765
1141
-3219
-3613
635
-4182
-2975
-4905
-6729
-6701
-6161
-6259
-3387
-1028
-5168
-5791
-3778
-5557
-12281
-10217
-5154
-8995
-11338
-8617
-7764
-7042
-9456
-7818
-4457
-2290
2358
-7509
-4494
21
7883
11582
10608
10236
11540
12719
14419
14641
11057
7856
14329
12573
5228
7527
6584
5227
1902
5018
-2884
971
6927
1852
5465
1333
228
3427
4879
3309
1321
1705
-2950
2037
943
-3673
1347
-678
-126
-2444
-2721
-3472
-7783
-7083
-7226
-6238
-7460
-7857
-4431
-6999
-6624
-4511
-2737
-970
-736
-5430
1893
5134
5422
7919
6806
9204
10627
11546
10591
11550
10453
11808
10174
10401
12761
8979
11697
10557
10901
6972
2140
7224
7566
7189
7462
8283
8513
3117
1286
4460
2292
3596
3289
-436
375
-716
-1595
-6274
-7574
-7200
-9108
-6899
-6169
-4391
-12648
-9895
-7861
-2307
-6839
-8980
-6292
-4109
-2282
1781
-2603
-6917
1101
1776
5259
5464
4490
4970
9664
11096
10660
13102
11916
13462
13518
13963
13348
12179
12854
12285
15136
9863
430
8561
9461
5698
7031
3462
4029
2978
4680
1375
-582
-2283
-3562
-4965
-4239
-4148
-5694
-6743
-5832
-6603
-8243
-9677
-9764
-7705
-9351
-11782
-10695
-9327
-8398
-8689
-8238
-9317
-6385
-3413
-13464
-6432
-1638
-198
3360
1352
3421
5884
7990
8917
9410
8717
10021
12131
13277
5453
8370
11051
8843
14602
13396
780
3818
10245
7622
6879
2159
1846
3299
3361
1516
-2382
-1650
-3928
-4411
-6454
-6988
-7036
-11342
-11846
-10596
-9596
-12273
-13095
-9793
-9436
-17635
-11726
-3609
-6378
-8390
-7031
-4921
-6566
2382
-538
-5716
761
4359
5342
9831
10015
11648
12760
8612
13308
14814
16184
14555
15642
16362
15108
15109
13505
13029
13055
10762
391
4690
7225
6504
5590
993
2914
1401
167
-2786
-4963
-5408
-4278
-7104
-8148
-7832
-6386
-7818
-10022
-6904
-3929
-6301
-9668
-3626
-2238
-2977
-5110
-3507
-3297
-4218
-2887
-2543
-1058
1675
-304
-2449
2400
6038
7751
9360
10092
10291
11737
13879
14992
13539
12575
14620
16405
15610
15146
14136
11868
12495
12972
8397
2299
6644
6479
5550
2592
1879
1445
-128
-974
-6939
-3210
-5915
-12961
-10006
-6674
-5036
-6778
-14217
-1684
-2684
-6356
-4722
830
-3430
-1527
-2939
563
2633
-4633
-12249
-614
-1545
3924
4121
-8883
-3709
6053
6867
8300
9718
10048
10796
12183
13856
13882
14930
15373
14728
13734
12511
11651
10404
11715
10339
9857
2082
-62
3290
3024
-2882
-2335
-395
-6993
-6236
-6190
-4639
-8248
-6705
-5260
-5304
-4351
518
-3123
-7329
-199
277
140
-9791
-5944
-1948
-5288
-4897
-5735
-7814
-948
-380
-2294
-2435
1462
-5511
-9355
-464
-181
1525
5337
3019
8201
7771
10368
11824
12237
10667
10194
10265
10898
9516
4171
8270
8260
5491
5998
-2002
343
3981
1281
477
-2928
-2199
-1853
-1450
-837
-1512
270
-2769
547
2766
-2710
-221
-343
3013
6151
2048
607
2816
4667
2106
-535
-1591
413
1557
-1539
-2854
-1717
-1163
5189
-2220
-7543
2067
5029
7788
3338
3290
4241
5250
9562
8683
8375
8959
3599
4488
8205
6554
6121
8591
895
9349
2613
-5967
3616
660
-1822
-4105
-835
2354
253
-5083
-3385
-2740
2714
2776
-3997
1281
2912
4179
-1123
3468
-690
-1358
-2911
-1150
-1551
-66
375
-5501
-8072
-7195
-5672
-6336
-7505
-7467
-6108
-12922
-2966
2502
690
3658
4283
2183
700
567
6853
4714
1975
10101
4777
9092
10271
9815
3140
5997
6703
8055
816
-2184
-3497
-685
-572
-2926
-2920
306
-3386
-3309
913
1895
-2913
-513
6878
1868
1045
1221
-1507
1465
621
-2365
-5848
56
-1075
-7081
-7688
-7851
-8079
-7502
-7192
-9182
-8295
-4235
-12940
-9498
-1297
-133
1386
516
3919
5142
9432
9313
8439
9991
11638
12001
11736
13434
12287
4066
7352
7137
9188
4967
-3585
2927
2802
3787
-1162
-2634
-2052
4789
3226
-3837
4439
5514
4809
-455
451
432
146
226
828
2721
-1616
-1018
-3582
-4536
-4356
-5176
-9867
-10876
-8441
-9957
-4974
-6941
-9301
-7957
-9577
-2683
163
-398
1683
258
3550
3908
13222
10537
6468
12685
6656
11701
10361
10905
5181
7878
7638
5586
684
-8037
-2065
3370
1795
-3186
-5701
1913
1349
-3667
466
957
1577
4519
5094
-1693
372
1369
-5103
-5351
1239
-4105
-4773
-3482
-5939
-3608
-7827
-5686
-2548
-4920
-8862
-10026
-8119
-2880
3292
-3846
-4313
5241
3410
-72
6082
5778
6232
10090
10413
10647
11248
11630
9757
8560
6218
2817
1270
2376
-168
1865
1290
-6540
-2451
-2548
4305
4926
1006
4555
7275
6189
4853
3485
5287
3749
2230
7405
3139
4253
4218
3491
392
-1643
805
-262
369
-1907
-3322
-5502
-5188
-4865
-2040
-7495
-11013
-3484
-5965
-7901
-3686
-2273
-480
1258
2660
4854
6643
7609
9569
8355
8011
7954
5743
5741
4441
1295
-1219
-343
-2303
-2806
-5485
-5565
-1355
326
-3872
-5062
4934
-557
1201
3009
4655
4287
5643
3890
2972
2802
2681
3542
5804
6338
5385
2382
1689
5713
-3209
-7625
-2438
-767
-2126
-7875
-5666
-8296
-5545
-576
-11840
-5369
-5668
-5226
320
-1098
-4860
-68
3916
5921
5107
4726
6123
4190
4274
-2318
-3973
1453
3197
187
4541
2524
-1923
1659
5682
7617
9345
8671
7221
10879
9490
10549
9076
3326
4514
9786
4794
4344
10299
2532
3836
584
-962
336
-3851
1268
-6038
-1470
-2377
-3729
-9888
-10270
-10298
-11746
-3586
-13579
-16406
-6921
-3466
-3802
-3012
-2812
-4161
-5147
1978
-4312
-772
-3547
-1646
-344
-6387
-2726
3202
-4522
-2342
3758
5116
-2151
1595
4879
6348
7671
10397
13247
13501
13761
13866
13923
8110
9686
12031
9589
12725
8820
5923
7640
7866
1071
-3539
3422
2633
-1577
-6309
-5236
-2994
-8474
-8869
-9460
-9855
-5994
-7823
-14492
-11796
-6154
-5831
-7195
-5744
-8430
-4682
-3590
-1590
74
-3566
626
251
788
1265
3702
6533
11393
4936
8236
6619
4047
9558
7993
18381
8213
13451
14395
13462
14735
7068
7237
6108
6789
3418
9663
1703
2061
484
-1026
-1930
-2963
-4403
-3588
-4929
-7177
-8581
-8890
-9644
-10408
-11718
-11675
-10992
-8528
-14238
-12232
-7675
-6647
-3361
-7330
-3833
-2712
-747
1369
3234
4132
5019
7739
7975
7042
10868
14690
11481
9333
10847
16007
9629
13811
16951
15509
13979
13741
14885
13383
14551
11316
9974
6371
7515
6413
6281
6000
1402
687
-677
-669
-5918
-6527
-6807
-8773
-12220
-14618
-13806
-16171
-16254
-17592
-14229
-13825
-12623
-16289
-13230
-7180
-7134
-7302
-6841
-2223
-1074
185
-681
2325
1797
6852
3519
9826
15070
14255
13879
15934
19287
15938
17563
5636
6878
8228
9540
12651
9021
10504
10779
9590
6998
6879
5802
3638
3292
224
-1491
-3108
-5330
-7104
-6054
-10413
-5972
-7435
-16507
-11450
-16860
-13310
-12009
-15149
-16949
-10989
-8896
-8376
-13380
-17796
-11046
-5860
-2453
-1149
705
-3950
-4965
3260
4180
3881
10307
5623
8188
7929
12442
9473
15608
14108
18068
12084
7965
8595
8615
8812
13831
7645
7008
6079
6035
4721
1630
-483
3661
2754
-4335
-2846
-3415
-10042
-5164
-7670
-10019
-12145
-9301
-7157
-8236
-12454
-10950
-5603
-8635
-15339
-11729
-7325
-4793
511
-9872
-9706
1113
-509
1637
-883
-1868
3541
4728
4275
8934
15059
10687
11591
15598
17966
17128
15629
17336
14647
16842
9850
5869
10053
8381
8825
8001
7844
6812
5896
3380
-1481
-1630
1361
-2031
-946
660
-2024
-2954
-4167
-3932
-2890
-4191
-4321
-2193
-4879
-4255
-4113
-5054
-11167
-8455
-6926
-7942
-5597
-8415
-14022
-13461
-4012
-6123
-5680
-4229
-5082
4794
4353
7832
12648
12464
2849
14883
16822
8732
9127
13910
15931
13537
9717
6890
-1401
9019
8638
5215
6356
7355
-1304
600
708
-1037
-135
2327
807
-1471
-4541
4604
2228
-6049
-2595
-4121
-1857
-8040
-1764
1282
-3512
-5338
-8135
-7799
-12447
-7936
-8047
-7123
-6872
-8933
-15581
-8854
-5654
-2441
2591
308
3224
7884
5410
7721
13839
14166
11689
9307
9797
9683
10420
9032
7191
9925
11146
2576
3720
8263
6682
7566
4281
4733
2273
3038
2969
3405
4952
4695
3174
-489
-6734
1469
3508
-437
1333
-363
-2173
-3014
-1242
-3472
-4083
-6821
-7713
-9655
-10081
-10198
-10110
-8908
-9443
-14326
-11388
-6680
-6006
-2615
-2702
1511
3319
1637
4506
10847
5795
4217
7876
5796
9771
7959
8338
9544
7457
14942
7910
6139
4303
6736
12020
8730
9799
11826
8590
4099
9129
9098
6637
7951
-1808
5406
7372
2663
1836
2342
1060
-2682
-3600
-400
-3912
-7273
-6808
-13332
-9894
-17354
-18511
-16916
-12881
-7750
-15641
-15419
-7529
-9052
-1940
-1834
-4213
1070
4521
7487
8754
9185
11054
10999
13895
9356
10143
11755
9706
13361
15731
13243
6568
4870
8667
13846
8779
8380
10007
8030
10075
8542
6499
5318
6550
4113
4343
2385
2173
-1069
-2065
-3243
-5067
-6109
-9886
-8978
-10990
-13180
-11939
-15149
-15998
-16432
-20011
-19417
-12545
-14482
-18752
-12382
-7336
-4332
-2489
1866
6375
6551
6902
10943
11669
12042
12725
14967
16678
20210
13285
12004
18767
16016
18920
11000
10095
13353
14417
13603
9019
12495
10749
9183
8681
6324
5773
4476
4675
3507
2787
1490
-2403
-1222
-1761
-5992
-9191
-9132
-8563
-12088
-14582
-15798
-13449
-15656
-17400
-15291
-14303
-9452
-10360
-12126
-6920
-5368
-807
3896
2881
1628
4977
8259
16635
11769
9159
11954
10660
13627
17541
17193
12619
13401
10435
18534
9144
8487
14371
12623
6319
8583
9560
7814
7812
6425
3530
3252
2389
2241
-4363
-6719
-1446
-8661
-9629
-11423
-12417
-11773
-14510
-17150
-15128
-16480
-16822
-18253
-20616
-20167
-13336
-12646
-10425
-10204
-7450
-6532
-1470
481
-2497
1616
4485
7941
10988
11081
13227
12608
15538
16517
16411
15162
16514
13159
11004
14399
13732
8317
2961
6685
6143
5526
2979
3100
3316
4021
5163
2510
1034
272
-1531
-3580
-1833
-1787
-6975
-7671
-5940
-7360
-10186
-12949
-12709
-12995
-12700
-12407
-9770
-8965
-12084
-10993
-9607
-11331
-3886
-3588
-4731
-1081
-1181
1382
4895
7441
8392
8821
12161
12486
11460
12411
18325
13529
14081
10993
16090
15040
15050
12271
12537
5783
5378
9842
7571
5733
3408
4300
-6831
4009
2649
-7058
2957
-597
-1060
-1436
-1384
-8404
-4630
-5404
-5407
-6864
-12906
-12693
-12995
-16045
-21505
-13237
-14608
-15970
-8623
-11090
-10268
-5727
-2202
-4484
1078
4768
4045
9349
7537
9304
11233
11073
15517
17504
16703
15363
16151
15083
12846
12723
13447
13773
9026
10028
633
3980
9796
3724
6152
5356
3272
462
268
1169
531
-965
-2002
-1558
-3351
-1607
-3003
-4388
-6368
-9470
-9491
-14738
-11875
-10638
-8975
-11574
-14449
-7463
-9599
-16156
-12511
-4556
1647
2652
-4463
2872
1334
1495
7258
9412
6930
5447
8564
11099
14451
11643
10442
8877
11626
9655
10897
12069
8098
9489
12213
5160
1431
8909
5886
6394
4305
5516
5696
5861
7056
4061
4244
856
-1577
485
-563
-1197
-6122
-10699
-11021
-7823
-8103
-13775
-7685
-8972
-14101
-9623
-5287
-13072
-7996
-4216
-4693
-3315
-5727
-6374
-6428
1643
527
576
5010
5168
3284
9559
5879
13575
11749
9607
15157
13954
6006
9914
10429
14585
12977
11824
5906
991
4552
4777
4694
4837
-2797
4205
6604
6830
-1781
-2593
1501
-824
-386
-2729
-1883
-5528
-7397
-5716
-12265
-12987
-15594
-11167
-5907
-12129
-16172
-12144
-9972
-5049
-12866
-8334
-6093
-1876
-10112
-8422
514
-1275
4146
4056
4563
7181
7683
10693
12278
11891
14946
15181
14345
13698
12268
11181
11290
11076
13878
10578
2139
7876
8234
7747
9409
3946
7066
5710
4309
2578
-1508
-689
-2016
-4681
-6283
-5503
-7176
-7825
-7568
-9000
-8735
-8789
-7123
-7285
-9914
-11879
-7284
-6790
-8281
-11220
-11497
-9427
-5657
-6517
-10443
-2241
166
6398
3067
4254
5700
7429
9652
11100
11486
14262
15147
15003
8373
9094
11771
9054
9571
8408
8706
5336
505
3573
3001
4066
167
-513
2059
354
875
-642
-425
-4087
-3717
-5957
-4385
-6473
-9745
-6857
-7431
-7418
-7858
-4991
-7891
-4825
-4547
-6300
-2577
-4640
-5574
-5575
-1979
1635
5789
-2846
-789
10477
8068
10381
10306
12504
12880
8062
14166
16906
15922
17881
15683
14349
14572
13686
9423
8324
6094
7079
3199
826
6258
4412
4654
4679
1883
-3928
-569
-5814
-4036
-4149
-12321
-5579
-6816
-7638
-7685
-9705
-7260
-7789
-4106
-4522
-7044
-6349
-2375
-713
-3393
-3173
-1451
-189
-41
-363
2140
3207
-2681
-5333
-2336
3727
9055
12880
11603
11248
12374
14467
8486
9289
9816
14625
14399
12772
7144
7500
6900
6201
5067
4142
-5208
-4081
680
-2839
-3287
-3124
-2377
-4821
-5639
-9116
-10135
-12353
-10690
-6812
-6670
-2588
-6474
-5434
-3353
-3224
-4858
-3384
-187
-1683
-2154
1076
3040
3302
-5321
-7047
-1334
-1365
7413
811
-2845
6439
7902
10098
8568
8479
6728
8824
10953
11113
10617
12078
12540
9234
8501
6518
4239
4218
6005
5449
4970
-1366
-6333
-2034
-4717
-2664
-7137
-5345
-9554
-9548
-3546
-4613
-2976
-3230
-4565
-2870
-6278
-3734
-2091
-3211
-2219
-125
3676
-847
-3651
4005
2621
-1483
-2431
-2597
-4286
-1205
-1243
280
-1256
-6139
1587
2074
2694
4618
4938
5320
5801
5199
6548
7842
6139
8131
7780
8898
6803
6667
6289
4666
3042
1211
1730
-1454
2292
301
-1850
460
605
-325
-1134
235
-204
1351
533
-489
5180
7960
-2050
-1806
8043
6819
3653
820
1223
2496
-215
-1087
-2114
1929
-5286
-6939
-2766
-7560
-873
112
-8703
-6930
792
339
287
-1492
-3874
149
1521
3453
3373
2610
2797
3138
5196
4934
4595
5241
6567
5014
3345
919
-4184
-829
1907
-1611
-645
-1238
-1121
-1629
-2163
-6073
-3883
-1123
-2490
2207
-3751
2149
3087
3810
-365
3367
5458
4660
4115
-1913
-2416
-4304
-4974
-5508
-6119
-8176
-10361
-8251
-4769
-9203
-10817
-730
-2109
-1527
226
-2053
-1231
464
4588
4996
6879
5483
4900
8240
9469
8300
5907
7669
9109
11179
7995
1748
6810
5983
-1066
3105
3796
3322
5211
2927
-949
3085
8396
3176
3315
7225
8301
5269
3664
4078
5049
2087
1811
3897
-741
-5198
-6113
-2830
-4125
-6165
-8029
-7860
-8883
-3512
-5890
-11924
-2479
-5565
-4505
-851
774
1394
1309
5220
4838
6058
7498
7112
5999
6327
7242
8836
5365
901
3709
4478
2518
2627
6844
3719
3351
3899
3433
4152
3388
1576
-365
-36
-3149
4446
6797
6564
4646
5072
2081
1265
528
-1304
484
-6960
-3760
-9843
-7123
-8120
-13288
-11205
-6005
-9498
-12425
-10742
-11786
-989
3351
-344
-346
-39
7320
8878
10679
10160
13510
11678
3589
14053
14037
12899
14070
9342
10705
11293
8773
4226
-2025
960
2364
-154
632
-98
-8
5681
1220
-545
3108
2381
1809
570
2241
955
-3756
-72
1263
-2785
-5665
-8150
-2980
-5299
-6658
-8353
-8463
-9211
-10053
-8923
-7895
-6644
-5037
-9850
-3516
4054
4007
10937
767
1844
9041
8856
11966
12008
12699
13296
13068
12951
12833
11110
9969
8606
6334
3199
5483
-2613
93
3314
1004
3900
912
4318
1496
-3832
2910
2897
2003
-2562
-2163
533
992
3650
-4453
-214
1524
-766
-644
-3389
-3203
-3554
-4851
-4228
-7709
-10224
-7486
-5131
-5615
-11051
-6749
-7602
1887
1386
-178
2755
3016
4319
10476
3406
6551
8890
10370
8802
8821
6147
6289
8594
6423
2168
1161
1654
-7460
-1068
-3833
-3182
224
-1317
-4171
-1529
-880
1771
1467
1941
4456
159
3789
-1532
2070
419
2553
2051
-916
-5600
1019
4394
2624
-3476
-7627
-446
-4049
-6549
-5527
-5799
-4052
-3313
-5532
-2777
-1573
2611
4369
2951
3411
7741
2197
6262
8396
6830
6077
4881
6340
4893
-225
-532
1951
1153
2067
518
-8086
-2841
5463
2213
-457
1490
5489
5221
4614
3922
5756
6118
7976
8468
5822
6908
4029
7167
584
-2837
2580
2597
-222
-1519
-2921
-4749
-1357
-5152
-6156
-8867
-7143
-7341
-7624
-6609
-11166
2213
2071
-2823
4380
-885
-1188
6634
100
217
7179
5329
-709
3096
4952
1284
1809
4922
-2690
168
-178
-6415
-425
-318
-204
7537
3617
4435
3289
6177
7240
7466
5384
-171
5745
1936
10240
2132
-64
3482
1733
657
279
1372
-149
-116
-4895
-6861
-2492
-3161
-5778
-7725
-7754
-1494
-3059
-8979
-3581
-1205
-58
2712
-323
-63
1103
1930
2426
2860
2424
1602
1920
2905
137
-1274
-1638
-2192
-660
2135
1129
-1672
-360
3248
11005
6474
4566
9658
8556
8792
7809
6026
7208
6503
4123
3485
8710
7612
1795
-400
4675
-2283
-5864
-5136
-4563
-7486
-8025
-8912
-9705
-12449
-14651
-7747
-7981
-13993
-9452
-13755
-3028
-9077
-7179
375
-310
2212
1653
2525
2158
3164
5381
4555
1111
