3360
6759
7649
9972
10137
9900
10396
10933
9951
8836
9359
8627
8756
6334
5203
11853
11262
787
2792
8343
4082
6160
4329
4419
4277
3637
2750
2338
2174
334
-1796
-8478
-6133
-9388
-12626
-11190
-13560
-14718
-11191
-8450
-9681
-8269
-6328
-6959
-6248
-4301
-2655
-3263
3365
951
-4090
1884
6464
7107
9106
12235
12917
13790
14868
15242
14616
13678
12475
11188
11471
10793
10384
8900
8224
9572
10296
9166
1609
1682
5569
3779
5257
4135
5350
3678
3166
3591
-3613
-3419
-2963
-5535
-8846
-10037
-9447
-12621
-12819
-10756
-11920
-10455
-6725
-7117
-5158
-5015
-4293
-5595
-5241
-3839
-6449
-600
-2995
-3271
2823
5786
8183
8117
10570
10668
9773
9927
11373
11862
11434
11076
8925
8197
10851
10915
8143
9429
9005
7659
9398
-1474
-2639
1623
-679
1608
798
-5779
-11200
-6180
187
1142
972
-1841
-874
-2664
-3256
-4017
-4078
-3022
-3465
-1209
-2893
-5708
-2116
-1979
-1071
-3313
-9233
-9531
-10420
-7034
-4831
-5513
-10572
-5276
-1301
-671
-2175
1854
6295
6722
9549
9366
7767
8043
10977
9027
7894
5463
13515
13635
12275
11995
10873
13580
3930
5534
6899
-2488
4489
-2680
-3152
-2317
-4760
-4158
-3449
-5670
-4263
-4137
-7335
-7026
-6722
-3197
254
-2858
-5360
-2978
-650
1939
-2181
-2486
-2723
-4169
-4925
-2228
-754
301
-4171
-5651
-316
3766
6215
3798
11369
7735
9175
11510
10625
11562
11167
10662
8913
11386
10313
13129
12528
13071
12084
12613
9938
-1829
4448
6326
3374
5974
3767
4654
2936
4203
2118
-48
-403
-3312
-4961
-4196
-3550
-3380
-613
-3825
-4316
-3011
-1592
-839
-1723
-896
-3501
-5356
-8378
-11164
-11068
-6728
-7283
-11238
-10192
-5953
-3689
-3490
-324
2128
3456
1347
11450
11240
13235
14578
14714
15122
14022
10172
10564
8570
4268
3757
4914
5150
-2095
-1527
7660
5150
6681
4204
3951
1544
1558
-623
-173
-42
-1071
-894
-1627
2076
-8965
-10344
-6274
-5882
-5749
-6389
-6166
-5679
-7146
-6920
-7968
-9485
-8692
-9910
-4876
-8026
-11645
-5978
-3597
-349
-3656
1419
6339
5776
9582
9662
12184
15135
16856
17919
14937
10918
12026
14871
14674
15868
11490
10644
7045
-1050
-291
4493
4916
4472
3967
1964
1432
-860
-2149
-2177
-1066
-1256
-7811
-3669
-6796
-4666
-3477
-2959
-2378
-2529
-2482
-5576
-3973
-3467
-6802
-6466
-5055
-7347
-8078
-3710
-5327
-4807
-3718
-295
2987
1215
4789
7125
8110
9520
10246
10218
8149
8246
15025
15134
16382
16109
14040
15368
11988
12173
11759
8618
2015
908
2148
2509
2173
-1344
-2207
-5047
-5260
-5760
-5314
-2879
-3438
-6697
-4097
-3790
-5789
-4097
-6516
-6322
-7415
-8307
-6701
-8589
-9274
-10554
-10745
-8411
-10466
-6569
-3362
-4079
-2366
-424
6096
5387
6193
10126
11319
11363
7181
9981
11272
11400
10740
8872
9724
9577
10517
9965
9892
8278
5919
6917
4363
-4167
-2575
-2950
-4032
-4605
-7683
-6433
-8173
-6776
-5870
-2091
-2935
-5378
-5083
-4129
-3071
-4102
-2169
-3480
-5874
-6928
-8687
-6502
-5994
-9125
-9303
-10092
-10703
-4354
-11622
-7784
-6244
-10065
-4603
1132
891
-1077
197
4099
10527
14884
15909
15063
16858
15979
15100
15286
15483
14932
14855
7012
7239
6125
8041
5833
-2829
155
-1201
-2713
-4095
-6139
-3816
-6234
-1271
19
-4378
-1339
318
2846
2048
2415
3008
-4184
-4197
-1021
-1745
-1542
-2425
-3345
-2151
-2997
-1868
-1231
-2012
-954
4042
2699
-5818
-1334
4946
5632
5143
8027
7975
6681
8347
9069
9779
10029
11042
10406
11018
11727
12552
11739
9655
7836
5738
5904
1308
-3634
-3409
-4010
-3836
-2632
-4124
-2657
1451
-1502
-1123
1764
1708
3100
95
1529
5025
1558
1392
1968
-1772
-1831
-1748
-2705
-4597
-6137
-6306
-1051
-651
-5062
-5276
1444
-154
-3356
2680
5909
5235
8821
9507
10890
11070
13851
13620
13170
14708
12417
13960
12529
12705
10666
9095
7051
7208
4013
3828
1156
-7702
-3397
-4525
-2349
-4404
777
398
-2376
-3053
-4787
-1416
655
2549
2449
4294
3858
3698
5279
3343
2531
1632
2771
1758
1637
110
-5354
-1201
-1400
-5748
1221
-1275
-4675
-61
2436
5982
5101
7955
10646
10347
11123
11405
10454
10082
10648
10218
10201
8358
7867
6143
6260
4488
3569
2143
396
-3066
-7825
-6124
-4915
-3085
2118
1127
-3568
828
2898
2448
3414
7098
3683
2472
6618
4116
5291
5612
5214
6205
4571
833
-2184
-3058
-3510
-4292
-4625
-4285
-5707
-2959
-2217
-10006
-3338
-1293
-1703
115
1712
5381
3608
6368
4436
7410
8013
6574
6822
6316
7170
6703
6956
4379
3403
-538
948
5417
-4003
-6344
-4082
-4450
-5307
-3583
1154
-2196
78
1289
1384
4158
2433
1876
3620
3155
3729
4213
185
-3468
-4335
-4196
-5756
678
-1526
-2522
-3741
-11447
-3343
-11773
-8362
-9018
-8531
-7446
-4624
-6699
1960
4054
-1039
-4184
-553
70
1679
1339
581
824
-854
-706
-468
505
-505
-886
-3484
-1523
425
-8446
-6655
1536
-264
-710
1365
3015
5096
5653
9115
9603
9842
12916
11309
11328
5146
3320
8307
6494
5567
3019
2124
93
-475
-459
-5043
-5136
-5350
-4534
-7005
-2961
-5473
-10476
-3196
-3281
-743
-1208
-222
-329
-2678
-1962
6136
7688
7951
7663
5705
4902
5140
6233
6280
6052
4801
4929
5845
6393
4160
1729
6526
8396
9689
10895
11111
14093
13339
12894
12216
11188
1167
2355
5278
4404
4400
1510
926
1695
-1438
-2671
-5300
-6983
-11618
-13198
-14079
-14650
-15648
-14001
-9332
-15052
-10059
-7117
-4712
-4411
-2844
404
-610
1732
-992
-2800
4820
6243
6621
6476
6516
6586
2912
5796
5640
7581
7477
8222
13087
4113
7196
1731
4841
8969
9786
12932
10603
9480
7290
5804
7979
7209
3711
3627
1742
2085
3464
3760
2628
615
242
-3166
-5628
-7869
-8136
-8729
-10035
-12148
-7303
-7866
-12969
-5688
-5146
-961
546
-1872
3548
3574
2626
5704
6462
6546
6860
5149
6576
6273
8189
6829
8870
10898
7620
11550
11223
15110
8924
7274
13063
9864
12687
6222
3290
5934
7000
7797
5750
6793
7713
7590
6427
6162
3747
73
-796
-2928
-3600
-6815
-8291
-10963
-10594
-8024
-9382
-9109
-10306
-7786
-7455
-10027
-6770
-2813
-2894
-2066
-846
1227
2614
3420
5832
5067
4328
7571
7779
6318
7078
8079
8473
10568
11936
13004
12688
11932
14305
5893
4405
4426
2138
3832
10733
12354
10913
11804
9999
2262
2573
2295
3044
2604
2773
1203
-1870
-4564
-3810
-7042
-8899
-8933
-12035
-13094
-14318
-15592
-15216
-15510
-12024
-13346
-18171
-9618
-4753
-1294
-1795
231
1901
3484
4889
5406
5835
7199
8145
8893
8058
9146
10369
11886
16986
13394
15141
16042
15376
11471
8123
12193
9452
12304
11100
9887
11651
10846
10367
2223
4418
3360
2074
4411
4230
2231
1103
-440
-4380
-2742
-4428
-9368
-7861
-11064
-14152
-12743
-16266
-16123
-16074
-13383
-11727
-16453
-9194
-9098
-8442
-8272
-4717
-1382
-1626
842
-3232
-527
659
3225
2321
3538
5591
10008
12054
11982
12083
8816
15450
17831
15877
6275
6322
10165
9471
10603
8329
7246
7331
9076
8157
7567
6856
5339
3815
5040
3299
1465
1941
8
-3714
-3924
-5596
-7248
-9557
-11196
-11968
-12937
-11298
-11386
-5686
-8911
-14025
-8810
-3578
-3813
-3145
244
-688
-270
693
-874
1
2237
5363
3237
10314
14354
3966
11537
14584
16085
17920
15463
18074
14936
8468
9398
12466
11271
12328
10783
9296
7117
5751
6074
3769
2842
3706
856
-1254
-2241
-5374
-5437
-7539
-9748
-9211
-11535
-13828
-16578
-15550
-17509
-18106
-16972
-17276
-11238
-18066
-17448
-5099
-4479
-411
-2652
1665
1764
-4313
-1081
-1424
970
1997
4263
3888
4359
6720
9117
10303
10714
8562
11285
12934
13940
11448
3344
8750
9961
10071
9516
8134
8698
7105
6738
5592
4273
2019
102
-3148
-4657
1803
410
-1648
-3544
-6167
-6835
-5349
-7738
-15408
-17493
-18219
-17353
-18543
-14471
-9290
-12171
-12515
-7664
-5200
-1422
-1723
1398
3082
3616
5751
4846
6537
5145
12275
13016
13231
17447
17089
18209
18625
18940
18429
16966
12739
10014
3094
11848
13576
10283
11929
9592
9914
8665
7851
7968
7340
5649
3359
2121
45
-8555
-10719
-8953
-9570
-9393
-9890
-11569
-11461
-15442
-12626
-15550
-14965
-14996
-13016
-11421
-15046
-10396
-9847
-6354
-4181
-3247
-2417
-543
-3530
-2630
3721
6690
11023
7947
7899
9887
10792
13346
12345
13857
15156
15335
15347
17690
10326
7657
12905
9830
11940
11102
10863
9206
7994
7153
7681
5347
3385
2331
-2773
-1136
-1689
-5138
-7747
-9543
-10958
-12037
-11249
-10727
-14269
-15221
-15747
-14750
-15448
-10363
-6489
-12796
-12390
-10048
-8400
-9738
-8145
-5193
-2259
-75
5302
8077
8788
12149
13071
18522
18067
18521
18958
18803
19013
17833
17074
16236
14889
7589
4683
6593
5757
5676
6502
3680
3399
1565
390
-624
-3771
-3228
-4760
-7989
-9421
-2572
-6035
-6287
-14286
-14468
-15384
-15213
-14241
-14976
-15055
-15622
-15076
-13655
-7133
-8897
-12161
-11363
-9391
-4629
-4043
-4297
-26
341
3843
9818
10559
12025
14678
18349
18240
17821
18961
18546
18968
17358
16745
17265
16097
16454
2620
3752
7877
3281
5725
2603
1131
902
-13
646
-300
-2215
-1753
-5516
-6595
-5559
-6845
-8595
-7027
-8970
-8619
-9853
-9302
-11379
-14176
-14943
-17154
-17624
-13613
-7286
-10889
-12071
-9600
-4316
533
-1315
2800
7096
11494
11335
12622
14966
17736
19558
19322
19599
18534
20390
18604
19907
12354
12782
12622
12701
13707
4186
7470
5575
2973
3015
2362
3824
-145
1094
-103
-1519
-2970
-1361
234
-1912
-4448
-4500
-5389
-6938
-5988
-6679
-5677
-7365
-9489
-9238
-12760
-14783
-15259
-12172
-8080
-10788
-13378
-7934
-5788
-4637
-1229
2578
6927
6809
7865
8613
11444
14802
14604
15440
16362
17466
17249
17177
17847
15259
16046
13877
13826
3950
-142
2754
581
4212
2394
4034
1175
273
-373
-853
4
-3857
-4836
-4633
-5136
-5569
-7510
-8889
-10562
-10918
-12121
-5267
-5154
-10042
-10142
-8856
-10692
-12210
-10062
-14966
-15038
-16351
-8899
-5739
-5273
1444
3942
4559
7622
10040
8610
11090
10871
18935
18624
17829
18044
16772
17048
17479
15289
13907
12343
9958
5339
-4685
-880
-3
305
-1598
-3330
-4285
-1650
-1957
-887
-268
-1942
929
-2838
-2122
-1311
-1894
-2068
-2513
-2425
-6439
-7766
-8881
-9337
-9457
-12286
-13712
-14924
-13063
-10832
-13850
-12228
-5182
-4208
1240
5481
4774
8472
12865
14279
14704
15946
16535
17061
16202
16641
16335
15291
14399
15150
11457
9832
11674
10334
1942
462
2293
1616
3746
1833
2167
-688
1266
-889
223
256
-1665
459
-1254
-1761
-3336
-4695
-11056
-11953
-10700
-10806
-11347
-13607
-15817
-16675
-15277
-17393
-16231
-12915
-9084
-11074
-10506
-1140
636
-6
6375
10062
9723
12683
12673
14336
14902
15620
15714
15483
13496
12937
13147
10007
8180
6062
7589
8493
7130
-3527
1078
4816
3275
4867
3366
5493
3970
5893
6023
6291
4183
4559
4331
1032
-568
-3777
-4403
-6574
-7353
-7351
-9826
-11630
-12207
-14106
-13348
-14392
-19318
-15419
-14752
-14834
-17972
-12639
4925
-617
4724
7688
8252
12899
12034
15113
6179
7767
9785
9407
8475
8882
13320
12548
11392
10790
11154
13667
12299
6188
8561
7119
7439
9217
7711
8459
7151
8921
6979
5984
5201
4403
418
-136
1439
1053
-316
-4613
-3302
-7300
-6899
-8261
-10826
-10624
-14942
-11642
-13846
-14933
-11227
-11219
-14792
-9494
-5842
-5409
-1420
-1020
2347
1671
5786
6389
3942
7407
7337
9217
15918
14914
17435
16268
15339
14328
15740
7436
9447
4490
-1666
3531
875
2084
2247
2570
3988
1769
2882
-1655
960
939
686
1518
-5580
-2395
-4988
-8339
-8700
-11134
-13272
-15280
-16523
-18867
-21125
-22248
-20973
-21889
-16807
-14965
-15589
-13294
-9108
-3671
-4931
-2370
3020
4205
4095
5685
4774
8421
11032
10803
11789
10680
12839
10234
11095
11487
10143
10206
11019
10551
1546
3509
5724
4622
6691
3296
4622
1824
-1567
20
-770
-2483
-4745
2257
2368
393
-2090
-2788
-6029
-8411
-10110
-11298
-12058
-13712
-13288
-15556
-17362
-14884
-14415
-17693
-13662
-14806
-10890
-5642
-2260
-2539
-492
1559
3229
4218
5388
8224
9834
12126
11084
12844
14584
15511
13941
16094
15856
16042
15335
16618
14462
6045
12190
9314
9431
5965
4155
7545
6665
5907
3379
3243
1232
560
-482
-547
-3312
-3340
-7496
-10208
-8806
-12770
-14371
-14614
-15958
-15265
-15467
-15313
-13199
-10159
-4885
-9010
-7686
41
301
3218
4531
9821
13113
11208
11992
11349
12388
12476
13392
15927
13985
13432
13853
13647
12484
13232
12263
13318
13391
2326
5438
3068
1897
8410
6314
7047
4651
4222
2707
873
-750
-2584
-5095
-7556
-8191
-9958
-11997
-15199
-16920
-17043
-16704
-17187
-16138
-16368
-15678
-14393
-16914
-11574
-6320
-8275
-8896
-4176
-254
2093
6641
9634
7886
10966
14935
14290
16124
16422
17662
17642
16872
16758
14848
12852
12905
19228
17918
10155
12312
1103
-3188
3531
3232
6788
5539
4527
2761
4099
3820
1629
2713
188
-819
-2709
-5943
-6993
-9535
-11198
-12215
-16641
-16797
-17963
-20857
-20231
-19290
-14461
-15916
-14361
-5652
-6431
-8517
-7729
-3355
-89
2546
6344
6502
8905
11852
12467
14775
16243
17405
18546
18155
18695
17798
16226
17006
11939
11574
9768
7346
4294
-6172
7067
6068
4753
5688
4011
5625
4591
4528
2528
2102
-513
860
-7563
-8262
-8410
-10670
-12566
-14242
-13682
-14342
-16189
-17469
-18826
-19910
-18911
-19194
-18926
-18107
-4199
-5452
-13429
-6131
-2927
-1953
2534
7878
7461
11405
11795
14751
17810
17183
20923
21102
19911
20418
18208
17158
7889
6324
10829
9377
8152
-2927
-1077
8478
7298
7461
5087
4516
-4323
-855
-1474
-1620
-3643
-4622
-6006
-7053
-7552
-9715
-10157
-14298
-15891
-15753
-14998
-13555
-15908
-15636
-12835
-13264
-9868
-7478
-5033
-5718
-9390
185
4858
5044
9354
10455
12746
14471
14351
15181
15062
16143
16111
14970
15983
14215
8353
12852
11806
9334
9982
9545
7883
-1331
2073
5455
7702
7586
4537
3502
1480
1268
726
-1626
-3489
-4885
-7328
-8624
-2988
-12688
-14281
-8765
-19080
-19447
-19322
-17795
-20934
-19762
-15745
-18314
-14505
-14506
-14970
-11160
-13850
-11503
3484
3992
6590
1599
4465
9634
9085
13685
13524
15119
17176
17634
15538
11586
15437
13950
13355
10791
12841
12642
15991
7458
3427
9659
4756
9433
5992
7440
6464
5172
5326
3020
3281
-427
-2
-2911
-5659
-5354
-5943
-10334
-11248
-12112
-13827
-14775
-14747
-13339
-13164
-10705
-10697
-9712
-6843
-3872
-4319
-5731
2840
5273
3287
7705
9884
9397
11255
12109
11916
15601
10898
11422
12135
9897
20278
19334
17560
14342
15829
14218
15225
11651
5059
1113
1053
2596
981
-263
-2359
5443
5760
1739
-17
642
-1418
-2496
-2479
-5973
-14027
-16120
-15742
-17595
-17671
-17808
-19028
-19732
-14222
-10530
-10033
-10792
-7888
-2904
-1861
-5939
-4045
3352
4082
6971
11320
12902
14181
16176
13577
13948
19634
19855
20841
19958
19595
18553
18473
16428
8858
13486
10201
10925
3391
-1026
3757
790
9104
5829
5298
-1670
-3673
-4820
-4065
-4528
-6346
-7344
-9912
-11226
-13871
-14668
-14874
-17924
-16201
-12969
-14883
-13566
-13107
-10386
-8883
-11638
-10999
-8872
-1693
-8337
-8880
1931
2252
6225
10359
13902
12620
11421
14817
14955
15225
16743
15453
15448
15543
17357
16181
13669
14531
17159
15365
14326
8575
1179
8859
6358
5576
6346
3675
3746
3828
2507
573
-1455
-4065
-4162
-6661
-7900
-9430
-12964
-15194
-15926
-17741
-17843
-18544
-18313
-13860
-11874
-13460
-10438
-8098
-8671
-2771
-470
-4080
861
4488
7082
9997
6544
10074
14568
14611
16812
19377
18885
18953
19961
18875
19386
17813
15416
15153
16328
15143
11800
12423
4024
1410
5000
3704
5081
2058
2265
1513
467
984
-1869
-3403
-4916
-6343
-7547
-8366
-10696
-12822
-13952
-14383
-14691
-11201
-11263
-14109
-9648
-10213
-11617
-8378
-7968
-6343
-57
-6156
-4731
-339
-901
3404
5501
11016
11753
10584
10468
13437
14609
14751
13357
12794
14449
9998
17182
17499
16491
15290
14295
14519
-2153
-2688
-899
-1819
479
-933
134
-242
-1640
-1160
-2866
-4280
-5157
-7359
-7354
-12241
-14946
-15702
-15499
-17652
-19928
-18041
-10199
-9200
-5553
-5585
-7707
-4821
-2216
-1911
621
6875
-4218
-2385
2732
3379
10116
10489
11960
14651
15377
19215
19616
19451
19562
21672
18664
16774
17812
17634
16287
14710
12333
12558
10549
-1227
1817
1079
-1392
-1593
-5972
-7901
-2838
-2363
-3236
-3835
-4856
-6004
-7673
-8102
-9695
-9663
-9769
-10898
-10000
-11303
-9655
-7834
-5213
-4600
-4279
-3747
-1189
-5768
-9502
4117
-35
-21
10816
9171
12035
13769
14723
18255
17308
17406
18514
19837
19820
20866
9771
8856
11006
11458
12281
11655
11675
9317
11565
667
1582
2202
-1703
1827
-343
-384
-1179
209
-5663
-5508
-7194
-9883
-11304
-10457
-12893
-14552
-12200
-12597
-10501
-9193
-6692
-4881
-1852
-3466
-4073
-1256
-2641
-6908
-2670
3818
2015
-366
3486
9474
8925
13443
15218
12704
13141
12578
13299
12557
13143
13600
10802
8702
10417
9143
9065
4946
5083
4761
4872
2823
-7431
-1316
-1808
-3702
-1808
-797
-49
-1709
76
-3257
-3020
-2367
-5862
-6058
-6638
-7489
-8283
-6580
-6386
-5602
-5866
-3775
-2913
-5798
-3182
-6958
-4056
-429
-1217
3584
5043
-1847
4712
8204
8628
12203
10931
16003
15091
14174
15614
15270
13204
12410
15394
12880
13831
14160
11449
10385
10263
10672
8045
8108
-3896
-11778
-5058
-4657
-4617
-5844
-4972
-7013
-997
1771
-1773
-3469
-2274
-1986
-2629
-2695
-11362
-11451
-11531
-9324
-8737
-5739
-6132
-12703
-12257
-9126
-8670
-8239
-6655
-7167
-1683
-4988
-6675
1856
2571
4057
7540
6917
5326
8032
5351
13737
14888
15920
14578
11853
14999
12359
10738
11192
11321
10230
11381
8686
211
-5385
-7044
-1135
-3270
-2011
-4338
-3005
-2642
-1858
-1712
-2542
-1483
-3726
-2248
-3105
-4553
-5156
-5340
-4578
-3266
-4536
-5300
-5396
-4996
-5386
-5561
-814
-1497
-2236
-1674
-1116
-4440
-3670
1279
384
1886
1239
3714
12148
12134
6632
7451
8678
6321
9718
10284
8502
9427
5953
6621
6223
3703
3297
9094
375
-6079
3420
-265
2527
5350
2128
454
267
2312
666
-838
-1197
-2030
-2305
-1872
-1817
-4213
-3729
-6316
-5169
-3319
-6474
-2584
-4477
-2646
-5304
-4357
-929
-4772
1419
-1718
-3131
499
-529
2554
3732
5377
4762
6686
6433
8877
11578
7897
8895
11041
10109
9277
10749
8559
9391
9405
7934
5821
7062
-4322
-9454
5168
3988
5611
1912
3508
2736
1203
1355
1405
1165
-8385
-6962
-10964
-11328
-14047
-15599
-12837
-4612
-387
-13774
-14247
-11048
-11791
-2931
-4345
-2517
-2736
-270
524
-4029
-1736
4691
8408
8325
9716
11562
4397
5885
8016
9536
9072
11108
12527
13358
11193
12478
14686
13078
11847
10345
9385
10348
4402
-1609
7054
2814
4640
5307
3184
3642
1517
2722
-1362
421
-2067
-1028
-7033
-8860
-3958
-5893
-6603
-3923
-1085
-6260
-5472
-4311
-4755
-6122
-4525
-6291
-8999
-3733
-3612
-3013
-6743
-2393
2679
4319
9992
9400
10640
11810
11617
12837
10935
11786
10724
9008
7569
4854
6990
5904
4901
11138
3130
3975
6403
-2877
-4541
952
-3067
-712
3525
3251
2275
2122
1308
497
-2540
-9257
-6878
-5961
-13724
-11063
-11332
-11050
-5832
-8717
-9155
-9836
-9065
-5091
-8021
-7317
-4047
-4441
-1829
1669
-3436
-849
9009
10732
8509
12008
9692
11227
13058
9128
7358
6590
10132
8601
8480
8612
6766
6846
6864
7389
8058
6197
5616
4049
-4294
527
1272
-638
1609
-2247
-1416
-2960
-2176
-5569
-11445
-8860
-7691
-6786
-6373
-5118
-5660
-5833
-927
-5078
-6394
-4190
-5857
-7229
-7213
-5146
-7197
-4779
-3258
-1016
-5135
-9218
5425
8396
9490
8028
10579
12729
12591
12689
10362
13509
14084
14412
14927
5349
8316
9834
9373
10198
8149
8190
9426
8334
2306
-60
3589
1810
2560
2082
955
-595
-5887
-4959
-2508
-2632
-4111
-4651
-5229
-4686
-3295
-4227
-1907
-2765
-6205
-3620
-3801
-3459
-3333
-4605
-2497
-2752
-164
4991
-2881
-3774
1149
2803
5463
5869
6138
6338
9607
8977
9079
8600
9931
11253
8227
8044
7896
6580
5288
5093
2679
11106
10100
11249
7985
-1929
4747
4701
3971
4119
-4180
-1853
-694
-1523
-557
-470
-9680
-9817
-9065
-7116
-3421
-5199
-1816
-2666
-4790
-1531
-4091
-1578
-3115
-3079
-5029
-6559
-2362
-2739
1274
-3035
-6185
359
-1912
1933
2033
3602
9552
7231
9749
9557
8248
9684
11891
9927
8921
10290
10069
9942
11315
10712
10309
8762
10352
3694
-2575
2175
108
-4520
-2869
1812
-1215
618
-1990
-3159
-1719
-3794
-5295
-5822
-5245
-5992
-3504
-5613
-7466
-7326
-7670
-7260
-6608
-7239
-9341
-9955
-8985
-4065
-2002
-6441
-4489
820
1873
1455
7140
8696
6534
9879
6740
6888
9855
9308
8654
7652
7971
8014
9558
7041
7505
4991
5917
5869
4434
11010
1770
4676
-2329
601
5201
1095
4943
2108
1966
-387
-1137
-2239
-2756
-9753
-8491
-5201
-1710
-2479
-4496
-1623
-2159
-2366
-2198
-3345
-4745
-4595
-6629
-3653
-719
-7123
-6276
-5735
-3749
-293
582
2612
4592
4672
5398
8214
9678
10334
11816
11240
11206
12658
13023
13618
12975
12930
10750
10800
8440
10928
-3005
-7146
551
-1721
947
-2164
-807
-3631
-1235
-338
-955
-1858
-3171
-3269
-4035
-4153
-2329
1065
-3949
-4316
-3410
-3448
-2553
-3535
-4724
-6432
-6335
-6622
-2156
-796
-5550
-2783
668
569
2151
1638
3467
4291
3759
5036
5753
8774
10823
13212
12991
13534
14213
13614
12944
12507
10833
10034
5205
10224
6961
-145
5015
3879
4060
-2602
-3879
-1260
-3157
-3685
-6350
-5502
-6512
-6222
-6585
-8578
-7280
-7309
-7781
-9689
-10164
-12329
-11639
-11946
-11727
-12835
-13664
-12754
-13595
-8085
-1944
-5337
-823
-4247
-5904
4144
726
1281
3008
3200
8141
7488
6617
17114
16784
17773
17651
18274
17346
17417
16563
10729
7207
13110
11708
1474
6679
5870
4450
4811
3411
3076
-7136
-5316
-6098
-7483
-8781
-9991
-10282
-10782
-13054
-8276
-7630
-11249
-10995
-11883
-11235
-8133
-9340
-9835
-10922
-11906
-7912
-2040
-7201
-9548
1773
-506
2542
3655
6154
10315
8060
11514
11741
13455
14877
17143
15957
17350
16714
15537
16495
16775
12273
11289
12759
12285
13320
1000
5662
5661
3055
4676
-782
-1398
-4547
-4488
-7197
-8551
-4345
-4871
-5424
-5089
-11919
-10266
-10783
-12401
-10654
-10306
-7855
-10735
-8295
-9393
-11467
-8280
-7092
-2829
-1154
-8233
-7282
-400
-4265
-400
7914
9612
14189
10547
14447
17152
15788
16991
11404
13654
13074
12424
13377
7901
11150
12306
11644
13471
9972
7744
2305
2160
922
1620
-1480
-3525
-3145
-5479
-6268
-8693
-7804
-8041
-8473
-9288
-8862
-7299
-2290
-8069
-9933
-7725
-9544
-5154
-11331
-9485
-9066
-10815
-8468
-5512
-3932
-11751
-4877
1441
1082
4617
6851
11676
12100
11743
16299
15668
17391
18771
17984
19226
20077
17180
13200
15161
13267
12195
11735
8129
7696
3430
-1604
1337
-620
-1882
-612
-1451
0
-3456
-3674
-6400
-8176
-7347
-7808
-8451
-9341
-7312
-3028
-3614
-10592
-5993
-7502
-8695
-5213
-8090
-9665
-7378
-7569
-8474
-3563
-6946
-9065
-2956
-1107
1016
7095
6707
11431
10594
11700
17013
16891
18626
16747
16642
13608
13189
12595
12733
9850
9004
7685
5921
4832
3298
-924
-949
-4676
-6330
-5107
-4549
-6283
-6517
-7762
-7148
-10427
-8787
-8972
-10032
-9642
-9539
-7673
-6742
-7757
-11265
-9888
-8503
-9553
-9995
-9865
-9621
-11646
-9164
-341
-2651
-6563
1469
5239
6804
9800
14369
15487
14090
12074
13162
15019
13747
12645
12187
13716
14813
14288
10892
9774
7751
6945
5651
4170
5490
-4697
-5259
634
-4885
-5349
-6510
-6932
-8949
-10382
-2700
-4198
-5188
-6364
-5625
-6034
-5907
-4007
-2152
-8273
-8116
-4755
-6066
-5451
-7369
-5279
-7703
-6093
516
1005
613
-7224
-3421
2452
2276
5937
11136
10693
13430
12357
13667
13735
10186
13448
14518
14442
14756
13845
12889
11100
10513
8787
8200
6862
4402
-3708
-6721
-3055
686
2339
667
-736
-1666
-2018
-2879
-3719
-2768
-12374
-11807
-11127
-9904
-10628
-8170
-10526
-12427
-11087
-13680
-9953
-9643
-11492
-9099
-6761
-2117
-1811
-5121
-4011
1256
3888
6032
8867
10138
10559
14028
15260
7338
7060
10320
10190
10775
11104
11898
12934
13397
13641
13685
11722
11591
10735
12410
3219
94
4374
460
3874
1740
80
-554
-2958
-5343
-8704
-9280
-9988
-15311
-15008
-11959
-12746
-9896
-8856
-10079
-10589
-9843
-8631
-8498
-7882
-6216
-7628
-2261
3135
652
-1288
2935
8933
7239
6892
13915
15144
14388
15390
9214
10214
14926
14996
13641
12466
13186
13819
12985
11843
13242
10528
10071
10509
9703
8462
-2557
154
3350
-775
581
-3499
-3302
-5211
-7401
-7716
-9682
-9280
-10816
-14248
-12280
-11044
-10248
-8221
-12335
-12933
-14753
-12663
-12735
-11655
-12996
-12208
-5264
-7676
-4470
-7603
-1900
4850
3328
6911
10209
10412
6718
7496
11403
8475
9416
11550
10082
10528
9311
10191
10265
9333
9948
9122
6655
7756
6813
4553
-4000
1230
1582
-3602
-885
-3689
-3499
-6290
-5846
-9226
-11589
-13250
-9566
-6681
-6719
-8492
-6965
-3174
-6844
-9726
-6164
-6953
-13348
-13538
-11914
-13273
-10503
-1929
-1917
-6113
2598
6509
5883
11373
8831
10785
11857
14292
16741
15020
12204
12465
14487
17210
15681
13766
16168
14216
14454
13704
11771
10638
9053
4982
-710
687
1475
-101
356
-3075
-4589
-6561
-7658
-8151
-11867
-12621
-12543
-12765
-13712
-11383
-11993
-9247
-7650
-10130
-9285
-10226
-7767
-8989
-7932
-7925
-4903
1181
-1792
-4558
1514
6649
5482
5923
5052
7996
10647
10745
10448
11513
10466
9177
12196
12254
12289
11459
11720
12475
9490
9232
11425
11708
9613
8995
1496
-353
5305
-578
41
-1441
-5321
-4805
-6854
-10055
-9026
-10127
-11872
-9329
-13385
-13295
-16271
-13957
-11776
-16957
-8908
-9012
-6587
-13500
-13783
-12358
-9452
-5289
-5152
-3221
-2073
1689
1777
439
7062
15105
8946
9481
17511
11863
13117
11092
8962
11806
8668
15567
16532
16201
15300
14472
14117
12080
10633
9158
-3244
-5192
-1751
-2792
-1437
-2186
-5450
-6291
-8819
-8926
-10537
-10352
-12248
-13789
-14023
-14931
-12412
-14226
-12651
-11951
-14870
-13915
-14765
-11130
-9442
-11486
-9127
-1747
-2639
-5030
406
520
5457
5858
13677
15890
14138
20136
17525
19890
16648
19040
17597
14757
17047
16332
16242
14065
15134
13119
12747
10696
9953
7413
1526
2929
2968
1178
-1043
-2094
-4185
-6712
-5368
-7415
-9476
-9842
-12591
-12459
-12717
-13118
-14560
-11254
-10540
-7783
-7145
-10308
-8070
-5626
-3252
-4385
-542
1277
2228
-2688
-919
6197
8120
10764
9067
12335
12358
10275
13283
12066
12713
14283
15070
14169
10020
12526
12490
9463
7623
6488
6540
5825
1490
-5221
-3649
-3761
-5723
1468
-2540
-2725
-3511
-3712
-4883
-5933
-6870
-9309
-8141
-15145
-16400
-16680
-16612
-16137
-7904
-9218
-11302
-11643
-14404
-12640
-8190
-5654
-7885
-2388
1538
-285
-5230
2296
3829
10872
17687
16239
9661
10975
11858
12609
13220
14205
13864
13288
10093
6848
8041
8309
6906
6340
6469
6011
94
-1626
277
-2125
-1901
-6298
-8916
-4414
-6636
-5486
-4592
-6019
-7745
-8936
-7462
-6769
-8098
-9149
-10455
-13551
-10338
-12037
-9878
-5335
-8832
-9455
-7490
-9249
-6301
-632
3860
753
-3104
8725
8041
7973
13775
12395
13283
13858
15772
16558
16404
16814
17764
16536
17211
14638
11778
12130
9866
8876
5853
3912
-2791
-5630
-3887
-4899
-6838
135
1035
-536
-1593
-2674
-1943
-4630
-3382
-2383
-14058
-13636
-11817
-10950
-8855
-10326
-9005
-9221
-7890
-3823
-7995
-7806
-13221
-12349
-4051
739
2538
-6496
1359
6910
6511
10315
11679
16739
14663
16859
17144
17017
18134
17000
16401
16318
15952
14467
11241
10480
10286
8482
5780
99
-10
2975
2590
1010
2619
2108
132
-26
-340
-3071
-1575
-1923
-4837
-5825
-7111
-6342
-7364
-6893
-9602
-10643
-10413
-9254
-8683
-8027
-8830
-13365
-7873
-9081
-6202
-1627
-4710
-3344
-542
4648
6564
7166
7455
10759
10005
10168
10879
9933
10510
9966
11512
10667
11296
7757
6058
8202
8518
6698
7441
1791
-4853
-2213
-2664
391
-1194
-3510
-4104
-5328
-4726
-4708
-7070
637
776
-2708
-3197
-4781
-3996
-4888
-6078
-14536
-15263
-13072
-13109
-17863
-17160
-11618
-11636
-14393
-9219
-3253
-7195
-5541
-4058
240
564
2673
6625
6514
10746
10540
14540
14683
16364
15897
14575
16288
16801
16998
12028
11529
12082
12264
8829
1983
-3589
4192
6785
4686
5050
3740
1696
3180
1470
306
2652
415
77
-8053
-8153
-7689
-6866
-8991
-10606
-10980
-13503
-16533
-22071
-17511
-18040
-15194
-10032
-15828
-14684
-6404
-5449
-9809
-4441
744
1376
2628
7390
9829
10261
12241
14790
17803
17997
17581
17415
16721
18423
18407
16812
13315
12384
14643
12621
5686
1708
5869
7352
5824
3702
4958
4003
2677
2625
179
161
635
-300
-1747
-2743
-2952
-3370
-4815
-5520
-7820
-13913
-17643
-16780
-16601
-16573
-18670
-15392
-14456
-7274
-2050
-2813
-6518
1
7891
4769
10489
12718
13568
16876
15595
10019
9408
12405
11940
10576
11356
11401
9398
10213
6886
5498
6992
3254
-426
-5667
103
-861
-2194
-736
-2391
-1191
-1110
992
-129
302
-600
-2118
-2118
-3265
-1927
-4661
-5345
-6446
-9551
-12093
-12693
-13397
-14740
-13876
-13688
-11898
-10726
-5315
-6429
-9519
-10741
-362
1914
3651
9598
9224
15642
15023
16442
16624
18019
18240
18699
18693
18478
19728
17879
15044
15409
10943
6627
14230
7751
-1166
3796
2916
3835
3112
-1418
-1437
-2049
-2253
3507
3566
1885
741
-138
-1993
-2531
-3007
-5378
-10759
-10755
-10729
-11428
-11380
-14299
-15793
-22671
-20203
-16763
-11344
-7819
-12635
-14270
2635
6431
-1699
11177
14436
15809
15277
16556
17707
12224
15141
13159
14724
16141
16970
15623
15154
11097
13241
10843
8158
8171
264
3776
4760
6137
6113
3223
3076
4396
2521
448
-95
-2790
-3954
-5421
-6613
-7566
-9393
-14390
-13728
-13834
-13629
-13099
-14794
-14508
-16538
-14594
-14814
-12500
-7064
-404
-6029
-7883
514
335
6115
6273
8378
11277
9422
9121
12691
14889
14624
16493
16410
15523
15716
14188
12539
13233
12089
11974
8866
4799
1735
1477
3762
4279
3182
2101
3633
3548
3174
2522
1248
2854
1552
41
-735
-2771
-7268
-6686
-5253
-11367
-9364
-11628
-17587
-15183
-18878
-20009
-21587
-19023
-14244
-10293
-11008
-9985
2424
-1124
707
6771
10952
12567
12814
11507
10477
13770
10068
11825
18132
17727
10639
9855
12142
12091
12886
13385
14057
4112
-154
7073
6922
5662
4599
4959
3691
4110
4245
3190
2133
-71
-12
-709
-3390
-5893
-5235
-2965
-4325
-5099
-6634
-8598
-9382
-10483
-11823
-12900
-13344
-12714
-8097
-10062
-11101
-9729
-4312
-959
-372
-1032
4666
9016
7180
11131
8363
10061
10738
11300
11402
10306
9596
14720
15251
14408
13779
13237
10744
10073
1688
1454
7718
6313
6861
4382
5592
-192
-166
-1248
1901
1434
132
-1936
-8596
-5960
-5764
-6082
-7848
-10872
-12152
-14748
-14706
-15945
-18378
-18472
-17222
-17942
-12880
-8856
-7764
-8848
-1170
6896
1476
1153
6363
9527
8482
9374
10690
10151
10279
12625
12915
11342
13232
13764
13730
12643
12791
11852
11406
12173
3552
1470
1465
1246
2573
5669
6338
6362
6616
7633
6042
6056
3088
-3245
-942
2173
1827
234
-2779
-3622
-6188
-6710
-7768
-10276
-10898
-12445
-12352
-13826
-11876
-5727
-7633
-11079
-5314
2687
-3470
-3245
2343
5103
8358
9364
12335
14092
13785
13629
12813
15593
14026
14889
14448
13563
9980
10278
9581
9268
3339
-339
5449
568
5484
7105
4781
5653
5777
7162
7439
4549
-885
2150
2200
71
841
129
-1842
-3080
-3899
-5961
-10233
-12122
-12833
-15265
-14058
-15051
-7714
-7616
-13001
-8178
-4849
-2127
1288
2887
5044
8084
7712
10916
10772
12653
11388
13049
12854
11488
11216
10154
10818
8162
10077
9213
9541
10640
6013
3172
8137
8975
7325
7152
8428
9459
8164
9950
3685
-2684
-877
-1380
-2584
-4417
-6409
-1522
-1751
-2761
-3958
-6276
-9644
-10080
-11622
-11931
-14368
-21368
-17870
-13892
-19388
-19806
-10901
-10648
-8487
-1654
4098
2451
1152
4671
4904
3315
9062
12076
11040
11864
13378
14175
14543
15994
14369
15930
17708
17744
10794
9084
11483
12632
12669
5839
4510
6017
6911
-774
-3339
-1519
-725
-1879
-3150
-3792
-6571
-6581
-7485
-8237
-8938
-10159
-15174
-15756
-17745
-18387
-20189
-20452
-18470
-12772
-13882
-20277
-10557
-14713
-4965
-1012
-1406
7302
10197
6557
6338
9838
12524
16779
14225
16617
15929
8604
10811
10708
11353
13986
12478
13689
10839
-282
9299
10303
8540
12319
9912
9305
7593
4401
5984
5814
3842
4429
1726
2611
759
-2244
-4283
-6045
-8000
-10054
-13220
-16798
-18034
-19577
-20103
-20472
-20987
-12164
-13439
-21363
-10986
-8457
-9653
-6327
-909
1346
1699
6093
7792
11432
11006
15442
16290
16303
15441
15096
15682
16462
16584
15969
19482
18113
16894
7317
12944
13593
12121
14014
10177
8576
364
1381
4171
2495
-618
-1473
-4039
1344
1178
-1413
-3907
-5986
-7260
-8036
-17263
-17841
-18089
-17398
-18829
-18577
-16460
-11737
-11356
-15494
-10496
-8476
-7932
-9702
-6121
-4178
-3314
1439
1732
4885
2995
6458
9111
8863
11064
12231
12674
14942
16893
15251
17275
16262
15242
9493
9028
10659
9800
13423
8555
6959
5210
4507
5233
5435
5030
-457
-2153
-3403
-4728
-7331
-10321
-13230
-7633
-15293
-15746
-15110
-15825
-15650
-15510
-15473
-14003
-10376
-8856
-13314
-11740
-6266
-6818
-6551
-5372
-3849
-1666
-212
2039
5529
4942
6245
9173
10244
13790
12290
14255
14776
14236
14916
15512
16150
16008
13166
8854
12449
13273
12583
6692
3958
7304
6029
1809
1173
2078
-1018
-3998
-6214
-6481
-8736
-10814
-10144
-11980
-13059
-16092
-16644
-16543
-18316
-18279
-17480
-14952
-12372
-7678
-18620
-9458
-6037
-10574
-3422
-10057
-875
798
96
2325
5054
5011
9065
11166
9419
14035
12171
14692
12408
14590
14088
14345
14396
14409
11560
5185
11251
9736
6512
3131
5398
5671
4322
7093
1288
130
851
1111
2688
886
-502
-2350
-4660
-7297
-9827
-11295
-12948
-14343
-14463
-18671
-18585
-16457
-14789
-3880
-12913
-11190
-2394
-10336
-11863
-5440
-4732
-4479
-80
-1821
-382
5457
4207
12715
12492
13581
12931
17783
17059
16852
18175
17678
15806
15468
12752
9510
10565
3948
198
2103
4370
4580
6255
5758
6084
4674
1244
1562
3800
1828
558
-822
-1970
-1946
-5600
-6821
-8194
-9250
-7696
-11040
-11825
-10377
-7591
-4432
-12120
-6304
-2200
-5708
1068
-73
-1757
719
-1178
-1935
-694
318
2268
2268
5885
6480
6471
7586
7438
13028
12448
14179
15548
15961
14925
7266
9172
8419
9141
12037
9789
11524
8415
6296
6591
4480
5370
-641
-2036
826
-1088
-2418
-4517
-3919
-6676
-9446
-10163
-11204
-12900
-13037
-15541
-15984
-14094
-5285
-7087
-11683
-5870
-2104
-11024
-8286
-3446
-3736
-3308
-2642
-3775
-1754
-58
2487
468
10931
13694
10858
12037
13169
14762
14900
17592
10638
6435
4694
-302
3342
9037
9736
12119
10838
10363
10326
10350
9626
7751
6936
3650
301
75
1152
1047
-4102
-5436
-5736
-6956
-8259
-10098
-9721
-10905
-11242
-6241
-7337
-13399
-6020
-3155
-6164
-3586
-3710
-4141
-982
-2240
-5282
-2876
-2021
-2488
1677
3730
4173
5083
6350
11161
10246
9779
13897
13950
16531
13663
2111
4095
9618
6345
8445
6431
10688
11614
12233
10785
6433
6114
5849
5974
5431
1691
-454
1450
-1919
-3291
-6505
-8170
-7235
-9838
-12276
-8602
-10480
-9093
-5329
-14869
-12348
-8716
-8787
-6272
-1483
412
-3141
3373
1948
1751
145
1001
414
723
3498
4948
6413
7248
10196
9484
10049
10806
12990
4449
6302
14380
10458
13965
13256
10166
8339
11104
11379
8698
8259
7304
6091
5158
3831
1672
1133
-2602
-3348
-4522
-6645
-10418
-13701
-12103
-16876
-13403
-13833
-12806
-12347
-19693
-10173
-6959
-6706
-2120
-1017
-157
1820
1749
2749
3101
4592
4847
3235
5178
3494
4329
5059
7497
8561
10463
14652
11525
6570
5096
6016
10742
10943
10823
13791
10888
10669
11257
10794
9681
7059
6251
3718
3077
3835
2809
399
-3082
-4741
-9204
-9020
-8846
-12364
-11058
-12463
-13163
-11747
-9740
-11759
-14697
-8818
-5468
-4478
-4605
-4834
-419
648
-784
1653
2547
2406
6521
7475
8294
8860
9648
10441
10599
12911
13047
11178
7790
8937
6298
6528
11047
10182
11237
11108
8091
5720
6520
6975
7206
5471
4407
2162
1903
2051
-415
-634
-1837
-3425
-5733
-9363
-11698
-12424
-11871
-12997
-15665
-13978
-12640
-15669
-11048
-2345
973
-1483
2017
4160
4121
9155
8904
6282
10647
10341
10475
10706
12458
12729
11006
10707
10278
11284
9857
6130
8535
6592
8624
10847
6623
10211
10268
8851
9913
3426
2467
3055
3706
1778
159
-1407
-3498
-3797
-6761
-7173
-6596
-10401
-10116
-12355
-12572
-16071
-18899
-10612
-10619
-11575
-5051
-6105
-18396
-8226
-8357
1030
-6700
-4214
824
3542
7156
9179
12269
11950
12908
12497
13521
12318
12814
12191
11526
8302
6146
9534
7099
2971
3898
10419
7967
5582
7359
5305
8836
6955
8587
8268
6115
5506
4417
4448
1287
1897
-1005
-1094
-2657
-5319
-4837
-6442
-7241
-6209
-9926
-11699
-13811
-11823
-2764
-13544
-8522
952
-3155
2625
5492
6058
9445
10151
9935
10932
12614
14656
14058
13139
12964
13784
12146
10289
6348
3603
5614
5234
771
-4077
-1878
-1685
-766
-187
-1264
-2644
-3725
4951
-1437
6514
5258
-951
-3695
2690
1725
2228
1714
-233
-1550
-2002
-3830
-4856
-11443
-13171
-10978
-16019
-12821
-11134
-10074
-12080
-10980
-5432
-6692
-2635
4867
8119
1785
3837
10766
12269
14081
14418
16049
14548
15314
14934
14692
845
-725
2633
2901
3156
-5465
-4878
-1506
-3695
-3818
-4718
-1501
-4217
-3439
-658
-3762
-1966
-516
-248
992
-2340
-4381
-4067
-4552
-4808
-5099
-5275
-5562
-3939
-4841
-5761
-7690
-7853
-6191
-1957
-5868
-9102
3144
672
3972
8628
7592
9666
9637
12346
10979
13538
13377
14732
15118
15727
15693
14868
10595
4588
8461
8269
6029
-3204
-3192
287
-953
-862
-2045
-821
-3294
-2664
-68
854
-1060
-1447
-1435
-110
-516
-2838
-1201
-3163
-5284
-5173
-7099
-6956
-7514
-8872
-8453
-10269
-9972
-9432
-9152
-1577
-7480
-9662
2075
1343
2134
7031
8344
8695
10113
11178
14349
13458
15115
15973
14174
16891
14534
9263
7859
10756
8961
11175
4007
-3278
3011
1164
2133
9
-1820
-1173
-3648
-2896
-4990
-6101
-1920
-4193
-6963
1514
2195
3759
-27
2908
1287
-191
-2680
-4547
-3568
-4651
-5350
-6761
-3802
-8979
-449
-2699
-5467
3460
796
3761
5529
8540
9739
10241
11801
5743
6030
13683
16012
15047
15501
15174
9055
8726
12281
10857
12203
9767
-1519
3558
6310
2995
5383
1199
971
508
189
-1326
586
1920
-6289
-5224
-2523
-376
-3624
-2531
-298
1442
-506
-2741
-3948
-5548
-4626
-3686
-5197
-4416
-5440
-5648
481
-5736
-4012
4371
3391
6369
6221
7443
9644
11610
12523
13608
13996
14548
15759
15894
17415
10975
8448
10144
10725
11020
10671
6780
-1670
-877
1039
1306
-743
-2391
-3881
-4266
-2863
-5497
-4070
-5741
-6462
-4627
-6077
-3817
-4170
-6896
-5855
-4598
-5898
-8089
-9801
-11513
-10217
-11381
-12460
-9967
-12234
-6213
-6677
-11492
-329
1641
2300
6221
6440
5276
5529
6890
7264
14245
13880
17044
14658
15276
14565
11138
15260
6785
7208
10385
11484
6724
2820
8075
8534
6775
6123
2908
2141
349
670
1278
560
-2933
-3885
-4077
-5540
-1935
-5310
-4055
-2987
-5019
-7078
-10767
-9771
-10445
-12261
-10333
-7053
-8197
-7626
-1221
-5004
-8178
1640
3424
3642
6453
8438
8187
9300
8555
9935
14158
16089
18344
18473
17221
12462
13082
15743
15305
12820
13351
11500
3614
3168
3725
2149
3145
1343
-922
-2269
-5311
1490
651
-285
-1685
-9126
-9372
-10751
-12963
-12268
-11985
-11384
-9036
-11366
-11473
-13002
-14641
-13078
-7677
-8807
-11864
-6023
-4007
-13271
-6695
873
-1052
2458
627
6474
8116
8336
11372
8767
9761
14705
17001
16735
15598
11937
13961
16637
16434
15322
12214
11186
7206
6811
6657
4211
5026
932
-527
-799
-1418
-2739
-5058
-4774
-5938
-7060
-7927
-9373
-8270
-9903
-11917
-11745
-14936
-15161
-14946
-16336
-22110
-20839
-8854
-8304
-6954
-1781
-4818
-9458
2171
3497
5504
8724
10202
12670
14204
18109
17391
18756
20582
19574
19420
14667
17679
13324
17495
19140
18566
17301
16154
13509
7473
9059
10253
8579
9208
6275
4445
4287
2077
1848
1436
548
-960
-4221
-5847
-7810
-15660
-16029
-15179
-17930
-19346
-18443
-21427
-17066
-17810
-18949
-15047
-16207
-8864
-8087
-16513
-6435
-2182
-4617
3879
5909
5732
9348
11472
12358
15012
16633
17101
19862
22823
17172
13319
19098
18923
17812
17372
16263
15115
10976
9552
9005
9783
8964
6610
5297
4908
4538
2109
1949
-128
-933
-2411
-5024
-6779
-8630
-8768
-10555
-10124
-14759
-16197
-16429
-20400
-17216
-17588
-14795
-8574
-11749
-7465
-7330
-11342
1112
3883
5016
10341
10312
12988
15266
16775
17884
19805
21091
21446
22923
22125
20016
15365
14576
17671
15620
15959
12178
12814
8331
5594
10597
8781
9820
6177
5027
2967
1629
345
-4178
-6104
-8207
-8705
-11244
-12248
-13101
-15539
-15598
-14174
-18210
-19829
-20354
-25798
-22235
-23905
-16698
-12214
-10229
-3469
-9029
-17837
-5214
-2172
1063
6178
8451
11392
12420
12944
14884
15509
16953
18282
19234
19180
16320
15111
19662
18873
16360
16247
15963
14493
6449
6489
7545
6909
7167
3865
3542
887
546
387
-511
-1960
-4894
-6046
-8032
-7821
-8597
-10726
-12019
-13760
-18620
-18093
-20281
-25382
-23521
-17363
-15933
-12312
-9952
-7367
-9386
-7327
-2672
-3737
-1657
3921
4973
11352
12776
16483
17445
19843
20833
21886
22529
18832
19324
18023
18180
16714
14981
10987
9435
6392
1525
4310
3519
3308
2957
1533
53
-481
-133
-2616
-4677
-4937
-7264
-9377
-2863
-4670
-4927
-5213
-7463
-9940
-10983
-12442
-16287
-22390
-17474
-26359
-20419
-19221
-13491
-16068
-16100
-8756
-1620
1030
88
5176
5395
7280
16289
17290
18846
19290
19970
20730
21111
17339
14424
10536
12944
13651
13562
15299
13378
5414
8398
8128
6667
5769
2817
2456
121
134
-410
-251
-1689
-3698
-1862
-4769
-6618
-6046
-8618
-9378
-11525
-14990
-16299
-16643
-21024
-19659
-21384
-19941
-17058
-14717
-10929
-18279
-11038
-7048
-3958
-1180
3300
9228
6901
8999
8127
10491
11279
12883
14330
14096
13658
11776
10003
12430
14284
14671
15413
13474
13762
5013
6447
9382
5926
11563
7984
5661
5037
3297
2393
248
-45
-1460
-3033
-4441
-3937
-5111
-3858
-4730
-6929
-10174
-10810
-12844
-14783
-14754
-18944
-13950
-13327
-9411
-10631
-12065
-6045
-6256
-4254
579
2558
5137
8989
7914
11575
11305
13749
17094
16539
18473
18199
15943
15163
17446
16902
15675
13501
14388
8517
6501
9108
4367
7979
3880
7633
2478
1540
534
467
1058
-707
-2482
-2646
-2847
-4085
-3815
-5240
-6002
-7188
-9753
-12906
-13206
-15541
-18532
-17152
-19101
-16242
-12525
-19956
-19327
-5240
-6885
-2352
-1889
83
2673
2867
7284
9177
11448
11643
13448
15012
15274
16259
15226
17383
12889
11320
13839
12689
14256
8460
5070
11617
7892
9135
7720
7666
5813
6335
8408
6575
8159
5331
3313
2227
-24
248
-642
-2623
-4444
-5889
-8905
-10628
-11425
-16443
-13597
-15762
-16821
-12866
-15069
-19360
-14662
-10467
-12535
-9745
-5968
-3483
-213
2508
729
3762
4190
10189
13224
8986
10544
10206
11742
13714
16020
16547
14537
12360
12840
4700
3617
8420
5265
6461
12192
11365
11517
2551
1292
-757
-597
5366
3345
1601
230
667
-2433
-3201
-5597
-7068
-8504
-10465
-13443
-14597
-13556
-16543
-11679
-15066
-15648
-22247
-13523
-8776
-11121
-5706
-4234
-3109
502
3223
1909
6557
8266
9426
11268
17757
16706
12375
12467
15126
16219
19027
18342
18404
19064
9020
15165
13917
11748
13644
10831
9830
8983
7732
5112
5222
4172
3466
1746
-580
-3074
-5692
-8536
-10753
-13595
-9743
-10849
-12044
-13344
-15147
-14407
-15907
-10456
-7002
-23652
-9394
-3778
-3256
-1270
442
4263
6182
7848
8168
8658
8393
10604
3103
5092
7346
8105
9813
13498
14133
13125
15933
13911
17351
14013
9134
14917
13890
12765
12209
9782
8724
9182
7055
4772
4296
4294
2759
432
861
-1334
-2858
-3244
-6760
-9607
-11766
-13914
-15397
-15118
-15413
-15046
-14349
-7970
-7382
-16548
-3642
-557
-3959
1615
3681
6560
6983
6677
4556
7677
7112
6768
6888
7033
7734
1597
2292
5541
5799
8450
9580
6713
9368
5620
2885
9086
7124
7632
5765
1853
9940
9938
8254
6892
7010
5474
3378
866
-604
-1685
-2715
-11207
-12710
-14956
-14390
-17747
-18480
-15686
-15171
-14719
-9013
-4793
-13082
-7692
-292
-2728
-557
1132
1045
4238
4771
3348
4799
5607
5216
7745
8930
6507
5518
1901
5000
6399
6118
8530
12196
14650
10338
7152
5939
12014
8379
8804
9920
4955
5007
3222
3515
1964
2227
1050
226
-668
-746
-514
-2377
-5331
-4193
-5830
-8629
-9524
-11051
-11231
-12315
-9313
-7599
-5456
-12337
-8414
-814
-2815
-620
-1247
3825
4764
5894
7369
8212
9571
10401
11741
11741
11988
9295
8449
8054
9722
8117
8362
8096
7667
9781
8032
6886
5363
7404
9344
7062
5232
3108
1923
-631
4464
4774
3835
1926
2124
739
-336
-437
-1793
-4187
-5002
-6546
-15166
-14924
-17056
-15903
-13186
-11283
-13704
-9761
-815
928
-4058
2266
584
7128
6896
7739
8375
8140
8819
8377
10254
7228
8052
3408
643
4100
4936
3363
3034
2398
1626
1182
-4721
-1466
5090
-1562
-1821
-463
3300
6232
5031
6101
6111
3453
3562
3825
2904
2075
1717
-6351
-8381
-10092
-10694
-11050
-12795
-12415
-11479
-9946
-7224
-2122
-4912
-10032
1219
1853
2987
4696
5560
8259
6182
7348
4810
6381
6590
7796
6886
6290
6499
612
3694
4885
4411
6841
5396
6379
8177
2556
-2881
2522
834
-50
3403
3200
1642
2956
2122
459
4479
3006
2791
2012
-32
-779
-1769
-4081
-7112
-9823
-11138
-12972
-12187
-10830
-15813
-12427
-4730
-2552
-8467
-4848
3796
2210
4300
7164
9026
11621
12199
12144
11345
10088
9102
8483
6524
14461
11888
6356
8861
7892
7761
8146
64
749
671
-3363
-6548
-572
-1301
-2611
1142
-2708
-3512
1840
-3019
-4798
-2501
3291
3489
3653
4033
2074
2148
1189
-8337
-8887
-9245
-10916
-10922
-12166
-15391
-14060
-9009
-6243
-13965
-8963
-1200
-1130
1554
3768
6222
8586
9998
7914
8824
9860
10968
10500
8974
8845
3387
1839
5120
2343
3987
3558
4645
7096
-701
1674
2102
-646
1050
-2339
-3541
-2769
-4000
-2796
-2175
0
188
-4838
160
185
-525
2587
2076
1178
-2073
-1890
-6102
-6142
-5566
-9180
-8326
-7274
-2113
-5187
-7703
336
3564
2911
6513
10420
10364
12228
13257
12753
13679
14255
15080
14218
14111
11726
4660
5807
10929
9785
9956
8829
7724
9697
-782
1529
5649
1583
4508
689
-1076
-980
-2615
-4308
-1915
-2761
-4724
-2069
-4436
-7407
-6858
-8049
-8365
-734
-2849
-2123
-6095
-7358
-6713
-10797
-8800
-6561
-2281
-4988
-12258
-5978
-3532
-794
-1711
4000
5170
5959
8361
8155
8472
7794
10153
9699
11348
6375
5720
7595
6137
8572
7726
8615
9974
6865
-1733
2474
5601
4387
629
-1182
358
-1705
-408
-2509
-1825
-4279
-4984
-7149
-4450
-3725
-3757
-3379
-8258
-6633
-6975
-5092
-9446
-8631
-11923
-14878
-11627
-8812
-9666
-13481
-5936
1735
4118
7327
7664
11670
12557
13141
15469
15921
14713
16743
16373
16954
18509
11040
12311
15294
12987
15957
14354
14161
11810
6014
4809
6712
1110
-508
-3236
-3222
-5172
-5840
-6562
-8099
-8665
-9415
-8694
-10954
-10342
-9622
-7007
-5885
-8825
-7873
-10186
-10682
-9959
-8961
-10891
-10588
-4877
-6270
-5877
-2454
1006
1486
3347
6626
10697
14454
15088
15540
14624
16961
14880
15281
15228
14479
11707
6118
10961
12513
11906
11444
10192
11160
4713
1495
5838
5960
6689
7939
4108
3644
2221
407
-937
-1801
-1673
-3669
-5575
-8367
-12527
-13494
-15371
-15517
-15467
-19200
-16155
-21443
-20209
-14118
-13806
-9320
-5834
-4326
-8103
2067
2879
6357
5603
9592
15652
14665
10012
8348
18380
18218
19176
20023
19958
20510
16185
13889
14724
15405
17092
15392
8046
7819
184
4687
6434
4659
5929
2543
3657
924
-905
-132
-2111
-2683
-3802
-6939
-6992
-7715
-9670
-9763
-12540
-12946
-15112
-15263
-15395
-15163
-10497
-16573
-15513
-7150
-3033
-8358
-6116
5763
4154
5982
6776
9112
14889
15064
15457
15999
17049
18179
21288
18461
19230
16972
12441
17182
14432
16607
16948
12968
14590
7184
2056
6136
4641
3313
1780
-1003
-1776
-2131
-2720
-5005
-4245
-4589
-5390
-7851
-9075
-9728
-11531
-13329
-14929
-14998
-17375
-18149
-20148
-14813
-15773
-17584
-13673
-7216
-8562
-10809
487
1773
7259
7405
10615
16191
15982
19930
18076
17507
18929
20888
20021
18659
17054
12742
11385
14612
12364
12899
11191
9513
7287
4234
10003
11397
7197
9103
4523
3807
4132
-5042
-4715
-4018
-4048
-5368
-7978
-8740
-9413
-10844
-10272
-11967
-12045
-11717
-15704
-15659
-16486
-15865
-18159
-19133
-11860
-7420
-7673
-9774
-3118
1126
4556
7712
10202
11611
15693
18428
17184
18545
18334
20405
18735
18925
15052
6703
10716
11732
18740
19210
16573
18112
7108
4439
10463
8301
8910
7037
5575
4948
3923
2513
1657
-712
-1357
-2245
-3411
-3954
-3714
-6900
-9018
-7096
-10564
-11715
-13221
-16244
-16068
-16406
-19055
-15414
-12221
-19872
-12966
-6459
-8007
-5215
3799
5818
13908
14093
16929
17803
18005
18565
19549
22382
19795
23077
15559
7336
12818
10771
13040
9663
8542
14173
4634
7901
12361
4919
5952
5080
4753
5367
3076
2770
3342
3576
-7853
-8087
-8386
-9097
-8718
-8843
-9866
-11941
-13257
-14445
-13143
-16276
-13858
-15732
-16807
-10992
-15080
-11196
-12268
-7489
-520
-2106
4264
9961
8292
10330
14463
16278
19186
20274
21705
19927
21568
19599
13723
15975
17383
16465
18148
16541
16445
11510
6132
11093
11391
9163
10114
7995
3889
4700
4031
3820
2948
1609
457
-2203
-3492
-7234
-8101
-9052
-10220
-12261
-14155
-13825
-17013
-18572
-18711
-22181
-18638
-13914
-17505
-17814
-12289
-5351
-7776
-5067
880
938
5244
10541
10903
12167
15325
14669
18878
19736
20379
16638
11743
16092
17692
17789
17294
17061
14995
6193
10572
13139
10907
11288
6159
6515
7009
5321
-358
-875
-840
-2156
-3907
-5940
-5691
-6381
-7585
-10626
-11086
-14202
-14790
-15536
-17527
-16808
-18672
-21339
-20954
-16088
-21748
-20958
-8930
-10482
-7896
-5436
-4352
-834
-144
4197
4898
8984
10126
8289
12705
12259
12473
8916
4605
11116
10467
13202
12977
13208
7647
4526
13718
12726
12953
12711
10619
10143
8371
8991
6346
7515
5815
166
-222
-72
-2998
-3275
-11291
3360
6759
7649
9972
10137
9900
10396
10933
9951
8836
9359
8627
8756
6334
5203
11853
11262
787
2792
8343
4082
6160
4329
4419
4277
3637
2750
2338
2174
334
-1796
-8478
-6133
-9388
-12626
-11190
-13560
-14718
-11191
-8450
-9681
-8269
-6328
-6959
-6248
-4301
-2655
-3263
3365
951
-4090
1884
6464
7107
9106
12235
12917
13790
14868
15242
14616
13678
12475
11188
11471
10793
10384
8900
8224
9572
10296
9166
1609
1682
5569
3779
5257
4135
5350
3678
3166
3591
-3613
-3419
-2963
-5535
-8846
-10037
-9447
-12621
-12819
-10756
-11920
-10455
-6725
-7117
-5158
-5015
-4293
-5595
-5241
-3839
-6449
-600
-2995
-3271
2823
5786
8183
8117
10570
10668
9773
9927
11373
11862
11434
11076
8925
8197
10851
10915
8143
9429
9005
7659
9398
-1474
-2639
1623
-679
1608
798
-5779
-11200
-6180
187
1142
972
-1841
-874
-2664
-3256
-4017
-4078
-3022
-3465
-1209
-2893
-5708
-2116
-1979
-1071
-3313
-9233
-9531
-10420
-7034
-4831
-5513
-10572
-5276
-1301
-671
-2175
1854
6295
6722
9549
9366
7767
8043
10977
9027
7894
5463
13515
13635
12275
11995
10873
13580
3930
5534
6899
-2488
4489
-2680
-3152
-2317
-4760
-4158
-3449
-5670
-4263
-4137
-7335
-7026
-6722
-3197
254
-2858
-5360
-2978
-650
1939
-2181
-2486
-2723
-4169
-4925
-2228
-754
301
-4171
-5651
-316
3766
6215
3798
11369
7735
9175
11510
10625
11562
11167
10662
8913
11386
10313
13129
12528
13071
12084
12613
9938
-1829
4448
6326
3374
5974
3767
4654
2936
4203
2118
-48
-403
-3312
-4961
-4196
-3550
-3380
-613
-3825
-4316
-3011
-1592
-839
-1723
-896
-3501
-5356
-8378
-11164
-11068
-6728
-7283
-11238
-10192
-5953
-3689
-3490
-324
2128
3456
1347
11450
11240
13235
14578
14714
15122
14022
10172
10564
8570
4268
3757
4914
5150
-2095
-1527
7660
5150
6681
4204
3951
1544
1558
-623
-173
-42
-1071
-894
-1627
2076
-8965
-10344
-6274
-5882
-5749
-6389
-6166
-5679
-7146
-6920
-7968
-9485
-8692
-9910
-4876
-8026
-11645
-5978
-3597
-349
-3656
1419
6339
5776
9582
9662
12184
15135
16856
17919
14937
10918
12026
14871
14674
15868
11490
10644
7045
-1050
-291
4493
4916
4472
3967
1964
1432
-860
-2149
-2177
-1066
-1256
-7811
-3669
-6796
-4666
-3477
-2959
-2378
-2529
-2482
-5576
-3973
-3467
-6802
-6466
-5055
-7347
-8078
-3710
-5327
-4807
-3718
-295
2987
1215
4789
7125
8110
9520
10246
10218
8149
8246
15025
15134
16382
16109
14040
15368
11988
12173
11759
8618
2015
908
2148
2509
2173
-1344
-2207
-5047
-5260
-5760
-5314
-2879
-3438
-6697
-4097
-3790
-5789
-4097
-6516
-6322
-7415
-8307
-6701
-8589
-9274
-10554
-10745
-8411
-10466
-6569
-3362
-4079
-2366
-424
6096
5387
6193
10126
11319
11363
7181
9981
11272
11400
10740
8872
9724
9577
10517
9965
9892
8278
5919
6917
4363
-4167
-2575
-2950
-4032
-4605
-7683
-6433
-8173
-6776
-5870
-2091
-2935
-5378
-5083
-4129
-3071
-4102
-2169
-3480
-5874
-6928
-8687
-6502
-5994
-9125
-9303
-10092
-10703
-4354
-11622
-7784
-6244
-10065
-4603
1132
891
-1077
197
4099
10527
14884
15909
15063
16858
15979
15100
15286
15483
14932
14855
7012
7239
6125
8041
5833
-2829
155
-1201
-2713
-4095
-6139
-3816
-6234
-1271
19
-4378
-1339
318
2846
2048
2415
3008
-4184
-4197
-1021
-1745
-1542
-2425
-3345
-2151
-2997
-1868
-1231
-2012
-954
4042
2699
-5818
-1334
4946
5632
5143
8027
7975
6681
8347
9069
9779
10029
11042
10406
11018
11727
12552
11739
9655
7836
5738
5904
1308
-3634
-3409
-4010
-3836
-2632
-4124
-2657
1451
-1502
-1123
1764
1708
3100
95
1529
5025
1558
1392
1968
-1772
-1831
-1748
-2705
-4597
-6137
-6306
-1051
-651
-5062
-5276
1444
-154
-3356
2680
5909
5235
8821
9507
10890
11070
13851
13620
13170
14708
12417
13960
12529
12705
10666
9095
7051
7208
4013
3828
1156
-7702
-3397
-4525
-2349
-4404
777
398
-2376
-3053
-4787
-1416
655
2549
2449
4294
3858
3698
5279
3343
2531
1632
2771
1758
1637
110
-5354
-1201
-1400
-5748
1221
-1275
-4675
-61
2436
5982
5101
7955
10646
10347
11123
11405
10454
10082
10648
10218
10201
8358
7867
6143
6260
4488
3569
2143
396
-3066
-7825
-6124
-4915
-3085
2118
1127
-3568
828
2898
2448
3414
7098
3683
2472
6618
4116
5291
5612
5214
6205
4571
833
-2184
-3058
-3510
-4292
-4625
-4285
-5707
-2959
-2217
-10006
-3338
-1293
-1703
115
1712
5381
3608
6368
4436
7410
8013
6574
6822
6316
7170
6703
6956
4379
3403
-538
948
5417
-4003
-6344
-4082
-4450
-5307
-3583
1154
-2196
78
1289
1384
4158
2433
1876
3620
3155
3729
4213
185
-3468
-4335
-4196
-5756
678
-1526
-2522
-3741
-11447
-3343
-11773
-8362
-9018
-8531
-7446
-4624
-6699
1960
4054
-1039
-4184
-553
70
1679
1339
581
824
-854
-706
-468
505
-505
-886
-3484
-1523
425
-8446
-6655
1536
-264
-710
1365
3015
5096
5653
9115
9603
9842
12916
11309
11328
5146
3320
8307
6494
5567
3019
2124
93
-475
-459
-5043
-5136
-5350
-4534
-7005
-2961
-5473
-10476
-3196
-3281
-743
-1208
-222
-329
-2678
-1962
6136
7688
7951
7663
5705
4902
5140
6233
6280
6052
4801
4929
5845
6393
4160
1729
6526
8396
9689
10895
11111
14093
13339
12894
12216
11188
1167
2355
5278
4404
4400
1510
926
1695
-1438
-2671
-5300
-6983
-11618
-13198
-14079
-14650
-15648
-14001
-9332
-15052
-10059
-7117
-4712
-4411
-2844
404
-610
1732
-992
-2800
4820
6243
6621
6476
6516
6586
2912
5796
5640
7581
7477
8222
13087
4113
7196
1731
4841
8969
9786
12932
10603
9480
7290
5804
7979
7209
3711
3627
1742
2085
3464
3760
2628
615
242
-3166
-5628
-7869
-8136
-8729
-10035
-12148
-7303
-7866
-12969
-5688
-5146
-961
546
-1872
3548
3574
2626
5704
6462
6546
6860
5149
6576
6273
8189
6829
8870
10898
7620
11550
11223
15110
8924
7274
13063
9864
12687
6222
3290
5934
7000
7797
5750
6793
7713
7590
6427
6162
3747
73
-796
-2928
-3600
-6815
-8291
-10963
-10594
-8024
-9382
-9109
-10306
-7786
-7455
-10027
-6770
-2813
-2894
-2066
-846
1227
2614
3420
5832
5067
4328
7571
7779
6318
7078
8079
8473
10568
11936
13004
12688
11932
14305
5893
4405
4426
2138
3832
10733
12354
10913
11804
9999
2262
2573
2295
3044
2604
2773
1203
-1870
-4564
-3810
-7042
-8899
-8933
-12035
-13094
-14318
-15592
-15216
-15510
-12024
-13346
-18171
-9618
-4753
-1294
-1795
231
1901
3484
4889
5406
5835
7199
8145
8893
8058
9146
10369
11886
16986
13394
15141
16042
15376
11471
8123
12193
9452
12304
11100
9887
11651
10846
10367
2223
4418
3360
2074
4411
4230
2231
1103
-440
-4380
-2742
-4428
-9368
-7861
-11064
-14152
-12743
-16266
-16123
-16074
-13383
-11727
-16453
-9194
-9098
-8442
-8272
-4717
-1382
-1626
842
-3232
-527
659
3225
2321
3538
5591
10008
12054
11982
12083
8816
15450
17831
15877
6275
6322
10165
9471
10603
8329
7246
7331
9076
8157
7567
6856
5339
3815
5040
3299
1465
1941
8
-3714
-3924
-5596
-7248
-9557
-11196
-11968
-12937
-11298
-11386
-5686
-8911
-14025
-8810
-3578
-3813
-3145
244
-688
-270
693
-874
1
2237
5363
3237
10314
14354
3966
11537
14584
16085
17920
15463
18074
14936
8468
9398
12466
11271
12328
10783
9296
7117
5751
6074
3769
2842
3706
856
-1254
-2241
-5374
-5437
-7539
-9748
-9211
-11535
-13828
-16578
-15550
-17509
-18106
-16972
-17276
-11238
-18066
-17448
-5099
-4479
-411
-2652
1665
1764
-4313
-1081
-1424
970
1997
4263
3888
4359
6720
9117
10303
10714
8562
11285
12934
13940
11448
3344
8750
9961
10071
9516
8134
8698
7105
6738
5592
4273
2019
102
-3148
-4657
1803
410
-1648
-3544
-6167
-6835
-5349
-7738
-15408
-17493
-18219
-17353
-18543
-14471
-9290
-12171
-12515
-7664
-5200
-1422
-1723
1398
3082
3616
5751
4846
6537
5145
12275
13016
13231
17447
17089
18209
18625
18940
18429
16966
12739
10014
3094
11848
13576
10283
11929
9592
9914
8665
7851
7968
7340
5649
3359
2121
45
-8555
-10719
-8953
-9570
-9393
-9890
-11569
-11461
-15442
-12626
-15550
-14965
-14996
-13016
-11421
-15046
-10396
-9847
-6354
-4181
-3247
-2417
-543
-3530
-2630
3721
6690
11023
7947
7899
9887
10792
13346
12345
13857
15156
15335
15347
17690
10326
7657
12905
9830
11940
11102
10863
9206
7994
7153
7681
5347
3385
2331
-2773
-1136
-1689
-5138
-7747
-9543
-10958
-12037
-11249
-10727
-14269
-15221
-15747
-14750
-15448
-10363
-6489
-12796
-12390
-10048
-8400
-9738
-8145
-5193
-2259
-75
5302
8077
8788
12149
13071
18522
18067
18521
18958
18803
19013
17833
17074
16236
14889
7589
4683
6593
5757
5676
6502
3680
3399
1565
390
-624
-3771
-3228
-4760
-7989
-9421
-2572
-6035
-6287
-14286
-14468
-15384
-15213
-14241
-14976
-15055
-15622
-15076
-13655
-7133
-8897
-12161
-11363
-9391
-4629
-4043
-4297
-26
341
3843
9818
10559
12025
14678
18349
18240
17821
18961
18546
18968
17358
16745
17265
16097
16454
2620
3752
7877
3281
5725
2603
1131
902
-13
646
-300
-2215
-1753
-5516
-6595
-5559
-6845
-8595
-7027
-8970
-8619
-9853
-9302
-11379
-14176
-14943
-17154
-17624
-13613
-7286
-10889
-12071
-9600
-4316
533
-1315
2800
7096
11494
11335
12622
14966
17736
19558
19322
19599
18534
20390
18604
19907
12354
12782
12622
12701
13707
4186
7470
5575
2973
3015
2362
3824
-145
1094
-103
-1519
-2970
-1361
234
-1912
-4448
-4500
-5389
-6938
-5988
-6679
-5677
-7365
-9489
-9238
-12760
-14783
-15259
-12172
-8080
-10788
-13378
-7934
-5788
-4637
-1229
2578
6927
6809
7865
8613
11444
14802
14604
15440
16362
17466
17249
17177
17847
15259
16046
13877
13826
3950
-142
2754
581
4212
2394
4034
1175
273
-373
-853
4
-3857
-4836
-4633
-5136
-5569
-7510
-8889
-10562
-10918
-12121
-5267
-5154
-10042
-10142
-8856
-10692
-12210
-10062
-14966
-15038
-16351
-8899
-5739
-5273
1444
3942
4559
7622
10040
8610
11090
10871
18935
18624
17829
18044
16772
17048
17479
15289
13907
12343
9958
5339
-4685
-880
-3
305
-1598
-3330
-4285
-1650
-1957
-887
-268
-1942
929
-2838
-2122
-1311
-1894
-2068
-2513
-2425
-6439
-7766
-8881
-9337
-9457
-12286
-13712
-14924
-13063
-10832
-13850
-12228
-5182
-4208
1240
5481
4774
8472
12865
14279
14704
15946
16535
17061
16202
16641
16335
15291
14399
15150
11457
9832
11674
10334
1942
462
2293
1616
3746
1833
2167
-688
1266
-889
223
256
-1665
459
-1254
-1761
-3336
-4695
-11056
-11953
-10700
-10806
-11347
-13607
-15817
-16675
-15277
-17393
-16231
-12915
-9084
-11074
-10506
-1140
636
-6
6375
10062
9723
12683
12673
14336
14902
15620
15714
15483
13496
12937
13147
10007
8180
6062
7589
8493
7130
-3527
1078
4816
3275
4867
3366
5493
3970
5893
6023
6291
4183
4559
4331
1032
-568
-3777
-4403
-6574
-7353
-7351
-9826
-11630
-12207
-14106
-13348
-14392
-19318
-15419
-14752
-14834
-17972
-12639
4925
-617
4724
7688
8252
12899
12034
15113
6179
7767
9785
9407
8475
8882
13320
12548
11392
10790
11154
13667
12299
6188
8561
7119
7439
9217
7711
8459
7151
8921
6979
5984
5201
4403
418
-136
1439
1053
-316
-4613
-3302
-7300
-6899
-8261
-10826
-10624
-14942
-11642
-13846
-14933
-11227
-11219
-14792
-9494
-5842
-5409
-1420
-1020
2347
1671
5786
6389
3942
7407
7337
9217
15918
14914
17435
16268
15339
14328
15740
7436
9447
4490
-1666
3531
875
2084
2247
2570
3988
1769
2882
-1655
960
939
686
1518
-5580
-2395
-4988
-8339
-8700
-11134
-13272
-15280
-16523
-18867
-21125
-22248
-20973
-21889
-16807
-14965
-15589
-13294
-9108
-3671
-4931
-2370
3020
4205
4095
5685
4774
8421
11032
10803
11789
10680
12839
10234
11095
11487
10143
10206
11019
10551
1546
3509
5724
4622
6691
3296
4622
1824
-1567
20
-770
-2483
-4745
2257
2368
393
-2090
-2788
-6029
-8411
-10110
-11298
-12058
-13712
-13288
-15556
-17362
-14884
-14415
-17693
-13662
-14806
-10890
-5642
-2260
-2539
-492
1559
3229
4218
5388
8224
9834
12126
11084
12844
14584
15511
13941
16094
15856
16042
15335
16618
14462
6045
12190
9314
9431
5965
4155
7545
6665
5907
3379
3243
1232
560
-482
-547
-3312
-3340
-7496
-10208
-8806
-12770
-14371
-14614
-15958
-15265
-15467
-15313
-13199
-10159
-4885
-9010
-7686
41
301
3218
4531
9821
13113
11208
11992
11349
12388
12476
13392
15927
13985
13432
13853
13647
12484
13232
12263
13318
13391
2326
5438
3068
1897
8410
6314
7047
4651
4222
2707
873
-750
-2584
-5095
-7556
-8191
-9958
-11997
-15199
-16920
-17043
-16704
-17187
-16138
-16368
-15678
-14393
-16914
-11574
-6320
-8275
-8896
-4176
-254
2093
6641
9634
7886
10966
14935
14290
16124
16422
17662
17642
16872
16758
14848
12852
12905
19228
17918
10155
12312
1103
-3188
3531
3232
6788
5539
4527
2761
4099
3820
1629
2713
188
-819
-2709
-5943
-6993
-9535
-11198
-12215
-16641
-16797
-17963
-20857
-20231
-19290
-14461
-15916
-14361
-5652
-6431
-8517
-7729
-3355
-89
2546
6344
6502
8905
11852
12467
14775
16243
17405
18546
18155
18695
17798
16226
17006
11939
11574
9768
7346
4294
-6172
7067
6068
4753
5688
4011
5625
4591
4528
2528
2102
-513
860
-7563
-8262
-8410
-10670
-12566
-14242
-13682
-14342
-16189
-17469
-18826
-19910
-18911
-19194
-18926
-18107
-4199
-5452
-13429
-6131
-2927
-1953
2534
7878
7461
11405
11795
14751
17810
17183
20923
21102
19911
20418
18208
17158
7889
6324
10829
9377
8152
-2927
-1077
8478
7298
7461
5087
4516
-4323
-855
-1474
-1620
-3643
-4622
-6006
-7053
-7552
-9715
-10157
-14298
-15891
-15753
-14998
-13555
-15908
-15636
-12835
-13264
-9868
-7478
-5033
-5718
-9390
185
4858
5044
9354
10455
12746
14471
14351
15181
15062
16143
16111
14970
15983
14215
8353
12852
11806
9334
9982
9545
7883
-1331
2073
5455
7702
7586
4537
3502
1480
1268
726
-1626
-3489
-4885
-7328
-8624
-2988
-12688
-14281
-8765
-19080
-19447
-19322
-17795
-20934
-19762
-15745
-18314
-14505
-14506
-14970
-11160
-13850
-11503
3484
3992
6590
1599
4465
9634
9085
13685
13524
15119
17176
17634
15538
11586
15437
13950
13355
10791
12841
12642
15991
7458
3427
9659
4756
9433
5992
7440
6464
5172
5326
3020
3281
-427
-2
-2911
-5659
-5354
-5943
-10334
-11248
-12112
-13827
-14775
-14747
-13339
-13164
-10705
-10697
-9712
-6843
-3872
-4319
-5731
2840
5273
3287
7705
9884
9397
11255
12109
11916
15601
10898
11422
12135
9897
20278
19334
17560
14342
15829
14218
15225
11651
5059
1113
1053
2596
981
-263
-2359
5443
5760
1739
-17
642
-1418
-2496
-2479
-5973
-14027
-16120
-15742
-17595
-17671
-17808
-19028
-19732
-14222
-10530
-10033
-10792
-7888
-2904
-1861
-5939
-4045
3352
4082
6971
11320
12902
14181
16176
13577
13948
19634
19855
20841
19958
19595
18553
18473
16428
8858
13486
10201
10925
3391
-1026
3757
790
9104
5829
5298
-1670
-3673
-4820
-4065
-4528
-6346
-7344
-9912
-11226
-13871
-14668
-14874
-17924
-16201
-12969
-14883
-13566
-13107
-10386
-8883
-11638
-10999
-8872
-1693
-8337
-8880
1931
2252
6225
10359
13902
12620
11421
14817
14955
15225
16743
15453
15448
15543
17357
16181
13669
14531
17159
15365
14326
8575
1179
8859
6358
5576
6346
3675
3746
3828
2507
573
-1455
-4065
-4162
-6661
-7900
-9430
-12964
-15194
-15926
-17741
-17843
-18544
-18313
-13860
-11874
-13460
-10438
-8098
-8671
-2771
-470
-4080
861
4488
7082
9997
6544
10074
14568
14611
16812
19377
18885
18953
19961
18875
19386
17813
15416
15153
16328
15143
11800
12423
4024
1410
5000
3704
5081
2058
2265
1513
467
984
-1869
-3403
-4916
-6343
-7547
-8366
-10696
-12822
-13952
-14383
-14691
-11201
-11263
-14109
-9648
-10213
-11617
-8378
-7968
-6343
-57
-6156
-4731
-339
-901
3404
5501
11016
11753
10584
10468
13437
14609
14751
13357
12794
14449
9998
17182
17499
16491
15290
14295
14519
-2153
-2688
-899
-1819
479
-933
134
-242
-1640
-1160
-2866
-4280
-5157
-7359
-7354
-12241
-14946
-15702
-15499
-17652
-19928
-18041
-10199
-9200
-5553
-5585
-7707
-4821
-2216
-1911
621
6875
-4218
-2385
2732
3379
10116
10489
11960
14651
15377
19215
19616
19451
19562
21672
18664
16774
17812
17634
16287
14710
12333
12558
10549
-1227
1817
1079
-1392
-1593
-5972
-7901
-2838
-2363
-3236
-3835
-4856
-6004
-7673
-8102
-9695
-9663
-9769
-10898
-10000
-11303
-9655
-7834
-5213
-4600
-4279
-3747
-1189
-5768
-9502
4117
-35
-21
10816
9171
12035
13769
14723
18255
17308
17406
18514
19837
19820
20866
9771
8856
11006
11458
12281
11655
11675
9317
11565
667
1582
2202
-1703
1827
-343
-384
-1179
209
-5663
-5508
-7194
-9883
-11304
-10457
-12893
-14552
-12200
-12597
-10501
-9193
-6692
-4881
-1852
-3466
-4073
-1256
-2641
-6908
-2670
3818
2015
-366
3486
9474
8925
13443
15218
12704
13141
12578
13299
12557
13143
13600
10802
8702
10417
9143
9065
4946
5083
4761
4872
2823
-7431
-1316
-1808
-3702
-1808
-797
-49
-1709
76
-3257
-3020
-2367
-5862
-6058
-6638
-7489
-8283
-6580
-6386
-5602
-5866
-3775
-2913
-5798
-3182
-6958
-4056
-429
-1217
3584
5043
-1847
4712
8204
8628
12203
10931
16003
15091
14174
15614
15270
13204
12410
15394
12880
13831
14160
11449
10385
10263
10672
8045
8108
-3896
-11778
-5058
-4657
-4617
-5844
-4972
-7013
-997
1771
-1773
-3469
-2274
-1986
-2629
-2695
-11362
-11451
-11531
-9324
-8737
-5739
-6132
-12703
-12257
-9126
-8670
-8239
-6655
-7167
-1683
-4988
-6675
1856
2571
4057
7540
6917
5326
8032
5351
13737
14888
15920
14578
11853
14999
12359
10738
11192
11321
10230
11381
8686
211
-5385
-7044
-1135
-3270
-2011
-4338
-3005
-2642
-1858
-1712
-2542
-1483
-3726
-2248
-3105
-4553
-5156
-5340
-4578
-3266
-4536
-5300
-5396
-4996
-5386
-5561
-814
-1497
-2236
-1674
-1116
-4440
-3670
1279
384
1886
1239
3714
12148
12134
6632
7451
8678
6321
9718
10284
8502
9427
5953
6621
6223
3703
3297
9094
375
-6079
3420
-265
2527
5350
2128
454
267
2312
666
-838
-1197
-2030
-2305
-1872
-1817
-4213
-3729
-6316
-5169
-3319
-6474
-2584
-4477
-2646
-5304
-4357
-929
-4772
1419
-1718
-3131
499
-529
2554
3732
5377
4762
6686
6433
8877
11578
7897
8895
11041
10109
9277
10749
8559
9391
9405
7934
5821
7062
-4322
-9454
5168
3988
5611
1912
3508
2736
1203
1355
1405
1165
-8385
-6962
-10964
-11328
-14047
-15599
-12837
-4612
-387
-13774
-14247
-11048
-11791
-2931
-4345
-2517
-2736
-270
524
-4029
-1736
4691
8408
8325
9716
11562
4397
5885
8016
9536
9072
11108
12527
13358
11193
12478
14686
13078
11847
10345
9385
10348
4402
-1609
7054
2814
4640
5307
3184
3642
1517
2722
-1362
421
-2067
-1028
-7033
-8860
-3958
-5893
-6603
-3923
-1085
-6260
-5472
-4311
-4755
-6122
-4525
-6291
-8999
-3733
-3612
-3013
-6743
-2393
2679
4319
9992
9400
10640
11810
11617
12837
10935
11786
10724
9008
7569
4854
6990
5904
4901
11138
3130
3975
6403
-2877
-4541
952
-3067
-712
3525
3251
2275
2122
1308
497
-2540
-9257
-6878
-5961
-13724
-11063
-11332
-11050
-5832
-8717
-9155
-9836
-9065
-5091
-8021
-7317
-4047
-4441
-1829
1669
-3436
-849
9009
10732
8509
12008
9692
11227
13058
9128
7358
6590
10132
8601
8480
8612
6766
6846
6864
7389
8058
6197
5616
4049
-4294
527
1272
-638
1609
-2247
-1416
-2960
-2176
-5569
-11445
-8860
-7691
-6786
-6373
-5118
-5660
-5833
-927
-5078
-6394
-4190
-5857
-7229
-7213
-5146
-7197
-4779
-3258
-1016
-5135
-9218
5425
8396
9490
8028
10579
12729
12591
12689
10362
13509
14084
14412
14927
5349
8316
9834
9373
10198
8149
8190
9426
8334
2306
-60
3589
1810
2560
2082
955
-595
-5887
-4959
-2508
-2632
-4111
-4651
-5229
-4686
-3295
-4227
-1907
-2765
-6205
-3620
-3801
-3459
-3333
-4605
-2497
-2752
-164
4991
-2881
-3774
1149
2803
5463
5869
6138
6338
9607
8977
9079
8600
9931
11253
8227
8044
7896
6580
5288
5093
2679
11106
10100
11249
7985
-1929
4747
4701
3971
4119
-4180
-1853
-694
-1523
-557
-470
-9680
-9817
-9065
-7116
-3421
-5199
-1816
-2666
-4790
-1531
-4091
-1578
-3115
-3079
-5029
-6559
-2362
-2739
1274
-3035
-6185
359
-1912
1933
2033
3602
9552
7231
9749
9557
8248
9684
11891
9927
8921
10290
10069
9942
11315
10712
10309
8762
10352
3694
-2575
2175
108
-4520
-2869
1812
-1215
618
-1990
-3159
-1719
-3794
-5295
-5822
-5245
-5992
-3504
-5613
-7466
-7326
-7670
-7260
-6608
-7239
-9341
-9955
-8985
-4065
-2002
-6441
-4489
820
1873
1455
7140
8696
6534
9879
6740
6888
9855
9308
8654
7652
7971
8014
9558
7041
7505
4991
5917
5869
4434
11010
1770
4676
-2329
601
5201
1095
4943
2108
1966
-387
-1137
-2239
-2756
-9753
-8491
-5201
-1710
-2479
-4496
-1623
-2159
-2366
-2198
-3345
-4745
-4595
-6629
-3653
-719
-7123
-6276
-5735
-3749
-293
582
2612
4592
4672
5398
8214
9678
10334
11816
11240
11206
12658
13023
13618
12975
12930
10750
10800
8440
10928
-3005
-7146
551
-1721
947
-2164
-807
-3631
-1235
-338
-955
-1858
-3171
-3269
-4035
-4153
-2329
1065
-3949
-4316
-3410
-3448
-2553
-3535
-4724
-6432
-6335
-6622
-2156
-796
-5550
-2783
668
569
2151
1638
3467
4291
3759
5036
5753
8774
10823
13212
12991
13534
14213
13614
12944
12507
10833
10034
5205
10224
6961
-145
5015
3879
4060
-2602
-3879
-1260
-3157
-3685
-6350
-5502
-6512
-6222
-6585
-8578
-7280
-7309
-7781
-9689
-10164
-12329
-11639
-11946
-11727
-12835
-13664
-12754
-13595
-8085
-1944
-5337
-823
-4247
-5904
4144
726
1281
3008
3200
8141
7488
6617
17114
16784
17773
17651
18274
17346
17417
16563
10729
7207
13110
11708
1474
6679
5870
4450
4811
3411
3076
-7136
-5316
-6098
-7483
-8781
-9991
-10282
-10782
-13054
-8276
-7630
-11249
-10995
-11883
-11235
-8133
-9340
-9835
-10922
-11906
-7912
-2040
-7201
-9548
1773
-506
2542
3655
6154
10315
8060
11514
11741
13455
14877
17143
15957
17350
16714
15537
16495
16775
12273
11289
12759
12285
13320
1000
5662
5661
3055
4676
-782
-1398
-4547
-4488
-7197
-8551
-4345
-4871
-5424
-5089
-11919
-10266
-10783
-12401
-10654
-10306
-7855
-10735
-8295
-9393
-11467
-8280
-7092
-2829
-1154
-8233
-7282
-400
-4265
-400
7914
9612
14189
10547
14447
17152
15788
16991
11404
13654
13074
12424
13377
7901
11150
12306
11644
13471
9972
7744
2305
2160
922
1620
-1480
-3525
-3145
-5479
-6268
-8693
-7804
-8041
-8473
-9288
-8862
-7299
-2290
-8069
-9933
-7725
-9544
-5154
-11331
-9485
-9066
-10815
-8468
-5512
-3932
-11751
-4877
1441
1082
4617
6851
11676
12100
11743
16299
15668
17391
18771
17984
19226
20077
17180
13200
15161
13267
12195
11735
8129
7696
3430
-1604
1337
-620
-1882
-612
-1451
0
-3456
-3674
-6400
-8176
-7347
-7808
-8451
-9341
-7312
-3028
-3614
-10592
-5993
-7502
-8695
-5213
-8090
-9665
-7378
-7569
-8474
-3563
-6946
-9065
-2956
-1107
1016
7095
6707
11431
10594
11700
17013
16891
18626
16747
16642
13608
13189
12595
12733
9850
9004
7685
5921
4832
3298
-924
-949
-4676
-6330
-5107
-4549
-6283
-6517
-7762
-7148
-10427
-8787
-8972
-10032
-9642
-9539
-7673
-6742
-7757
-11265
-9888
-8503
-9553
-9995
-9865
-9621
-11646
-9164
-341
-2651
-6563
1469
5239
6804
9800
14369
15487
14090
12074
13162
15019
13747
12645
12187
13716
14813
14288
10892
9774
7751
6945
5651
4170
5490
-4697
-5259
634
-4885
-5349
-6510
-6932
-8949
-10382
-2700
-4198
-5188
-6364
-5625
-6034
-5907
-4007
-2152
-8273
-8116
-4755
-6066
-5451
-7369
-5279
-7703
-6093
516
1005
613
-7224
-3421
2452
2276
5937
11136
10693
13430
12357
13667
13735
10186
13448
14518
14442
14756
13845
12889
11100
10513
8787
8200
6862
4402
-3708
-6721
-3055
686
2339
667
-736
-1666
-2018
-2879
-3719
-2768
-12374
-11807
-11127
-9904
-10628
-8170
-10526
-12427
-11087
-13680
-9953
-9643
-11492
-9099
-6761
-2117
-1811
-5121
-4011
1256
3888
6032
8867
10138
10559
14028
15260
7338
7060
10320
10190
10775
11104
11898
12934
13397
13641
13685
11722
11591
10735
12410
3219
94
4374
460
3874
1740
80
-554
-2958
-5343
-8704
-9280
-9988
-15311
-15008
-11959
-12746
-9896
-8856
-10079
-10589
-9843
-8631
-8498
-7882
-6216
-7628
-2261
3135
652
-1288
2935
8933
7239
6892
13915
15144
14388
15390
9214
10214
14926
14996
13641
12466
13186
13819
12985
11843
13242
10528
10071
10509
9703
8462
-2557
154
3350
-775
581
-3499
-3302
-5211
-7401
-7716
-9682
-9280
-10816
-14248
-12280
-11044
-10248
-8221
-12335
-12933
-14753
-12663
-12735
-11655
-12996
-12208
-5264
-7676
-4470
-7603
-1900
4850
3328
6911
10209
10412
6718
7496
11403
8475
9416
11550
10082
10528
9311
10191
10265
9333
9948
9122
6655
7756
6813
4553
-4000
1230
1582
-3602
-885
-3689
-3499
-6290
-5846
-9226
-11589
-13250
-9566
-6681
-6719
-8492
-6965
-3174
-6844
-9726
-6164
-6953
-13348
-13538
-11914
-13273
-10503
-1929
-1917
-6113
2598
6509
5883
11373
8831
10785
11857
14292
16741
15020
12204
12465
14487
17210
15681
13766
16168
14216
14454
13704
11771
10638
9053
4982
-710
687
1475
-101
356
-3075
-4589
-6561
-7658
-8151
-11867
-12621
-12543
-12765
-13712
-11383
-11993
-9247
-7650
-10130
-9285
-10226
-7767
-8989
-7932
-7925
-4903
1181
-1792
-4558
1514
6649
5482
5923
5052
7996
10647
10745
10448
11513
10466
9177
12196
12254
12289
11459
11720
12475
9490
9232
11425
11708
9613
8995
1496
-353
5305
-578
41
-1441
-5321
-4805
-6854
-10055
-9026
-10127
-11872
-9329
-13385
-13295
-16271
-13957
-11776
-16957
-8908
-9012
-6587
-13500
-13783
-12358
-9452
-5289
-5152
-3221
-2073
1689
1777
439
7062
15105
8946
9481
17511
11863
13117
11092
8962
11806
8668
15567
16532
16201
15300
14472
14117
12080
10633
9158
-3244
-5192
-1751
-2792
-1437
-2186
-5450
-6291
-8819
-8926
-10537
-10352
-12248
-13789
-14023
-14931
-12412
-14226
-12651
-11951
-14870
-13915
-14765
-11130
-9442
-11486
-9127
-1747
-2639
-5030
406
520
5457
5858
13677
15890
14138
20136
17525
19890
16648
19040
17597
14757
17047
16332
16242
14065
15134
13119
12747
10696
9953
7413
1526
2929
2968
1178
-1043
-2094
-4185
-6712
-5368
-7415
-9476
-9842
-12591
-12459
-12717
-13118
-14560
-11254
-10540
-7783
-7145
-10308
-8070
-5626
-3252
-4385
-542
1277
2228
-2688
-919
6197
8120
10764
9067
12335
12358
10275
13283
12066
12713
14283
15070
14169
10020
12526
12490
9463
7623
6488
6540
5825
1490
-5221
-3649
-3761
-5723
1468
-2540
-2725
-3511
-3712
-4883
-5933
-6870
-9309
-8141
-15145
-16400
-16680
-16612
-16137
-7904
-9218
-11302
-11643
-14404
-12640
-8190
-5654
-7885
-2388
1538
-285
-5230
2296
3829
10872
17687
16239
9661
10975
11858
12609
13220
14205
13864
13288
10093
6848
8041
8309
6906
6340
6469
6011
94
-1626
277
-2125
-1901
-6298
-8916
-4414
-6636
-5486
-4592
-6019
-7745
-8936
-7462
-6769
-8098
-9149
-10455
-13551
-10338
-12037
-9878
-5335
-8832
-9455
-7490
-9249
-6301
-632
3860
753
-3104
8725
8041
7973
13775
12395
13283
13858
15772
16558
16404
16814
17764
16536
17211
14638
11778
12130
9866
8876
5853
3912
-2791
-5630
-3887
-4899
-6838
135
1035
-536
-1593
-2674
-1943
-4630
-3382
-2383
-14058
-13636
-11817
-10950
-8855
-10326
-9005
-9221
-7890
-3823
-7995
-7806
-13221
-12349
-4051
739
2538
-6496
1359
6910
6511
10315
11679
16739
14663
16859
17144
17017
18134
17000
16401
16318
15952
14467
11241
10480
10286
8482
5780
99
-10
2975
2590
1010
2619
2108
132
-26
-340
-3071
-1575
-1923
-4837
-5825
-7111
-6342
-7364
-6893
-9602
-10643
-10413
-9254
-8683
-8027
-8830
-13365
-7873
-9081
-6202
-1627
-4710
-3344
-542
4648
6564
7166
7455
10759
10005
10168
10879
9933
10510
9966
11512
10667
11296
7757
6058
8202
8518
6698
7441
1791
-4853
-2213
-2664
391
-1194
-3510
-4104
-5328
-4726
-4708
-7070
637
776
-2708
-3197
-4781
-3996
-4888
-6078
-14536
-15263
-13072
-13109
-17863
-17160
-11618
-11636
-14393
-9219
-3253
-7195
-5541
-4058
240
564
2673
6625
6514
10746
10540
14540
14683
16364
15897
14575
16288
16801
16998
12028
11529
12082
12264
8829
1983
-3589
4192
6785
4686
5050
3740
1696
3180
1470
306
2652
415
77
-8053
-8153
-7689
-6866
-8991
-10606
-10980
-13503
-16533
-22071
-17511
-18040
-15194
-10032
-15828
-14684
-6404
-5449
-9809
-4441
744
1376
2628
7390
9829
10261
12241
14790
17803
17997
17581
17415
16721
18423
18407
16812
13315
12384
14643
12621
5686
1708
5869
7352
5824
3702
4958
4003
2677
2625
179
161
635
-300
-1747
-2743
-2952
-3370
-4815
-5520
-7820
-13913
-17643
-16780
-16601
-16573
-18670
-15392
-14456
-7274
-2050
-2813
-6518
1
7891
4769
10489
12718
13568
16876
15595
10019
9408
12405
11940
10576
11356
11401
9398
10213
6886
5498
6992
3254
-426
-5667
103
-861
-2194
-736
-2391
-1191
-1110
992
-129
302
-600
-2118
-2118
-3265
-1927
-4661
-5345
-6446
-9551
-12093
-12693
-13397
-14740
-13876
-13688
-11898
-10726
-5315
-6429
-9519
-10741
-362
1914
3651
9598
9224
15642
15023
16442
16624
18019
18240
18699
18693
18478
19728
17879
15044
15409
10943
6627
14230
7751
-1166
3796
2916
3835
3112
-1418
-1437
-2049
-2253
3507
3566
1885
741
-138
-1993
-2531
-3007
-5378
-10759
-10755
-10729
-11428
-11380
-14299
-15793
-22671
-20203
-16763
-11344
-7819
-12635
-14270
2635
6431
-1699
11177
14436
15809
15277
16556
17707
12224
15141
13159
14724
16141
16970
15623
15154
11097
13241
10843
8158
8171
264
3776
4760
6137
6113
3223
3076
4396
2521
448
-95
-2790
-3954
-5421
-6613
-7566
-9393
-14390
-13728
-13834
-13629
-13099
-14794
-14508
-16538
-14594
-14814
-12500
-7064
-404
-6029
-7883
514
335
6115
6273
8378
11277
9422
9121
12691
14889
14624
16493
16410
15523
15716
14188
12539
13233
12089
11974
8866
4799
1735
1477
3762
4279
3182
2101
3633
3548
3174
2522
1248
2854
1552
41
-735
-2771
-7268
-6686
-5253
-11367
-9364
-11628
-17587
-15183
-18878
-20009
-21587
-19023
-14244
-10293
-11008
-9985
2424
-1124
707
6771
10952
12567
12814
11507
10477
13770
10068
11825
18132
17727
10639
9855
12142
12091
12886
13385
14057
4112
-154
7073
6922
5662
4599
4959
3691
4110
4245
3190
2133
-71
-12
-709
-3390
-5893
-5235
-2965
-4325
-5099
-6634
-8598
-9382
-10483
-11823
-12900
-13344
-12714
-8097
-10062
-11101
-9729
-4312
-959
-372
-1032
4666
9016
7180
11131
8363
10061
10738
11300
11402
10306
9596
14720
15251
14408
13779
13237
10744
10073
1688
1454
7718
6313
6861
4382
5592
-192
-166
-1248
1901
1434
132
-1936
-8596
-5960
-5764
-6082
-7848
-10872
-12152
-14748
-14706
-15945
-18378
-18472
-17222
-17942
-12880
-8856
-7764
-8848
-1170
6896
1476
1153
6363
9527
8482
9374
10690
10151
10279
12625
12915
11342
13232
13764
13730
12643
12791
11852
11406
12173
3552
1470
1465
1246
2573
5669
6338
6362
6616
7633
6042
6056
3088
-3245
-942
2173
1827
234
-2779
-3622
-6188
-6710
-7768
-10276
-10898
-12445
-12352
-13826
-11876
-5727
-7633
-11079
-5314
2687
-3470
-3245
2343
5103
8358
9364
12335
14092
13785
13629
12813
15593
14026
14889
14448
13563
9980
10278
9581
9268
3339
-339
5449
568
5484
7105
4781
5653
5777
7162
7439
4549
-885
2150
2200
71
841
129
-1842
-3080
-3899
-5961
-10233
-12122
-12833
-15265
-14058
-15051
-7714
-7616
-13001
-8178
-4849
-2127
1288
2887
5044
8084
7712
10916
10772
12653
11388
13049
12854
11488
11216
10154
10818
8162
10077
9213
9541
10640
6013
3172
8137
8975
7325
7152
8428
9459
8164
9950
3685
-2684
-877
-1380
-2584
-4417
-6409
-1522
-1751
-2761
-3958
-6276
-9644
-10080
-11622
-11931
-14368
-21368
-17870
-13892
-19388
-19806
-10901
-10648
-8487
-1654
4098
2451
1152
4671
4904
3315
9062
12076
11040
11864
13378
14175
14543
15994
14369
15930
17708
17744
10794
9084
11483
12632
12669
5839
4510
6017
6911
-774
-3339
-1519
-725
-1879
-3150
-3792
-6571
-6581
-7485
-8237
-8938
-10159
-15174
-15756
-17745
-18387
-20189
-20452
-18470
-12772
-13882
-20277
-10557
-14713
-4965
-1012
-1406
7302
10197
6557
6338
9838
12524
16779
14225
16617
15929
8604
10811
10708
11353
13986
12478
13689
10839
-282
9299
10303
8540
12319
9912
9305
7593
4401
5984
5814
3842
4429
1726
2611
759
-2244
-4283
-6045
-8000
-10054
-13220
-16798
-18034
-19577
-20103
-20472
-20987
-12164
-13439
-21363
-10986
-8457
-9653
-6327
-909
1346
1699
6093
7792
11432
11006
15442
16290
16303
15441
15096
15682
16462
16584
15969
19482
18113
16894
7317
12944
13593
12121
14014
10177
8576
364
1381
4171
2495
-618
-1473
-4039
1344
1178
-1413
-3907
-5986
-7260
-8036
-17263
-17841
-18089
-17398
-18829
-18577
-16460
-11737
-11356
-15494
-10496
-8476
-7932
-9702
-6121
-4178
-3314
1439
1732
4885
2995
6458
9111
8863
11064
12231
12674
14942
16893
15251
17275
16262
15242
9493
9028
10659
9800
13423
8555
6959
5210
4507
5233
5435
5030
-457
-2153
-3403
-4728
-7331
-10321
-13230
-7633
-15293
-15746
-15110
-15825
-15650
-15510
-15473
-14003
-10376
-8856
-13314
-11740
-6266
-6818
-6551
-5372
-3849
-1666
-212
2039
5529
4942
6245
9173
10244
13790
12290
14255
14776
14236
14916
15512
16150
16008
13166
8854
12449
13273
12583
6692
3958
7304
6029
1809
1173
2078
-1018
-3998
-6214
-6481
-8736
-10814
-10144
-11980
-13059
-16092
-16644
-16543
-18316
-18279
-17480
-14952
-12372
-7678
-18620
-9458
-6037
-10574
-3422
-10057
-875
798
96
2325
5054
5011
9065
11166
9419
14035
12171
14692
12408
14590
14088
14345
14396
14409
11560
5185
11251
9736
6512
3131
5398
5671
4322
7093
1288
130
851
1111
2688
886
-502
-2350
-4660
-7297
-9827
-11295
-12948
-14343
-14463
-18671
-18585
-16457
-14789
-3880
-12913
-11190
-2394
-10336
-11863
-5440
-4732
-4479
-80
-1821
-382
5457
4207
12715
12492
13581
12931
17783
17059
16852
18175
17678
15806
15468
12752
9510
10565
3948
198
2103
4370
4580
6255
5758
6084
4674
1244
1562
3800
1828
558
-822
-1970
-1946
-5600
-6821
-8194
-9250
-7696
-11040
-11825
-10377
-7591
-4432
-12120
-6304
-2200
-5708
1068
-73
-1757
719
-1178
-1935
-694
318
2268
2268
5885
6480
6471
7586
7438
13028
12448
14179
15548
15961
14925
7266
9172
8419
9141
12037
9789
11524
8415
6296
6591
4480
5370
-641
-2036
826
-1088
-2418
-4517
-3919
-6676
-9446
-10163
-11204
-12900
-13037
-15541
-15984
-14094
-5285
-7087
-11683
-5870
-2104
-11024
-8286
-3446
-3736
-3308
-2642
-3775
-1754
-58
2487
468
10931
13694
10858
12037
13169
14762
14900
17592
10638
6435
4694
-302
3342
9037
9736
12119
10838
10363
10326
10350
9626
7751
6936
3650
301
75
1152
1047
-4102
-5436
-5736
-6956
-8259
-10098
-9721
-10905
-11242
-6241
-7337
-13399
-6020
-3155
-6164
-3586
-3710
-4141
-982
-2240
-5282
-2876
-2021
-2488
1677
3730
4173
5083
6350
11161
10246
9779
13897
13950
16531
13663
2111
4095
9618
6345
8445
6431
10688
11614
12233
10785
6433
6114
5849
5974
5431
1691
-454
1450
-1919
-3291
-6505
-8170
-7235
-9838
-12276
-8602
-10480
-9093
-5329
-14869
-12348
-8716
-8787
-6272
-1483
412
-3141
3373
1948
1751
145
1001
414
723
3498
4948
6413
7248
10196
9484
10049
10806
12990
4449
6302
14380
10458
13965
13256
10166
8339
11104
11379
8698
8259
7304
6091
5158
3831
1672
1133
-2602
-3348
-4522
-6645
-10418
-13701
-12103
-16876
-13403
-13833
-12806
-12347
-19693
-10173
-6959
-6706
-2120
-1017
-157
1820
1749
2749
3101
4592
4847
3235
5178
3494
4329
5059
7497
8561
10463
14652
11525
6570
5096
6016
10742
10943
10823
13791
10888
10669
11257
10794
9681
7059
6251
3718
3077
3835
2809
399
-3082
-4741
-9204
-9020
-8846
-12364
-11058
-12463
-13163
-11747
-9740
-11759
-14697
-8818
-5468
-4478
-4605
-4834
-419
648
-784
1653
2547
2406
6521
7475
8294
8860
9648
10441
10599
12911
13047
11178
7790
8937
6298
6528
11047
10182
11237
11108
8091
5720
6520
6975
7206
5471
4407
2162
1903
2051
-415
-634
-1837
-3425
-5733
-9363
-11698
-12424
-11871
-12997
-15665
-13978
-12640
-15669
-11048
-2345
973
-1483
2017
4160
4121
9155
8904
6282
10647
10341
10475
10706
12458
12729
11006
10707
10278
11284
9857
6130
8535
6592
8624
10847
6623
10211
10268
8851
9913
3426
2467
3055
3706
1778
159
-1407
-3498
-3797
-6761
-7173
-6596
-10401
-10116
-12355
-12572
-16071
-18899
-10612
-10619
-11575
-5051
-6105
-18396
-8226
-8357
1030
-6700
-4214
824
3542
7156
9179
12269
11950
12908
12497
13521
12318
12814
12191
11526
8302
6146
9534
7099
2971
3898
10419
7967
5582
7359
5305
8836
6955
8587
8268
6115
5506
4417
4448
1287
1897
-1005
-1094
-2657
-5319
-4837
-6442
-7241
-6209
-9926
-11699
-13811
-11823
-2764
-13544
-8522
952
-3155
2625
5492
6058
9445
10151
9935
10932
12614
14656
14058
13139
12964
13784
12146
10289
6348
3603
5614
5234
771
-4077
-1878
-1685
-766
-187
-1264
-2644
-3725
4951
-1437
6514
5258
-951
-3695
2690
1725
2228
1714
-233
-1550
-2002
-3830
-4856
-11443
-13171
-10978
-16019
-12821
-11134
-10074
-12080
-10980
-5432
-6692
-2635
4867
8119
1785
3837
10766
12269
14081
14418
16049
14548
15314
14934
14692
845
-725
2633
2901
3156
-5465
-4878
-1506
-3695
-3818
-4718
-1501
-4217
-3439
-658
-3762
-1966
-516
-248
992
-2340
-4381
-4067
-4552
-4808
-5099
-5275
-5562
-3939
-4841
-5761
-7690
-7853
-6191
-1957
-5868
-9102
3144
672
3972
8628
7592
9666
9637
12346
10979
13538
13377
14732
15118
15727
15693
14868
10595
4588
8461
8269
6029
-3204
-3192
287
-953
-862
-2045
-821
-3294
-2664
-68
854
-1060
-1447
-1435
-110
-516
-2838
-1201
-3163
-5284
-5173
-7099
-6956
-7514
-8872
-8453
-10269
-9972
-9432
-9152
-1577
-7480
-9662
2075
1343
2134
7031
8344
8695
10113
11178
14349
13458
15115
15973
14174
16891
14534
9263
7859
10756
8961
11175
4007
-3278
3011
1164
2133
9
-1820
-1173
-3648
-2896
-4990
-6101
-1920
-4193
-6963
1514
2195
3759
-27
2908
1287
-191
-2680
-4547
-3568
-4651
-5350
-6761
-3802
-8979
-449
-2699
-5467
3460
796
3761
5529
8540
9739
10241
11801
5743
6030
13683
16012
15047
15501
15174
9055
8726
12281
10857
12203
9767
-1519
3558
6310
2995
5383
1199
971
508
189
-1326
586
1920
-6289
-5224
-2523
-376
-3624
-2531
-298
1442
-506
-2741
-3948
-5548
-4626
-3686
-5197
-4416
-5440
-5648
481
-5736
-4012
4371
3391
6369
6221
7443
9644
11610
12523
13608
13996
14548
15759
15894
17415
10975
8448
10144
10725
11020
10671
6780
-1670
-877
1039
1306
-743
-2391
-3881
-4266
-2863
-5497
-4070
-5741
-6462
-4627
-6077
-3817
-4170
-6896
-5855
-4598
-5898
-8089
-9801
-11513
-10217
-11381
-12460
-9967
-12234
-6213
-6677
-11492
-329
1641
2300
6221
6440
5276
5529
6890
7264
14245
13880
17044
14658
15276
14565
11138
15260
6785
7208
10385
11484
6724
2820
8075
8534
6775
6123
2908
2141
349
670
1278
560
-2933
-3885
-4077
-5540
-1935
-5310
-4055
-2987
-5019
-7078
-10767
-9771
-10445
-12261
-10333
-7053
-8197
-7626
-1221
-5004
-8178
1640
3424
3642
6453
8438
8187
9300
8555
9935
14158
16089
18344
18473
17221
12462
13082
15743
15305
12820
13351
11500
3614
3168
3725
2149
3145
1343
-922
-2269
-5311
1490
651
-285
-1685
-9126
-9372
-10751
-12963
-12268
-11985
-11384
-9036
-11366
-11473
-13002
-14641
-13078
-7677
-8807
-11864
-6023
-4007
-13271
-6695
873
-1052
2458
627
6474
8116
8336
11372
8767
9761
14705
17001
16735
15598
11937
13961
16637
16434
15322
12214
11186
7206
6811
6657
4211
5026
932
-527
-799
-1418
-2739
-5058
-4774
-5938
-7060
-7927
-9373
-8270
-9903
-11917
-11745
-14936
-15161
-14946
-16336
-22110
-20839
-8854
-8304
-6954
-1781
-4818
-9458
2171
3497
5504
8724
10202
12670
14204
18109
17391
18756
20582
19574
19420
14667
17679
13324
17495
19140
18566
17301
16154
13509
7473
9059
10253
8579
9208
6275
4445
4287
2077
1848
1436
548
-960
-4221
-5847
-7810
-15660
-16029
-15179
-17930
-19346
-18443
-21427
-17066
-17810
-18949
-15047
-16207
-8864
-8087
-16513
-6435
-2182
-4617
3879
5909
5732
9348
11472
12358
15012
16633
17101
19862
22823
17172
13319
19098
18923
17812
17372
16263
15115
10976
9552
9005
9783
8964
6610
5297
4908
4538
2109
1949
-128
-933
-2411
-5024
-6779
-8630
-8768
-10555
-10124
-14759
-16197
-16429
-20400
-17216
-17588
-14795
-8574
-11749
-7465
-7330
-11342
1112
3883
5016
10341
10312
12988
15266
16775
17884
19805
21091
21446
22923
22125
20016
15365
14576
17671
15620
15959
12178
12814
8331
5594
10597
8781
9820
6177
5027
2967
1629
345
-4178
-6104
-8207
-8705
-11244
-12248
-13101
-15539
-15598
-14174
-18210
-19829
-20354
-25798
-22235
-23905
-16698
-12214
-10229
-3469
-9029
-17837
-5214
-2172
1063
6178
8451
11392
12420
12944
14884
15509
16953
18282
19234
19180
16320
15111
19662
18873
16360
16247
15963
14493
6449
6489
7545
6909
7167
3865
3542
887
546
387
-511
-1960
-4894
-6046
-8032
-7821
-8597
-10726
-12019
-13760
-18620
-18093
-20281
-25382
-23521
-17363
-15933
-12312
-9952
-7367
-9386
-7327
-2672
-3737
-1657
3921
4973
11352
12776
16483
17445
19843
20833
21886
22529
18832
19324
18023
18180
16714
14981
10987
9435
6392
1525
4310
3519
3308
2957
1533
53
-481
-133
-2616
-4677
-4937
-7264
-9377
-2863
-4670
-4927
-5213
-7463
-9940
-10983
-12442
-16287
-22390
-17474
-26359
-20419
-19221
-13491
-16068
-16100
-8756
-1620
1030
88
5176
5395
7280
16289
17290
18846
19290
19970
20730
21111
17339
14424
10536
12944
13651
13562
15299
13378
5414
8398
8128
6667
5769
2817
2456
121
134
-410
-251
-1689
-3698
-1862
-4769
-6618
-6046
-8618
-9378
-11525
-14990
-16299
-16643
-21024
-19659
-21384
-19941
-17058
-14717
-10929
-18279
-11038
-7048
-3958
-1180
3300
9228
6901
8999
8127
10491
11279
12883
14330
14096
13658
11776
10003
12430
14284
14671
15413
13474
13762
5013
6447
9382
5926
11563
7984
5661
5037
3297
2393
248
-45
-1460
-3033
-4441
-3937
-5111
-3858
-4730
-6929
-10174
-10810
-12844
-14783
-14754
-18944
-13950
-13327
-9411
-10631
-12065
-6045
-6256
-4254
579
2558
5137
8989
7914
11575
11305
13749
17094
16539
18473
18199
15943
15163
17446
16902
15675
13501
14388
8517
6501
9108
4367
7979
3880
7633
2478
1540
534
467
1058
-707
-2482
-2646
-2847
-4085
-3815
-5240
-6002
-7188
-9753
-12906
-13206
-15541
-18532
-17152
-19101
-16242
-12525
-19956
-19327
-5240
-6885
-2352
-1889
83
2673
2867
7284
9177
11448
11643
13448
15012
15274
16259
15226
17383
12889
11320
13839
12689
14256
8460
5070
11617
7892
9135
7720
7666
5813
6335
8408
6575
8159
5331
3313
2227
-24
248
-642
-2623
-4444
-5889
-8905
-10628
-11425
-16443
-13597
-15762
-16821
-12866
-15069
-19360
-14662
-10467
-12535
-9745
-5968
-3483
-213
2508
729
3762
4190
10189
13224
8986
10544
10206
11742
13714
16020
16547
14537
12360
12840
4700
3617
8420
5265
6461
12192
11365
11517
2551
1292
-757
-597
5366
3345
1601
230
667
-2433
-3201
-5597
-7068
-8504
-10465
-13443
-14597
-13556
-16543
-11679
-15066
-15648
-22247
-13523
-8776
-11121
-5706
-4234
-3109
502
3223
1909
6557
8266
9426
11268
17757
16706
12375
12467
15126
16219
19027
18342
18404
19064
9020
15165
13917
11748
13644
10831
9830
8983
7732
5112
5222
4172
3466
1746
-580
-3074
-5692
-8536
-10753
-13595
-9743
-10849
-12044
-13344
-15147
-14407
-15907
-10456
-7002
-23652
-9394
-3778
-3256
-1270
442
4263
6182
7848
8168
8658
8393
10604
3103
5092
7346
8105
9813
13498
14133
13125
15933
13911
17351
14013
9134
14917
13890
12765
12209
9782
8724
9182
7055
4772
4296
4294
2759
432
861
-1334
-2858
-3244
-6760
-9607
-11766
-13914
-15397
-15118
-15413
-15046
-14349
-7970
-7382
-16548
-3642
-557
-3959
1615
3681
6560
6983
6677
4556
7677
7112
6768
6888
7033
7734
1597
2292
5541
5799
8450
9580
6713
9368
5620
2885
9086
7124
7632
5765
1853
9940
9938
8254
6892
7010
5474
3378
866
-604
-1685
-2715
-11207
-12710
-14956
-14390
-17747
-18480
-15686
-15171
-14719
-9013
-4793
-13082
-7692
-292
-2728
-557
1132
1045
4238
4771
3348
4799
5607
5216
7745
8930
6507
5518
1901
5000
6399
6118
8530
12196
14650
10338
7152
5939
12014
8379
8804
9920
4955
5007
3222
3515
1964
2227
1050
226
-668
-746
-514
-2377
-5331
-4193
-5830
-8629
-9524
-11051
-11231
-12315
-9313
-7599
-5456
-12337
-8414
-814
-2815
-620
-1247
3825
4764
5894
7369
8212
9571
10401
11741
11741
11988
9295
8449
8054
9722
8117
8362
8096
7667
9781
8032
6886
5363
7404
9344
7062
5232
3108
1923
-631
4464
4774
3835
1926
2124
739
-336
-437
-1793
-4187
-5002
-6546
-15166
-14924
-17056
-15903
-13186
-11283
-13704
-9761
-815
928
-4058
2266
584
7128
6896
7739
8375
8140
8819
8377
10254
7228
8052
3408
643
4100
4936
3363
3034
2398
1626
1182
-4721
-1466
5090
-1562
-1821
-463
3300
6232
5031
6101
6111
3453
3562
3825
2904
2075
1717
-6351
-8381
-10092
-10694
-11050
-12795
-12415
-11479
-9946
-7224
-2122
-4912
-10032
1219
1853
2987
4696
5560
8259
6182
7348
4810
6381
6590
7796
6886
6290
6499
612
3694
4885
4411
6841
5396
6379
8177
2556
-2881
2522
834
-50
3403
3200
1642
2956
2122
459
4479
3006
2791
2012
-32
-779
-1769
-4081
-7112
-9823
-11138
-12972
-12187
-10830
-15813
-12427
-4730
-2552
-8467
-4848
3796
2210
4300
7164
9026
11621
12199
12144
11345
10088
9102
8483
6524
14461
11888
6356
8861
7892
7761
8146
64
749
671
-3363
-6548
-572
-1301
-2611
1142
-2708
-3512
1840
-3019
-4798
-2501
3291
3489
3653
4033
2074
2148
1189
-8337
-8887
-9245
-10916
-10922
-12166
-15391
-14060
-9009
-6243
-13965
-8963
-1200
-1130
1554
3768
6222
8586
9998
7914
8824
9860
10968
10500
8974
8845
3387
1839
5120
2343
3987
3558
4645
7096
-701
1674
2102
-646
1050
-2339
-3541
-2769
-4000
-2796
-2175
0
188
-4838
160
185
-525
2587
2076
1178
-2073
-1890
-6102
-6142
-5566
-9180
-8326
-7274
-2113
-5187
-7703
336
3564
2911
6513
10420
10364
12228
13257
12753
13679
14255
15080
14218
14111
11726
4660
5807
10929
9785
9956
8829
7724
9697
-782
1529
5649
1583
4508
689
-1076
-980
-2615
-4308
-1915
-2761
-4724
-2069
-4436
-7407
-6858
-8049
-8365
-734
-2849
-2123
-6095
-7358
-6713
-10797
-8800
-6561
-2281
-4988
-12258
-5978
-3532
-794
-1711
4000
5170
5959
8361
8155
8472
7794
10153
9699
11348
6375
5720
7595
6137
8572
7726
8615
9974
6865
-1733
2474
5601
4387
629
-1182
358
-1705
-408
-2509
-1825
-4279
-4984
-7149
-4450
-3725
-3757
-3379
-8258
-6633
-6975
-5092
-9446
-8631
-11923
-14878
-11627
-8812
-9666
-13481
-5936
1735
4118
7327
7664
11670
12557
13141
15469
15921
14713
16743
16373
16954
18509
11040
12311
15294
12987
15957
14354
14161
11810
6014
4809
6712
1110
-508
-3236
-3222
-5172
-5840
-6562
-8099
-8665
-9415
-8694
-10954
-10342
-9622
-7007
-5885
-8825
-7873
-10186
-10682
-9959
-8961
-10891
-10588
-4877
-6270
-5877
-2454
1006
1486
3347
6626
10697
14454
15088
15540
14624
16961
14880
15281
15228
14479
11707
6118
10961
12513
11906
11444
10192
11160
4713
1495
5838
5960
6689
7939
4108
3644
2221
407
-937
-1801
-1673
-3669
-5575
-8367
-12527
-13494
-15371
-15517
-15467
-19200
-16155
-21443
-20209
-14118
-13806
-9320
-5834
-4326
-8103
2067
2879
6357
5603
9592
15652
14665
10012
8348
18380
18218
19176
20023
19958
20510
16185
13889
14724
15405
17092
15392
8046
7819
184
4687
6434
4659
5929
2543
3657
924
-905
-132
-2111
-2683
-3802
-6939
-6992
-7715
-9670
-9763
-12540
-12946
-15112
-15263
-15395
-15163
-10497
-16573
-15513
-7150
-3033
-8358
-6116
5763
4154
5982
6776
9112
14889
15064
15457
15999
17049
18179
21288
18461
19230
16972
12441
17182
14432
16607
16948
12968
14590
7184
2056
6136
4641
3313
1780
-1003
-1776
-2131
-2720
-5005
-4245
-4589
-5390
-7851
-9075
-9728
-11531
-13329
-14929
-14998
-17375
-18149
-20148
-14813
-15773
-17584
-13673
-7216
-8562
-10809
487
1773
7259
7405
10615
16191
15982
19930
18076
17507
18929
20888
20021
18659
17054
12742
11385
14612
12364
12899
11191
9513
7287
4234
10003
11397
7197
9103
4523
3807
4132
-5042
-4715
-4018
-4048
-5368
-7978
-8740
-9413
-10844
-10272
-11967
-12045
-11717
-15704
-15659
-16486
-15865
-18159
-19133
-11860
-7420
-7673
-9774
-3118
1126
4556
7712
10202
11611
15693
18428
17184
18545
18334
20405
18735
18925
15052
6703
10716
11732
18740
19210
16573
18112
7108
4439
10463
8301
8910
7037
5575
4948
3923
2513
1657
-712
-1357
-2245
-3411
-3954
-3714
-6900
-9018
-7096
-10564
-11715
-13221
-16244
-16068
-16406
-19055
-15414
-12221
-19872
-12966
-6459
-8007
-5215
3799
5818
13908
14093
16929
17803
18005
18565
19549
22382
19795
23077
15559
7336
12818
10771
13040
9663
8542
14173
4634
7901
12361
4919
5952
5080
4753
5367
3076
2770
3342
3576
-7853
-8087
-8386
-9097
-8718
-8843
-9866
-11941
-13257
-14445
-13143
-16276
-13858
-15732
-16807
-10992
-15080
-11196
-12268
-7489
-520
-2106
4264
9961
8292
10330
14463
16278
19186
20274
21705
19927
21568
19599
13723
15975
17383
16465
18148
16541
16445
11510
6132
11093
11391
9163
10114
7995
3889
4700
4031
3820
2948
1609
457
-2203
-3492
-7234
-8101
-9052
-10220
-12261
-14155
-13825
-17013
-18572
-18711
-22181
-18638
-13914
-17505
-17814
-12289
-5351
-7776
-5067
880
938
5244
10541
10903
12167
15325
14669
18878
19736
20379
16638
11743
16092
17692
17789
17294
17061
14995
6193
10572
13139
10907
11288
6159
6515
7009
5321
-358
-875
-840
-2156
-3907
-5940
-5691
-6381
-7585
-10626
-11086
-14202
-14790
-15536
-17527
-16808
-18672
-21339
-20954
-16088
-21748
-20958
-8930
-10482
-7896
-5436
-4352
-834
-144
4197
4898
8984
10126
8289
12705
12259
12473
8916
4605
11116
10467
13202
12977
13208
7647
4526
13718
12726
12953
12711
10619
10143
8371
8991
6346
7515
5815
166
-222
-72
-2998
-3275
-11291
