2857
3131
3110
3027
2933
2665
2652
2737
2964
3277
3083
3027
3044
3051
3335
3549
3347
3235
3363
3543
3623
3274
3143
3130
3531
3535
3337
3459
3352
3374
3641
3806
3737
3581
3401
3496
3755
4235
3932
3376
3323
3098
2443
1938
1883
1426
1114
863
833
839
512
377
384
752
934
853
946
1585
2179
2029
1909
2306
2942
3703
3859
4062
4389
3919
3762
3857
3694
3489
3253
2652
2669
2833
2168
1703
1686
1881
1888
1461
958
1091
1253
1106
1270
1115
674
888
1020
890
1332
1398
1144
1273
1657
1624
1572
1915
2011
2307
2459
2303
1941
2034
2589
2922
2935
2974
2821
2469
2679
2834
2753
3093
3153
2928
2958
2997
2765
2468
2943
2948
2662
2754
2685
2460
2639
2805
2380
2031
1705
1256
863
807
434
-348
-476
-429
-659
-542
-604
-951
-1041
-1093
-1378
-1366
-1180
-1027
-680
-486
-492
-496
-484
-302
103
286
550
671
501
700
615
472
669
710
466
638
963
650
478
527
694
735
774
768
551
288
180
324
191
50
220
179
300
484
-58
-441
-272
-360
-599
-506
-529
-368
-418
-807
-461
-98
-462
-436
73
100
-18
-30
-68
25
445
873
822
1030
1817
2062
2121
2639
3112
3428
3834
4190
4437
5051
5632
5963
6121
6021
5991
5909
5838
5721
5539
5415
5550
5889
6077
5672
5595
5974
5841
5998
6176
6196
6541
6607
6605
7131
7352
7532
7655
7750
8598
9173
9165
9105
9216
9574
9806
9927
10201
10040
9982
10037
9696
9660
9819
9873
9388
8948
8960
8689
8165
7951
7774
7933
7704
7228
7280
6657
6149
6049
6014
5989
6095
5788
5515
5609
5468
5586
5723
5872
6010
5900
5881
6230
6349
5929
5690
5871
5512
5417
5252
4816
4621
4163
3751
3177
2759
2405
2258
1973
1646
1561
821
113
-140
-299
-415
-574
-813
-1321
-1755
-2052
-2075
-2181
-2133
-2156
-2574
-2710
-2638
-2332
-2538
-2589
-2283
-1923
-1912
-2185
-1910
-1551
-1192
-1090
-1041
-964
-768
-424
-409
-74
369
364
51
10
318
196
354
591
378
346
129
109
420
-20
-563
-688
-825
-848
-819
-1134
-1573
-1353
-1251
-1664
-1827
-1733
-1760
-1897
-2163
-2058
-1754
-1856
-1687
-1532
-1637
-1487
-1364
-1661
-1425
-1064
-1199
-1333
-1339
-1075
-924
-980
-905
-587
-453
-288
-335
-370
-241
-357
-375
-188
61
173
242
21
-198
-228
-295
-437
-648
-1063
-1186
-1185
-1651
-1843
-2091
-2545
-2779
-2919
-3005
-3091
-3294
-3446
-3444
-3599
-3922
-3710
-3445
-3662
-3343
-3228
-3227
-2888
-3133
-3256
-2949
-2853
-2720
-2339
-2026
-1699
-1505
-1294
-1319
-1275
-1217
-1465
-1688
-1579
-1224
-1275
-1685
-2221
-2335
-2446
-2301
-2577
-3018
-2964
-3169
-3613
-3842
-3705
-3736
-3864
-3781
-3319
-2988
-3023
-3262
-3019
-2978
-2704
-1988
-1730
-1838
-1538
-1008
-819
-511
-485
-250
173
292
227
296
286
625
1014
1190
1068
904
662
233
262
202
-209
-689
-395
-575
-1284
-1543
-1744
-2194
-2892
-3197
-2747
-2674
-3226
-2845
-2422
-2642
-2508
-1784
-1184
-1102
-876
-530
88
742
783
980
1407
1487
1468
1392
1217
1592
1613
1096
1224
1184
500
261
118
-666
-1257
-1577
-2022
-2321
-2710
-3046
-3286
-3706
-3989
-4378
-4540
-4675
-4333
-3968
-4538
-4765
-4843
-4691
-4052
-4118
-4177
-3764
-3810
-3995
-4096
-4177
-3783
-3486
-3096
-2410
-2490
-2552
-2595
-2749
-2651
-2328
-2192
-1919
-1622
-1869
-2124
-2057
-2149
-2328
-1927
-2202
-2405
-2305
-2347
-2811
-3413
-3581
-3903
-4203
-4354
-4283
-4301
-4195
-4399
-4242
-3576
-3183
-3389
-3658
-3270
-2960
-2378
-2099
-1783
-932
-718
-558
26
87
43
342
536
871
797
499
437
419
561
783
659
108
164
416
134
-25
-86
-275
-514
-589
-263
-327
-751
-651
-303
-186
-90
-308
-724
-598
-493
-594
-974
-1090
-1011
-1222
-1347
-1411
-1255
-1588
-2150
-2077
-1852
-1976
-2079
-2003
-2035
-1803
-1844
-2368
-2155
-2092
-2238
-1964
-1670
-1299
-1223
-1559
-1441
-1019
-965
-515
-259
-208
-112
-56
-229
-272
-396
-949
-790
-555
-840
-859
-1181
-2021
-2138
-2190
-2335
-2337
-2199
-1886
-1876
-1943
-1899
-1936
-1533
-1139
-1104
-904
-548
-592
-1153
-1120
-435
33
61
-166
-282
-74
-123
-70
90
-235
-585
-726
-938
-789
-944
-1411
-1681
-1981
-1928
-2093
-2140
-1847
-2062
-2416
-2503
-2466
-2699
-2894
-2717
-2451
-2398
-2667
-2640
-2801
-2755
-2273
-2225
-2644
-2314
-1773
-1901
-1919
-1782
-1273
-789
-806
-1151
-1434
-1571
-1699
-1483
-1330
-1734
-1824
-2000
-2225
-2071
-2070
-2684
-3189
-3281
-3720
-4146
-4367
-4547
-5126
-5504
-5350
-5346
-5292
-5098
-5432
-5596
-5262
-5256
-5422
-5505
-5202
-4789
-4179
-3621
-3508
-2891
-2467
-2761
-2407
-1710
-1433
-1334
-1455
-1196
-748
-765
-543
-504
-588
-265
-525
-532
-123
-370
-917
-975
-644
-754
-1125
-1511
-1470
-1256
-1416
-1731
-2221
-2342
-2400
-2692
-2872
-2921
-3026
-3212
-2770
-2412
-2368
-2033
-1881
-1993
-1750
-1426
-1350
-1150
-970
-692
-478
-647
-837
-740
-925
-1419
-1521
-1451
-1631
-2282
-2615
-2087
-1882
-1984
-1482
-826
-713
-833
-981
-595
65
207
-66
-142
338
573
491
176
8
90
8
143
409
74
-517
-634
-1032
-1424
-1086
-1246
-1468
-1340
-1145
-1269
-1948
-1817
-1543
-1400
-1357
-1457
-1240
-1118
-904
-730
-304
86
104
260
661
925
796
981
1429
1983
2400
2273
2706
3050
3011
3243
3259
3256
3193
3428
3524
3675
3654
3469
3567
3626
4042
3924
3479
3431
3727
3966
3875
3722
3735
4287
4756
4250
4162
4355
4106
4481
4807
4876
4910
4359
3779
4306
5181
5754
5948
5984
6176
6117
5864
5827
6109
5515
5050
5060
4493
4438
4492
3999
4037
4048
3764
3828
3862
3870
3671
3393
3264
3599
3797
3478
3722
4266
4897
5163
5157
5378
5548
5821
6045
5948
5821
6114
6310
6371
6864
7388
7321
6930
6757
6908
6801
6423
5650
5360
5551
5347
5321
5371
5229
4938
4981
4605
4092
3879
3139
2603
2667
2426
2109
2116
2425
2430
2313
2368
2310
2573
2606
2664
2635
3024
3479
3310
3312
3043
3099
3324
3182
3303
3541
3314
2657
2649
2926
2633
2747
3244
3435
3382
3396
3128
2805
2878
2891
2592
1807
1888
2004
1593
1462
1111
675
413
196
217
508
521
348
448
1020
886
726
660
644
1155
1714
1629
1357
1813
2076
1677
1321
1951
1942
1517
1489
1503
1419
1342
1114
836
731
683
880
772
609
233
281
657
721
580
116
-374
-136
335
377
-57
-657
-1203
-1904
-2284
-2598
-2625
-3022
-3926
-4603
-4680
-4645
-4836
-5001
-5189
-5158
-5468
-5491
-5363
-5381
-5254
-5202
-5132
-5007
-4968
-4766
-3866
-2729
-2246
-2384
-2716
-2888
-2070
-1374
-1364
-1322
-1260
-980
-759
-1041
-1367
-1629
-2174
-2435
-2449
-2552
-2721
-2935
-3580
-3620
-3324
-3538
-3337
-3251
-3031
-2661
-2280
-1992
-1881
-1601
-1527
-1350
-762
-377
-162
-154
-36
160
557
890
910
1824
2156
2093
2375
2780
2482
1828
1924
2186
2306
2259
2493
2622
2710
2669
2234
1772
1613
1339
1361
1615
1632
1415
933
782
1171
1475
1236
1082
1251
1480
1748
2035
1831
1972
2403
2480
2655
2885
2931
2934
2816
2566
2538
1843
1155
1253
1951
2243
1733
1303
1149
1482
1383
852
617
569
401
239
-98
-271
-305
-913
-1374
-1622
-1950
-1983
-1899
-1972
-2069
-2219
-1933
-1618
-1276
-444
-33
141
609
1216
1551
1440
1953
2931
3223
3369
3734
3975
4074
4129
4239
4787
5047
4884
4807
4838
4846
4575
4320
4046
4141
3890
3372
3437
3759
3555
3057
2651
2267
2203
2338
2478
2373
2088
1874
1740
1445
1511
1753
1991
1823
1826
2205
2006
1710
1803
2638
2939
2777
2962
3220
3208
2682
2462
2321
2138
2279
2312
2190
2323
2542
2492
2824
3359
3269
3160
3201
3454
3799
3716
3098
2517
2588
2492
2374
2283
1427
601
336
-348
-905
-1101
-1334
-2068
-2668
-2233
-2216
-2811
-3140
-3276
-3129
-3133
-3610
-3323
-3053
-3225
-3415
-3282
-2924
-3136
-3452
-3047
-2221
-1533
-1321
-1406
-1263
-1649
-1982
-1720
-1437
-1440
-1995
-2381
-2184
-1678
-1752
-2262
-2551
-2848
-2760
-2609
-2501
-2528
-2815
-3201
-2960
-2471
-2533
-2332
-2347
-2387
-1808
-1592
-1889
-2295
-2051
-1414
-703
-382
-674
-745
-770
-797
-669
-368
-558
-1176
-1540
-1389
-1505
-1134
-529
-366
-243
-169
-410
-372
-135
-690
-1135
-1721
-1927
-1543
-1254
-1846
-2104
-2058
-2594
-2805
-2578
-2983
-3271
-2664
-2587
-2037
-1240
-865
-965
-533
262
413
658
1007
1451
1706
1339
1321
1583
1317
858
611
779
822
941
381
-66
-271
-1006
-953
-1000
-1110
-1063
-1613
-2291
-1925
-1771
-2361
-2441
-2811
-2883
-2752
-2556
-2392
-2714
-2627
-2644
-2670
-2739
-3041
-2711
-2320
-1519
-908
-1211
-1321
-1058
-598
-38
138
173
613
160
135
437
-187
-450
-387
-564
-665
-781
-1089
-965
-688
-598
-740
-882
-1164
-1082
-830
-654
-576
-536
-553
-714
-1172
-1424
-1030
-839
-614
-758
-816
-626
-413
-618
-591
99
39
123
989
1198
1027
839
586
919
1093
863
485
241
570
915
754
824
1045
1040
914
1024
1680
1647
1349
1447
1560
1757
1446
1065
1394
1454
1364
1456
723
543
476
-4
179
155
-174
-693
-1472
-1812
-1707
-1739
-1772
-1733
-1725
-1595
-1760
-1663
-928
-671
-719
-855
-655
-142
309
69
-123
543
240
-179
400
926
1269
1591
1268
997
1554
2116
2225
2252
2248
1951
1184
574
669
999
1196
691
195
-24
-343
-591
-810
-1220
-1570
-1686
-1551
-956
-584
-830
-920
-384
-249
-549
-759
-296
-22
-434
-483
-460
-184
412
373
21
388
405
-35
259
649
261
227
535
253
361
705
-25
-428
-75
42
139
-292
-523
-196
-399
-526
-451
-423
-363
-797
-378
-298
-497
-246
-397
-213
-220
-547
-1035
-1289
-788
-430
-573
-538
-918
-1215
-1545
-2111
-2521
-3268
-3853
-3996
-3527
-2780
-2908
-3254
-2778
-2617
-2716
-2739
-3052
-2841
-2459
-2428
-2399
-2225
-2219
-2641
-2601
-2100
-1984
-2097
-2346
-2490
-2234
-2071
-1932
-1614
-1386
-1365
-1048
-104
544
493
729
480
172
763
1031
964
693
956
1554
1696
1483
1379
1591
1494
1210
1070
1296
1557
1284
904
886
426
-256
-85
235
258
-114
-923
-1024
-827
-1115
-1266
-1210
-1400
-1586
-1209
-1406
-2055
-2353
-2559
-2433
-2088
-1892
-2170
-2183
-1950
-2007
-2244
-2464
-2699
-2745
-2314
-2250
-2548
-2234
-2224
-2771
-2790
-2064
-703
348
566
344
409
720
839
484
54
-153
-25
-101
-527
-1023
-1381
-2021
-2827
-2913
-3308
-3844
-4477
-5059
-5503
-5550
-4983
-4819
-4824
-4444
-4512
-4496
-4103
-4332
-4242
-3750
-3289
-2855
-2481
-2058
-1808
-1220
-605
-613
-247
212
281
604
871
998
1493
1645
1582
1824
1859
2073
1885
1613
1664
1424
1251
1055
1369
1551
1061
491
423
1032
657
137
635
1021
1098
1103
746
310
784
1117
1319
1835
1993
1891
2127
2709
2899
2862
2441
2080
1833
2098
2374
2605
3115
2994
2935
2937
2692
2464
2457
2364
2172
2231
2286
1708
1197
1148
1047
1271
1438
1337
1097
865
325
-244
-20
194
-151
-307
174
611
739
492
558
513
122
60
223
634
900
753
619
927
1127
1193
1121
999
1218
1459
1184
1369
1829
1557
1590
1710
1561
1609
1496
964
915
1181
1004
1020
1126
1010
743
768
640
341
279
371
286
201
774
958
521
531
519
527
1240
1289
1050
1211
1309
1415
1768
1930
1666
1409
1243
1401
2035
2399
2614
2724
2364
2016
2285
2926
2894
2815
2653
2485
2928
3362
3027
2273
2156
2314
2170
2217
2057
1389
759
579
515
760
926
492
252
523
638
520
635
599
614
729
936
806
963
1441
982
959
1567
1596
1552
1558
1606
1548
1797
1799
1662
1459
791
700
660
597
138
-635
-1386
-2186
-2635
-3071
-3868
-4588
-4763
-4921
-5154
-5546
-6133
-6340
-6426
-6654
-6506
-6082
-5966
-5752
-5446
-4904
-4403
-4286
-3821
-3205
-2688
-2437
-2122
-1722
-1307
-941
-1028
-875
-683
-580
-143
-295
-653
-667
-874
-1127
-944
-677
-1054
-1161
-708
-1029
-1464
-1730
-2015
-1903
-2049
-2524
-3201
-3416
-3318
-3335
-3499
-3326
-3304
-3296
-2768
-2660
-2607
-2468
-2590
-2551
-1523
-940
-581
-458
-681
-585
-402
-396
-466
186
339
180
301
599
787
874
641
653
920
1030
963
987
1006
529
406
728
1184
990
1096
1232
1074
1059
1420
1275
1102
1803
1791
1536
1414
1315
1120
834
322
228
333
-39
-472
-447
-239
-509
-1032
-979
-727
-399
-336
-560
-376
-666
-1082
-1166
-537
-27
-263
-294
-188
-547
-422
-3
-134
-330
-596
-981
-674
-44
23
107
9
-489
-642
-459
-755
-847
-280
238
380
559
763
958
912
928
1266
1575
1865
1790
1905
2350
2574
2177
1950
2413
2504
2407
2224
2089
2260
2189
2085
2291
2583
2524
2191
1847
1876
2149
2057
1726
1596
1498
1219
791
947
1275
895
570
351
204
404
527
193
147
376
366
276
715
1053
788
1194
1582
1718
2319
2446
2532
3442
3697
3578
3598
3741
3966
3753
3380
3280
3836
4006
3750
3743
3392
2647
2650
2676
2589
2353
2029
1800
1087
844
638
83
-94
-170
-596
-607
-973
-1225
-1075
-1283
-1569
-1466
-655
-246
-103
120
306
427
917
1387
1854
2081
1669
1292
1271
1616
1683
1611
1622
1674
1836
1572
1255
1513
1513
1531
1582
1458
1219
1005
923
955
898
751
731
397
728
978
756
541
789
1343
1046
1187
1290
823
1151
1620
1375
1426
1562
1490
1253
1384
1532
1432
1541
1376
1359
1263
1119
1026
1537
1349
961
1275
1229
1022
1310
1437
1192
1612
1958
1875
2039
2608
2455
2206
2468
2637
2473
2325
2133
1977
1707
1477
958
581
647
449
191
-305
-292
-167
-213
-162
-47
-115
-204
-112
195
721
910
820
802
872
1059
1240
1354
1543
1933
2230
2698
2872
2682
2988
3100
2957
2966
3143
3033
3157
3507
3497
3335
2583
2008
2023
1865
1980
1635
1279
1464
1298
1019
1443
1516
954
989
812
773
665
349
-163
-267
300
337
7
87
68
-138
-124
-69
100
-113
-111
-49
230
576
481
517
535
632
940
1289
1195
1468
1474
850
649
584
233
-266
-325
-623
-1048
-1258
-1595
-2045
-2432
-2719
-2856
-2650
-2423
-2259
-2082
-2394
-2266
-1390
-1120
-1307
-1178
-959
-1146
-974
-816
-972
-1015
-1111
-1463
-1871
-1988
-2394
-2797
-2656
-2154
-2232
-2714
-3209
-3449
-3475
-3828
-3960
-3686
-3769
-4302
-4252
-4471
-4733
-4494
-4191
-4288
-4069
-3537
-3463
-3159
-2890
-2797
-2528
-2014
-1878
-1418
-1013
-874
-595
-498
-103
152
151
228
258
719
1088
937
831
1137
1613
1399
1348
1369
841
933
1224
724
806
1060
910
1271
1133
434
519
745
385
498
621
-448
-990
-933
-1466
-1444
-1567
-2201
-2327
-2367
-2351
-2101
-1944
-2213
-2350
-1873
-1637
-1692
-1557
-1166
-1250
-1178
-967
-820
-298
-233
-338
-189
95
440
624
702
938
1407
1966
1857
1639
1597
1431
1240
1043
852
143
-295
-573
-1297
-1680
-2014
-2588
-3061
-3389
-3807
-4293
-4277
-4218
-4432
-4195
-4364
-4398
-4103
-4141
-4038
-3746
-3409
-3197
-2787
-2459
-2131
-1641
-1370
-1425
-1034
-639
-195
188
533
810
921
831
641
1178
1307
1333
1295
1221
1261
1482
1668
1087
562
341
99
-4
31
-29
-337
-757
-652
-397
-317
-188
-470
-369
-73
236
733
1185
1763
1621
1771
2349
2569
2731
2959
2885
2859
3265
3414
3436
3523
3612
3626
3715
3556
3085
2907
2585
2280
2464
2195
1899
1894
1530
1196
908
497
-23
-315
-518
-1051
-1278
-1067
-1348
-1537
-1333
-1341
-1208
-907
-1097
-1039
-865
-1212
-791
-962
-1037
-683
-934
-847
-1000
-1096
-930
-1255
-1499
-1367
-1469
-1646
-1482
-1354
-1591
-1673
-1869
-2004
-1939
-2199
-2659
-2509
-2442
-2568
-2451
-2585
-2800
-2740
-2804
-3119
-3296
-3629
-3680
-3504
-3470
-3411
-3336
-3106
-3037
-3266
-3024
-2930
-2802
-2432
-1976
-1641
-1310
-1160
-1154
-570
-658
-998
-538
-210
-501
-714
-943
-913
-453
-99
-1
173
208
95
-24
-77
-1
-29
146
322
247
331
506
186
175
159
-9
248
136
38
294
231
-119
0
560
646
343
92
231
383
445
584
479
779
1100
1381
1351
1121
1479
1562
1632
1996
2197
2442
2343
2078
1997
1713
1335
944
565
123
-233
-626
-1122
-1549
-1893
-2643
-3468
-3581
-3667
-4196
-4574
-4836
-5213
-5110
-5167
-4975
-4675
-4762
-4677
-4391
-3799
-3577
-3553
-3261
-3076
-2702
-1977
-1340
-825
-630
-561
-651
-744
-683
-286
85
-48
-298
-447
-732
-1026
-725
-842
-1037
-1068
-1157
-1167
-1325
-1722
-2460
-2697
-2637
-2828
-3184
-3037
-3026
-3300
-3388
-3399
-3345
-3359
-3398
-3395
-3126
-2910
-2675
-2570
-2184
-2139
-2197
-1831
-1737
-1520
-1053
-806
-1066
-810
-533
-525
-375
-710
-922
-503
-307
-444
-514
-639
-570
-682
-584
-468
-340
-324
-188
406
299
49
122
255
69
-57
-164
-141
-304
-557
-768
-1300
-1788
-1650
-1573
-1840
-1861
-2222
-2543
-2685
-2346
-2441
-2739
-2393
-2154
-2060
-1991
-2146
-2294
-2225
-2224
-1874
-1919
-2417
-2304
-2246
-2218
-2322
-2382
-1992
-1830
-1818
-1526
-1294
-1358
-1458
-1727
-1749
-1478
-1582
-1826
-1372
-1053
-1277
-1244
-1267
-1345
-1108
-1373
-1720
-1390
-1368
-1413
-1380
-1472
-1627
-1436
-1210
-1560
-1691
-1488
-1400
-1624
-1419
-1287
-1149
-596
-183
-99
-209
-692
-1170
-603
-113
-67
442
793
598
898
1068
744
485
730
596
348
353
180
-57
-427
-669
-818
-815
-1233
-1393
-1243
-1305
-1576
-1688
-1393
-938
-644
-592
-357
186
801
1118
1190
1737
2192
2236
2343
2336
1915
1995
2446
2026
1763
1381
1023
1540
1834
1516
1414
1435
1253
851
573
166
-268
41
59
-579
-628
-836
-1344
-1134
-919
-1233
-1509
-972
-757
-797
-420
-330
-311
30
66
262
877
589
366
300
276
436
522
985
1323
1678
1451
982
1053
997
1102
1172
973
990
1381
2008
2252
1890
1900
1967
1918
2088
2126
2294
1988
1672
1424
902
493
433
335
321
351
-141
-277
-316
-588
-637
-568
-692
-451
58
246
155
98
-383
-411
342
582
668
603
360
369
809
1018
996
1231
1640
1945
2288
2505
2696
3084
3351
3242
3082
2962
2503
2406
2453
2425
2259
2034
1670
1060
626
355
136
376
157
-563
-441
-283
-120
173
167
-78
220
676
605
468
232
638
1653
2517
2654
2964
3605
3250
3626
4513
4526
4697
5028
5380
5746
5736
5724
5722
5964
6550
6911
7069
7027
7014
6531
6150
6181
6103
6138
5795
5463
5547
5287
4688
4718
4303
3788
4384
4079
3562
3716
3588
3532
4169
4602
4690
5146
4850
4609
5086
5268
5168
5591
5510
5501
6035
6121
6445
6797
6541
6256
6454
6502
6142
6016
6051
5301
4845
4862
4817
4336
3627
3147
2911
2601
2486
2507
2020
1855
1729
1706
1756
1717
1621
1731
1765
1335
1423
1408
1316
1337
1119
479
-83
-368
-120
732
637
-171
-321
-254
-881
-853
-1142
-1112
-494
-712
-1024
-784
-640
-1209
-1118
-869
-1343
-991
-588
-872
-1036
-1341
-1427
-968
-1098
-1852
-1749
-1825
-1806
-2088
-1845
-1345
-1662
-1986
-1787
-842
-502
-673
-402
-74
-132
234
400
206
138
483
717
832
868
732
640
687
879
826
701
736
537
12
833
1599
448
-225
197
325
-121
-649
-882
-1366
-2212
-2618
-2495
-2417
-3017
-3296
-2916
-3487
-3695
-3442
-4023
-4146
-4023
-4366
-3966
-3534
-3761
-3620
-3414
-3365
-3595
-3696
-2733
-1854
-1929
-2247
-2431
-2005
-1625
-1824
-1878
-2206
-2690
-2930
-3239
-3588
-3895
-4009
-4144
-4512
-5007
-5526
-5929
-6069
-6374
-6885
-7192
-7595
-8162
-8340
-8349
-8545
-8678
-8962
-9116
-8572
-8233
-8437
-8497
-8272
-7804
-7332
-6880
-6390
-6085
-5560
-5026
-5141
-4785
-4528
-4690
-4304
-3840
-3476
-2829
-2615
-2707
-2050
-1882
-1999
-1443
-1268
-1504
-856
-572
-1182
-1257
-1287
-1552
-1368
-1233
-1353
-1197
-1136
-1368
-1428
-1131
-923
-708
-702
-534
52
133
-74
-108
-155
-100
487
1229
1296
816
1113
1407
948
1133
1824
2138
2746
3316
2878
2587
2925
2938
2629
2674
2511
2980
3189
2758
3176
3215
2870
3036
2951
2748
2861
2408
2146
2204
1732
1159
1026
320
-28
-129
-578
-674
-760
-837
-1115
-1353
-1469
-1387
-1445
-1359
-1160
-983
-654
-83
100
201
289
204
62
66
365
390
711
1001
1098
1071
1090
1154
1243
1336
1376
1431
1581
1571
1192
744
880
1170
1122
1129
877
692
611
548
597
560
619
835
798
858
1226
1486
1465
1329
1134
1346
1962
2080
2184
2116
1672
1897
2422
2742
2997
3247
3290
3127
3064
3040
3376
3480
3311
3533
3486
3360
3650
3535
3078
3337
3755
3896
3872
3869
3680
3156
3233
3354
3238
2933
2914
2759
2455
2569
2406
2619
2647
2657
3038
3421
3706
3707
3516
3328
3298
3635
3994
3870
3982
4169
3813
3440
3294
2909
2376
1930
1501
1284
1445
1191
934
863
862
1003
1203
1402
1284
922
655
708
470
583
864
786
1057
1581
1749
1957
2028
1966
2157
1765
1631
2004
2037
2000
2268
2508
2641
2848
3008
2911
2830
2800
2379
2547
2645
2911
3255
3033
2939
2754
2898
3048
3146
3087
2927
2674
2612
2945
2621
2573
2907
2927
3092
3370
3412
3261
3584
3543
3032
2861
3275
3145
3102
3423
3043
2937
3259
3383
3253
2731
2329
2936
3256
3496
3582
3516
3817
3816
3904
4410
4429
4341
4333
4679
5233
5041
4697
4678
5321
5812
5886
5904
5647
5482
5633
5476
5230
5125
4666
4312
4073
3280
2756
2355
1783
1450
1104
900
680
265
314
462
97
-80
64
40
26
57
125
397
697
538
286
497
378
-167
-243
567
1088
1170
950
648
638
765
731
844
941
928
1058
1007
822
669
746
461
277
311
422
227
-208
-808
-999
-951
-1116
-1471
-1916
-1967
-2219
-2480
-2544
-2663
-2860
-2869
-3036
-2976
-2910
-3189
-3270
-3178
-3183
-3114
-2829
-2427
-2186
-2008
-2022
-2317
-2621
-2498
-2118
-2077
-2024
-2126
-2272
-1939
-1743
-2242
-2115
-1933
-2000
-2010
-2341
-2499
-2491
-2595
-2661
-2381
-2565
-3056
-2965
-2620
-2552
-2588
-2598
-2431
-2415
-2511
-2486
-2530
-2618
-2659
-2728
-2855
-2828
-2729
-2578
-2706
-3007
-3447
-3497
-3096
-2512
-1984
-2009
-2164
-2267
-2243
-2255
-2243
-2092
-1988
-1649
-1017
-1108
-1248
-872
-936
-971
-721
-599
-144
147
10
18
-142
-280
-74
175
-188
-620
-711
-788
-1157
-1496
-1340
-1509
-1800
-1710
-1634
-1785
-2030
-2330
-2546
-2193
-2022
-2288
-2089
-1989
-2219
-2161
-2003
-1935
-1560
-1318
-1323
-1037
-1039
-1244
-1131
-1003
-1225
-995
-766
-1004
-917
-923
-1277
-1719
-1951
-2330
-2646
-2736
-3316
-3913
-3979
-3840
-3822
-4091
-4165
-4307
-4593
-4782
-4818
-4757
-4785
-4745
-4702
-4486
-4346
-4261
-4064
-3950
-4065
-4067
-3965
-3755
-3509
-3798
-4203
-4209
-3990
-4137
-4571
-5014
-5623
-5643
-5540
-5848
-5921
-5889
-6263
-6731
-6639
-6713
-6960
-7283
-7509
-7670
-7714
-7829
-7844
-7607
-7850
-7765
-7488
-7401
-7480
-7503
-7559
-7551
-7155
-6884
-6462
-5854
-5475
-5380
-5460
-5133
-4791
-4637
-4421
-4373
-4527
-4587
-4387
-4009
-3544
-3450
-3760
-3853
-3776
-3947
-3908
-3997
-4264
-4415
-4471
-4223
-3626
-3293
-3435
-3684
-4149
-4448
-4501
-4864
-5422
-5478
-5358
-5400
-5263
-5425
-5445
-5364
-5781
-5982
-5976
-5902
-5879
-5730
-5524
-5598
-5549
-5215
-5026
-4907
-4989
-5136
-4598
-4202
-4256
-4125
-4118
-4286
-4281
-3998
-3734
-3723
-3751
-3428
-3194
-3459
-3305
-3150
-3110
-3066
-3312
-3084
-2847
-3111
-3369
-3609
-3912
-4137
-4501
-4618
-4591
-5027
-5527
-5936
-6200
-6238
-6219
-6128
-6339
-6310
-6031
-6032
-5737
-5705
-5797
-5394
-4682
-4281
-4107
-3830
-3837
-3840
-3501
-2829
-2278
-2186
-2157
-2140
-2095
-1708
-1365
-970
-564
-670
-834
-618
-507
-628
-575
-124
121
205
307
-196
-473
-716
-589
-58
287
527
525
591
606
661
917
1171
1271
1453
1470
1825
1984
1840
1919
2148
2334
2477
2691
2832
3051
2849
2825
2931
2854
2716
2881
3170
2892
2743
2793
2660
2596
2508
2412
2497
2279
1911
1902
1676
1403
1289
975
841
873
939
855
878
993
810
576
663
965
856
980
1320
1272
1225
1446
1656
1524
1571
1794
1990
2023
1841
1269
789
790
857
1234
1417
1469
1317
895
1043
986
808
1004
1278
1597
1646
1790
2014
1834
1647
1943
2327
2501
2671
2866
2590
2449
2646
2745
3001
3276
3230
3369
3770
3675
3876
4066
4229
4461
4420
4552
4768
4947
4941
5205
5393
5248
5414
5384
5454
5912
5709
5573
5910
5923
6047
6288
6216
6255
6502
6722
6774
6887
7126
7087
6973
7119
7235
7065
7092
6983
6825
6822
6686
6572
6289
6197
5900
5628
5570
5577
5795
5563
5350
5598
6005
6112
6139
6407
6702
6892
7045
7344
7667
7636
7303
7251
7576
7884
7857
7810
7704
7394
7102
7045
7128
6738
6120
5970
5810
5642
5388
5089
4815
4389
4353
4523
4719
3964
3354
3545
3560
3673
3787
3582
3740
4237
4606
4996
4876
4736
4885
4963
4962
5281
5466
5363
5494
5543
5412
5732
5783
5343
5498
5738
5643
5673
5570
5537
5600
5358
5211
5227
4955
4850
4986
4795
4737
4720
4706
4645
4534
4284
4290
4343
4034
3960
3994
3915
3751
3527
3252
2990
2700
2514
2545
2484
2322
2440
2701
2691
2900
3362
3273
3094
3093
3292
3504
3214
2915
2760
2718
2918
2959
2975
3178
3479
3675
3584
3714
4050
4010
3793
3510
3539
3919
4076
4078
4010
3668
3483
3600
3233
2847
2571
2062
1851
1662
1391
1236
1118
1129
749
505
262
108
-84
-848
-1172
-1143
-1278
-1757
-2002
-2106
-1988
-1931
-2458
-2663
-2717
-3148
-3335
-3272
-3242
-3147
-3128
-3165
-3252
-3071
-2781
-2564
-2542
-2405
-2103
-2105
-2118
-2309
-2319
-2300
-2207
-2384
-2720
-2371
-2453
-2490
-2719
-3188
-3243
-3295
-3939
-4572
-4486
-4574
-4517
-4572
-4527
-4268
-4213
-4023
-3697
-3718
-4017
-3819
-3563
-3465
-3287
-3261
-3212
-3269
-3424
-3196
-2612
-2326
-2470
-2544
-2273
-1981
-1937
-2188
-2148
-1447
-1099
-1637
-2062
-1769
-1748
-1961
-2335
-2553
-2468
-2306
-2252
-2462
-2333
-2113
-2208
-2273
-2349
-2254
-1805
-1447
-1279
-1205
-662
-228
169
156
70
727
1148
1143
1043
1278
1650
1818
1384
1045
1130
1159
1072
811
641
477
338
327
230
71
19
319
401
129
162
233
215
358
176
61
726
1031
921
1088
1435
1645
1825
1686
1532
1579
1399
1448
1417
1112
915
1018
1272
1399
862
440
899
899
708
887
689
838
942
801
1096
1251
1369
1627
1490
1240
1355
1651
2000
1963
1933
2478
2890
2779
2767
2887
3132
3158
3049
3068
2685
2671
3058
2962
2734
3163
3176
2612
2278
1774
1833
2103
1909
2138
1963
1301
1356
1169
718
963
954
592
1008
1259
1144
1266
1191
1488
2012
1873
2086
2344
2082
2544
2712
2485
2775
2926
3206
3627
3314
3211
3458
3234
3141
2943
2522
2750
2663
2191
2283
2376
2190
2109
2107
1836
1965
1996
1732
1745
1713
1619
1857
1616
1372
1607
1628
1832
1820
1813
1998
1669
1510
1772
1743
1906
1733
1573
1999
2185
2011
2099
2125
1936
1997
1872
1702
1611
1284
1216
1425
1086
551
484
975
1274
913
427
561
638
363
263
-139
-321
-117
-459
-785
-1050
-1388
-1196
-1174
-1394
-1488
-1807
-1815
-1583
-1934
-2307
-2518
-2457
-2200
-2389
-2633
-2495
-2431
-2806
-3247
-3422
-3732
-4014
-4099
-4112
-4220
-4556
-4456
-4291
-4446
-4358
-4375
-4613
-4617
-4665
-4735
-4731
-5058
-5107
-4916
-4972
-4869
-4952
-4931
-4794
-4869
-5247
-5327
-5179
-5387
-5272
-5376
-5540
-5518
-5758
-5792
-5779
-5945
-6297
-6483
-6633
-6965
-7133
-7306
-7315
-7548
-7637
-7742
-7988
-7980
-8158
-8382
-8181
-8169
-8584
-8572
-8414
-8121
-7947
-7878
-7720
-7298
-7102
-7043
-6645
-6443
-6215
-5925
-5697
-5364
-5059
-4908
-4576
-4379
-4242
-4049
-4023
-3749
-3591
-3593
-3291
-3190
-3079
-2927
-2883
-2838
-2850
-2922
-2990
-2822
-2895
-2911
-2716
-2731
-2705
-2638
-2716
-2659
-2696
-2747
-2570
-2474
-2304
-2169
-2040
-1848
-1626
-1359
-1160
-995
-853
-692
-436
-268
-135
-51
-26
130
274
315
532
674
751
821
691
982
1175
1254
1402
1510
1750
1904
2114
2430
2591
2595
2746
2991
3255
3310
3520
3793
4011
4111
4230
4629
4955
5079
5094
5341
5530
5572
5577
5636
5752
5761
5742
5798
5874
5871
5646
5725
5918
5748
5629
5704
5669
5419
5411
5504
5439
5083
5031
5193
5152
5140
5036
4951
5068
5044
4894
5173
5248
5175
5303
5447
5446
5303
5254
5130
5006
4932
5125
5244
5015
4947
4869
4686
4560
4284
4011
3810
3563
3220
2907
2680
2314
1866
1461
1229
806
444
160
-229
-701
-1010
-1017
-1332
-1625
-2002
-2379
-2752
-3037
-3242
-3534
-3879
-4232
-4419
-4653
-4707
-4996
-5265
-5292
-5403
-5504
-5675
-5829
-6088
-6059
-6027
-6264
-6316
-6315
-6468
-6610
-6521
-6626
-6788
-6852
-6949
-7043
-7009
-6976
-7091
-7294
-7431
-7364
-7454
-7528
-7579
-7572
-7762
-7980
-7848
-7884
-7933
-8046
-8089
-8010
-8012
-7906
-7808
-7799
-7755
-7642
-7553
-7637
-7617
-7579
-7645
-7631
-7662
-7841
-7966
-8040
-8174
-8232
-8321
-8345
-8456
-8494
-8557
-8530
-8397
-8367
-8432
-8382
-8068
-7823
-7581
-7351
-7148
-7030
-6831
-6558
-6215
-6096
-6143
-5850
-5522
-5354
-5285
-5064
-4785
-4754
-4687
-4536
-4405
-4267
-4202
-4099
-3892
-3826
-3866
-3684
-3399
-3388
-3505
-3612
-3540
-3389
-3421
-3360
-3267
-3290
-3332
-3376
-3198
-2972
-2903
-2853
-2787
-2776
-2845
-2784
-2774
-2728
-2846
-2906
-2882
-2849
-2828
-2982
-2887
-2870
-2941
-2964
-3098
-3277
-3512
-3705
-3789
-3847
-3791
-3795
-3820
-3672
-3651
-3694
-3656
-3673
-3664
-3532
-3307
-3002
-2806
-2814
-2511
-2234
-2087
-1891
-1721
-1501
-1292
-1200
-954
-660
-676
-400
-108
65
174
271
555
741
908
1148
1399
1575
1462
1506
1720
1774
1809
2037
2304
2404
2400
2489
2904
3140
3355
3708
4113
4468
4681
5017
5319
5453
5540
5726
6017
6191
6143
6216
6372
6310
6232
6327
6396
6340
6355
6401
6379
6326
6354
6496
6568
6470
6186
6018
5948
5835
5792
5697
5697
5599
5549
5760
5779
5764
5768
5656
5671
5723
5706
5678
5742
5758
5703
5812
5823
5788
5591
5454
5386
5242
5249
5328
5298
5109
4872
4651
4529
4339
4223
3911
3632
3482
3317
3249
3170
3021
2860
2902
2844
2803
2791
2771
2696
2726
2678
2481
2372
2057
1830
1739
1838
1803
1569
1482
1314
1106
1059
1036
927
800
717
622
466
243
58
-23
-109
-162
-102
-76
-275
-429
-415
-396
-600
-679
-642
-571
-591
-698
-744
-573
-508
-681
-577
-461
-512
-576
-438
-380
-258
-193
-141
16
96
37
12
128
27
-196
-167
-116
-194
-203
-100
-1
-134
-249
-189
-108
-175
-87
-23
-22
81
235
390
565
644
590
696
788
907
983
1100
1254
1353
1551
1759
1959
1997
1996
2110
2267
2450
2419
2409
2579
2682
2788
2998
2993
2863
2859
2831
2894
2853
2901
2912
2817
2824
2754
2761
2716
2652
2563
2481
2401
2310
2190
2149
2117
1947
1930
1982
1932
1931
2075
2169
2103
1971
1872
1843
1832
1784
1768
1786
1710
1609
1648
1600
1417
1295
1219
1084
1078
1055
1000
880
710
468
320
331
63
-187
-379
-584
-784
-858
-981
-1110
-1217
-1277
-1288
-1301
-1239
-1250
-1221
-1123
-904
-685
-599
-481
-285
-185
-121
93
245
278
617
856
921
917
845
818
892
1095
1223
1281
1236
1205
1071
1090
1032
922
911
831
841
755
814
849
671
735
891
890
850
1001
1220
1253
1436
1649
1751
1865
1944
2031
2201
2334
2386
2478
2669
2848
2969
3061
3079
3250
3334
3381
3532
3650
3742
3715
3780
3942
3994
3987
4074
4086
4014
4065
4104
4103
4188
4237
4252
4239
4327
4367
4091
4004
3993
3863
3778
3740
3707
3592
3465
3376
3358
3258
3171
3091
2973
2967
2912
2786
2795
2833
2706
2729
2912
2930
2771
2816
2936
2929
2891
2899
2970
2863
2841
2820
2692
2600
2448
2412
2383
2265
2068
1890
1765
1588
1479
1469
1532
1418
1408
1480
1401
1483
1511
1435
1400
1566
1762
1829
1955
2070
2204
2280
2359
2462
2586
2648
2620
2684
2776
2789
2781
2766
2558
2452
2356
2222
2211
2094
1813
1588
1403
1293
1177
869
806
667
432
356
248
123
-73
-88
-178
-518
-427
-350
-407
-371
-411
-370
-365
-276
-318
-464
-415
-325
-373
-337
-277
-340
-450
-544
-526
-674
-814
-884
-1077
-1226
-1343
-1385
-1446
-1581
-1609
-1724
-1821
-1869
-1934
-2014
-2065
-2021
-2013
-2151
-2254
-2223
-2209
-2169
-2227
-2266
-2344
-2376
-2457
-2489
-2528
-2574
-2681
-2874
-2816
-2897
-2986
-3093
-3194
-3285
-3439
-3541
-3535
-3547
-3638
-3685
-3748
-3863
-3945
-3957
-4025
-4137
-4185
-4352
-4519
-4559
-4594
-4603
-4677
-4631
-4593
-4547
-4532
-4509
-4475
-4580
-4521
-4459
-4520
-4552
-4508
-4445
-4380
-4480
-4515
-4410
-4541
-4576
-4466
-4395
-4380
-4338
-4275
-4141
-4008
-3921
-3780
-3668
-3469
-3302
-3265
-3127
-3041
-3116
-3026
-2830
-2728
-2712
-2625
-2523
-2479
-2480
-2357
-2334
-2461
-2442
-2389
-2331
-2371
-2385
-2313
-2322
-2309
-2295
-2330
-2317
-2328
-2290
-2266
-2209
-2199
-2158
-1925
-1689
-1689
-1683
-1561
-1552
-1470
-1378
-1205
-1141
-1173
-1123
-1046
-945
-949
-971
-895
-827
-784
-671
-684
-692
-644
-639
-695
-706
-635
-754
-765
-735
-804
-871
-927
-907
-1054
-1113
-985
-1013
-1106
-1065
-947
-911
-875
-844
-834
-899
-862
-747
-755
-761
-739
-742
-791
-724
-718
-719
-713
-722
-750
-869
-919
-915
-927
-1028
-1031
-945
-949
-990
-1005
-919
-923
-983
-876
-940
-1022
-932
-854
-735
-630
-626
-616
-644
-632
-519
-474
-388
-303
-265
-255
-223
-85
-5
91
280
323
375
478
431
382
455
643
682
689
689
664
809
805
826
978
1047
1047
976
1022
1053
1040
1122
1198
1323
1413
1548
1710
1606
1508
1601
1696
1808
1826
1927
2109
2189
2186
2217
2416
2511
2564
2685
2753
2752
2739
2780
2938
3066
3114
3170
3267
3304
3280
3303
3327
3190
3057
3148
3178
3063
2936
2929
2876
2805
2824
2874
2861
2707
2629
2581
2518
2468
2482
2495
2457
2441
2349
2340
2304
2215
2233
2202
2178
2163
2154
2107
2040
1908
1878
1889
1916
1878
1696
1750
1718
1631
1480
1324
1327
1383
1402
1390
1415
1416
1375
1399
1502
1446
1381
1421
1486
1555
1657
1763
1811
1792
1881
1930
1919
1956
2030
2111
2159
2205
2124
2071
2046
2001
1953
1956
1949
1924
1768
1648
1684
1526
1341
1362
1395
1302
1183
1080
1011
955
983
1022
1059
974
915
977
1017
1179
1300
1310
1320
1377
1468
1479
1450
1533
1496
1513
1539
1452
1512
1509
1427
1450
1461
1393
1314
1226
1225
1139
1112
1119
1019
939
906
918
967
933
913
940
885
849
772
746
761
768
769
808
857
796
693
700
613
532
502
448
396
353
435
433
380
337
302
227
177
162
171
133
6
-38
-11
-30
-90
-98
-135
-179
-197
-176
-225
-271
-184
-111
-132
-156
-169
-160
-136
-247
-279
-234
-303
-373
-449
-469
-382
-320
-289
-245
-213
-204
-54
36
44
93
176
226
252
402
512
603
683
797
958
1061
1124
1112
1050
1161
1318
1393
1444
1553
1601
1567
1604
1616
1583
1538
1608
1611
1619
1709
1696
1701
1735
1761
1754
1767
1711
1670
1681
1672
1723
1755
1796
1813
1857
1868
1823
1788
1875
2040
2063
2133
2160
2119
2136
2180
2191
2211
2245
2193
2157
2144
2160
2055
1970
1945
1890
1856
1746
1621
1572
1560
1442
1294
1202
1140
974
835
798
670
554
561
511
391
214
70
22
-14
69
91
40
63
-90
-211
-209
-274
-416
-552
-520
-493
-471
-542
-597
-624
-711
-740
-659
-669
-791
-786
-848
-872
-900
-981
-980
-976
-1082
-1121
-1043
-1120
-1218
-1245
-1288
-1369
-1423
-1415
-1481
-1575
-1682
-1711
-1706
-1834
-1843
-1873
-1955
-1955
-2030
-2128
-2220
-2224
-2186
-2123
-2113
-2081
-2067
-2068
-2025
-2112
-2096
-2042
-2008
-2017
-2062
-1958
-1869
-1871
-1829
-1740
-1703
-1751
-1740
-1671
-1578
-1458
-1456
-1480
-1398
-1374
-1380
-1365
-1316
-1174
-1171
-1145
-1002
-1008
-1064
-995
-896
-878
-893
-838
-811
-850
-798
-762
-795
-785
-787
-804
-793
-776
-728
-653
-541
-551
-577
-528
-544
-571
-596
-510
-513
-596
-594
-606
-684
-790
-864
-907
-964
-1112
-1146
-1164
-1265
-1359
-1436
-1576
-1758
-1781
-1862
-1991
-2020
-2062
-2179
-2163
-2081
-2137
-2225
-2254
-2248
-2340
-2481
-2445
-2387
-2448
-2388
-2334
-2375
-2445
-2472
-2479
-2526
-2673
-2815
-2828
-2784
-2734
-2721
-2737
-2751
-2822
-2971
-2944
-2908
-2981
-3090
-3017
-2857
-2895
-2949
-2917
-2850
-2911
-2914
-2763
-2693
-2714
-2733
-2683
-2649
-2701
-2653
-2518
-2430
-2335
-2188
-2122
-2133
-2147
-2128
-2142
-2154
-2134
-2181
-2130
-2056
-2044
-1992
-1986
-1989
-2049
-2151
-2075
-2061
-2155
-2156
-2054
-2019
-2031
-1957
-1953
-2058
-2110
-2050
-1931
-1880
-1839
-1727
-1734
-1693
-1510
-1366
-1467
-1548
-1383
-1253
-1304
-1331
-1274
-1307
-1279
-1230
-1220
-1287
-1358
-1340
-1303
-1285
-1302
-1447
-1557
-1534
-1550
-1548
-1564
-1623
-1704
-1745
-1736
-1738
-1878
-2045
-2184
-2215
-2098
-2080
-2160
-2151
-2083
-2091
-2174
-2142
-2095
-2259
-2290
-2216
-2245
-2285
-2386
-2466
-2442
-2514
-2583
-2543
-2466
-2563
-2743
-2776
-2799
-2905
-2998
-3030
-2990
-3006
-3032
-2965
-3031
-3062
-3072
-3053
-3042
-3050
-3003
-2908
-2712
-2646
-2535
-2395
-2432
-2462
-2385
-2081
-1838
-1782
-1683
-1584
-1418
-1311
-1172
-1009
-991
-1029
-987
-885
-891
-931
-927
-873
-775
-750
-724
-637
-598
-609
-648
-559
-485
-467
-477
-453
-354
-298
-157
-91
-140
-146
-148
-58
33
37
-15
-74
40
91
97
42
33
29
-71
-134
-161
-154
-190
-112
-25
47
44
-50
-115
-172
-170
-90
-21
-62
-157
-159
-121
-73
-148
-194
-215
-323
-364
-318
-242
-365
-485
-486
-485
-462
-389
-290
-285
-416
-486
-480
-496
-584
-685
-735
-687
-721
-776
-781
-856
-926
-985
-994
-1041
-1085
-1114
-1121
-1116
-1177
-1218
-1080
-1092
-1184
-1164
-1175
-1224
-1251
-1117
-1094
-1198
-1139
-1167
-1217
-1239
-1292
-1178
-1114
-1092
-1078
-1144
-1256
-1321
-1324
-1332
-1359
-1441
-1495
-1462
-1466
-1532
-1567
-1534
-1604
-1619
-1608
-1589
-1410
-1360
-1333
-1227
-1115
-1105
-1138
-1090
-992
-898
-744
-652
-660
-559
-444
-368
-239
-197
-91
84
175
233
256
380
476
496
546
578
583
611
657
867
946
944
989
927
968
1064
1217
1314
1352
1359
1397
1530
1601
1598
1592
1682
1791
1798
1815
1895
1852
1738
1751
1770
1725
1747
1785
1715
1673
1622
1469
1346
1345
1257
1094
1002
937
889
752
605
510
402
342
320
287
251
226
105
-7
11
-22
38
0
-71
-45
-77
-92
-132
-143
-195
-261
-193
-106
-214
-273
-240
-321
-344
-292
-210
-191
-204
-126
-128
-187
-128
-102
-167
-135
-1
96
98
207
265
236
301
297
266
240
233
308
410
456
477
517
536
550
524
447
364
409
471
471
549
465
415
507
516
484
495
495
480
563
598
629
604
549
576
605
618
589
632
666
710
752
790
795
727
708
742
863
895
838
855
923
1029
1065
1014
1092
1108
1124
1176
1186
1289
1362
1387
1449
1531
1584
1668
1683
1683
1727
1787
1895
1957
1934
1895
1951
1983
1923
1872
1854
1750
1628
1629
1659
1633
1541
1518
1443
1320
1227
1148
1118
1030
956
971
1042
1054
931
881
942
975
979
1004
1008
969
973
966
994
1034
1015
967
1033
1084
957
909
885
893
886
830
814
778
715
665
665
652
610
573
609
637
696
714
719
719
657
712
748
702
650
699
843
883
899
980
1005
1028
1082
1171
1247
1280
1335
1452
1551
1560
1646
1749
1768
1776
1816
1964
2009
1907
1925
2074
2221
2259
2234
2244
2282
2250
2297
2411
2459
2426
2468
2615
2674
2753
2854
2938
2959
2956
2988
3047
3126
3181
3233
3253
3200
3152
3219
3237
3145
3066
2995
2910
2803
2691
2693
2684
2585
2513
2498
2516
2437
2354
2309
2276
2169
2067
2077
2030
1950
1889
1841
1835
1829
1733
1558
1505
1466
1365
1301
1265
1243
1091
964
910
854
813
825
840
770
645
500
456
421
363
337
362
365
310
288
299
263
179
161
219
248
242
263
323
323
297
319
388
466
419
486
653
678
623
602
619
605
595
666
740
762
774
805
870
901
942
911
907
1017
1072
1099
1177
1234
1253
1261
1314
1382
1374
1415
1489
1560
1618
1646
1655
1793
1886
1863
1891
1981
1990
1914
1981
2050
2028
2007
2040
2036
2040
2033
2007
2074
2096
2055
2179
2314
2318
2325
2355
2428
2551
2576
2564
2618
2506
2497
2551
2524
2474
2392
2302
2171
2131
2077
1997
1957
1839
1630
1622
1697
1551
1449
1416
1344
1216
1211
1314
1307
1270
1177
1200
1223
1215
1216
1163
1073
1051
1051
996
927
798
696
678
758
755
643
468
310
177
130
74
13
-161
-334
-349
-422
-519
-651
-692
-681
-674
-679
-694
-709
-788
-780
-683
-628
-570
-565
-519
-505
-510
-476
-407
-361
-393
-320
-309
-335
-369
-410
-429
-506
-605
-716
-760
-764
-934
-1091
-1117
-1166
-1246
-1250
-1281
-1349
-1357
-1380
-1352
-1327
-1353
-1401
-1361
-1320
-1286
-1273
-1286
-1276
-1232
-1185
-1122
-1012
-970
-990
-986
-925
-925
-908
-839
-798
-813
-803
-739
-769
-822
-831
-787
-692
-680
-620
-601
-651
-653
-600
-491
-413
-407
-406
-307
-255
-228
-195
-116
-33
43
124
222
259
229
259
274
284
242
210
194
178
210
201
197
146
40
31
17
-22
-36
-50
-123
-132
-138
-208
-255
-345
-443
-480
-442
-511
-661
-780
-855
-964
-1084
-1148
-1239
-1327
-1395
-1469
-1603
-1716
-1790
-1837
-1847
-1869
-1932
-1987
-1954
-1970
-1991
-1972
-1943
-1941
-1903
-1868
-1762
-1665
-1738
-1761
-1688
-1560
-1506
-1406
-1285
-1214
-1231
-1155
-938
-859
-836
-765
-661
-615
-543
-448
-389
-400
-419
-369
-280
-306
-363
-327
-231
-136
-96
-4
28
72
133
193
289
414
539
574
533
557
616
659
731
724
730
762
766
722
724
720
642
586
583
601
572
583
589
596
593
509
503
486
482
550
515
436
414
432
404
341
215
60
49
47
3
19
-38
-123
-207
-229
-226
-321
-365
-371
-480
-556
-541
-601
-710
-752
-799
-911
-1006
-1062
-1123
-1207
-1237
-1378
-1485
-1477
-1462
-1454
-1533
-1573
-1571
-1591
-1657
-1695
-1695
-1705
-1704
-1730
-1689
-1625
-1707
-1742
-1694
-1690
-1741
-1794
-1851
-1869
-1840
-1855
-1862
-1889
-1907
-1862
-1882
-1932
-1939
-1947
-1895
-1850
-1863
-1831
-1781
-1792
-1785
-1754
-1665
-1623
-1680
-1680
-1664
-1632
-1623
-1596
-1523
-1445
-1393
-1325
-1310
-1346
-1303
-1227
-1222
-1179
-1105
-1076
-1049
-1080
-1160
-1208
-1175
-1146
-1112
-1105
-1098
-1091
-1084
-1106
-1144
-1184
-1158
-1080
-1009
-886
-802
-756
-712
-620
-541
-467
-382
-331
-315
-189
-83
-72
0
101
201
255
302
324
357
341
324
385
399
412
420
451
510
536
538
486
487
520
533
548
561
539
466
416
409
404
360
303
167
87
64
16
28
-79
-249
-348
-340
-306
-449
-573
-638
-736
-701
-692
-710
-739
-822
-844
-864
-785
-762
-821
-828
-871
-921
-883
-860
-895
-878
-838
-799
-822
-798
-730
-721
-747
-744
-682
-647
-656
-685
-687
-638
-548
-470
-506
-568
-633
-624
-571
-593
-619
-599
-523
-403
-356
-369
-391
-360
-235
-155
-107
-84
-65
-24
101
236
297
223
214
306
376
476
572
610
650
709
699
751
795
757
749
752
689
724
802
835
888
943
974
990
1001
993
986
993
961
1008
1088
1070
1063
1063
1112
1121
1109
1081
1069
1039
965
953
924
806
705
708
699
669
592
525
546
527
452
417
393
337
225
151
146
122
-10
-113
-136
-208
-293
-328
-383
-527
-603
-642
-668
-754
-868
-961
-1032
-1037
-1098
-1111
-1161
-1259
-1257
-1270
-1276
-1268
-1279
-1305
-1313
-1290
-1240
-1270
-1318
-1253
-1227
-1246
-1283
-1251
-1162
-1144
-1094
-1061
-1047
-1010
-986
-870
-762
-724
-776
-791
-684
-662
-563
-454
-504
-553
-491
-425
-386
-357
-349
-314
-286
-198
-115
-95
-140
-130
-67
-18
54
74
72
155
243
278
406
494
543
586
649
731
777
808
847
876
929
1009
1054
1117
1088
1085
1167
1156
1151
1214
1241
1279
1351
1428
1405
1397
1410
1491
1592
1610
1708
1728
1714
1728
1731
1679
1670
1707
1750
1799
1807
1756
1698
1691
1620
1573
1595
1618
1617
1612
1598
1536
1466
1394
1369
1401
1378
1306
1268
1305
1306
1291
1281
1209
1119
1055
1016
951
886
823
764
733
733
688
585
545
539
458
369
347
354
302
204
171
208
161
60
62
71
27
-16
-75
-86
-104
-155
-142
-139
-128
-161
-172
-121
-156
-193
-206
-172
-183
-237
-168
-129
-238
-310
-268
-240
-251
-299
-281
-243
-287
-310
-294
-246
-248
-249
-183
-145
-159
-129
-54
-107
-95
-21
-25
-9
5
62
114
175
226
325
431
496
550
587
607
622
710
747
801
875
916
933
943
1006
1094
1194
1200
1206
1250
1265
1332
1355
1404
1446
1426
1423
1424
1418
1367
1320
1318
1279
1142
1077
1045
1049
1014
992
1027
919
769
702
648
514
373
265
245
161
23
-90
-170
-227
-337
-443
-575
-719
-865
-957
-948
-989
-1067
-1170
-1300
-1357
-1399
-1406
-1445
-1475
-1484
-1479
-1474
-1504
-1542
-1540
-1546
-1592
-1657
-1760
-1791
-1760
-1690
-1707
-1739
-1737
-1754
-1796
-1816
-1770
-1730
-1673
-1624
-1619
-1634
-1646
-1621
-1603
-1561
-1462
-1410
-1357
-1367
-1388
-1456
-1427
-1328
-1317
-1252
-1178
-1088
-1062
-1048
-1042
-1067
-1085
-1019
-939
-837
-691
-685
-664
-600
-566
-482
-436
-433
-396
-393
-433
-446
-445
-481
-468
-439
-436
-425
-471
-485
-516
-552
-562
-594
-602
-549
-500
-556
-589
-580
-597
-573
-549
-583
-635
-666
-651
-674
-679
-703
-744
-726
-706
-744
-839
-852
-845
-931
-1002
-991
-988
-1030
-1049
-1029
-1069
-1121
-1163
-1245
-1320
-1345
-1345
-1404
-1537
-1606
-1634
-1622
-1650
-1725
-1802
-1926
-1938
-1855
-1855
-1937
-1976
-2061
-2094
-2138
-2143
-2145
-2228
-2242
-2275
-2273
-2259
-2289
-2374
-2483
-2527
-2518
-2551
-2570
-2576
-2628
-2610
-2554
-2577
-2596
-2598
-2616
-2596
-2559
-2574
-2599
-2585
-2627
-2617
-2635
-2748
-2791
-2782
-2729
-2637
-2612
-2587
-2571
-2548
-2493
-2434
-2357
-2357
-2332
-2361
-2360
-2309
-2307
-2258
-2214
-2196
-2173
-2136
-2155
-2121
-2036
-2016
-2036
-2037
-2029
-2033
-2009
-1993
-1956
-1914
-1853
-1824
-1851
-1834
-1797
-1738
-1717
-1693
-1594
-1472
-1405
-1430
-1408
-1340
-1270
-1122
-999
-894
-802
-703
-606
-585
-485
-368
-351
-270
-92
10
69
212
265
223
350
496
522
509
601
699
760
839
890
935
968
988
1023
1097
1080
1069
1092
1086
1093
1156
1179
1161
1124
1052
1036
1063
1051
997
1015
1021
988
930
908
956
955
978
1103
1146
1091
1101
1212
1231
1201
1265
1296
1350
1361
1343
1409
1445
1471
1535
1577
1613
1673
1660
1703
1744
1703
1762
1863
1923
1925
1910
2000
2110
2148
2208
2248
2362
2456
2503
2633
2711
2769
2841
2921
3025
3159
3236
3356
3497
3541
3642
3699
3720
3771
3825
3921
4000
4054
4118
4194
4271
4376
4432
4451
4488
4534
4568
4589
4627
4632
4604
4571
4597
4647
4601
4576
4603
4576
4586
4603
4619
4607
4605
4615
4622
4619
4587
4579
4558
4506
4456
4492
4446
4378
4362
4301
4215
4172
4097
4009
3963
3896
3799
3625
3525
3445
3328
3211
3053
2941
2867
2844
2802
2728
2701
2633
2531
2420
2322
2247
2165
2054
1981
1901
1815
1784
1766
1661
1540
1466
1382
1317
1227
1129
955
868
895
871
781
658
539
481
446
408
379
280
206
201
168
93
58
16
4
-11
-55
-130
-161
-181
-293
-316
-307
-285
-312
-403
-454
-495
-545
-602
-633
-692
-739
-790
-802
-797
-881
-931
-983
-1066
-1156
-1212
-1236
-1283
-1278
-1254
-1296
-1327
-1386
-1456
-1495
-1520
-1484
-1489
-1483
-1458
-1499
-1507
-1447
-1362
-1294
-1271
-1233
-1247
-1299
-1255
-1242
-1250
-1257
-1255
-1175
-1153
-1163
-1177
-1189
-1183
-1233
-1172
-1094
-1120
-1115
-1094
-1048
-1010
-976
-979
-941
-860
-825
-808
-789
-728
-731
-758
-719
-696
-714
-739
-746
-762
-827
-796
-770
-813
-889
-927
-949
-1029
-1053
-1131
-1236
-1307
-1423
-1551
-1660
-1788
-1885
-1943
-2024
-2077
-2130
-2247
-2331
-2362
-2406
-2418
-2416
-2402
-2396
-2431
-2410
-2426
-2456
-2456
-2475
-2500
-2529
-2521
-2493
-2554
-2641
-2651
-2672
-2637
-2621
-2698
-2708
-2733
-2827
-2880
-2914
-2916
-2913
-2961
-2926
-2903
-2963
-2989
-2984
-2960
-2979
-2934
-2900
-2911
-2939
-2999
-3016
-2995
-2938
-2886
-2813
-2789
-2823
-2851
-2818
-2747
-2781
-2806
-2742
-2713
-2681
-2675
-2623
-2575
-2556
-2547
-2528
-2456
-2430
-2404
-2397
-2380
-2315
-2228
-2192
-2140
-2082
-2102
-2121
-2045
-1967
-1960
-1925
-1819
-1745
-1685
-1563
-1443
-1425
-1473
-1445
-1343
-1268
-1272
-1337
-1357
-1289
-1253
-1213
-1225
-1290
-1324
-1299
-1285
-1279
-1344
-1385
-1379
-1416
-1411
-1375
-1332
-1364
-1391
-1414
-1492
-1577
-1638
-1717
-1727
-1716
-1659
-1617
-1647
-1671
-1705
-1701
-1669
-1683
-1718
-1731
-1747
-1702
-1687
-1680
-1654
-1630
-1542
-1474
-1461
-1423
-1430
-1421
-1360
-1257
-1163
-1135
-1066
-1061
-1095
-970
-855
-829
-781
-712
-624
-532
-452
-397
-318
-158
-44
35
150
226
261
347
447
499
619
698
757
821
896
1016
1120
1202
1273
1334
1400
1484
1513
1561
1620
1686
1751
1840
1878
1974
2113
2159
2250
2376
2456
2451
2498
2615
2734
2777
2859
2938
3004
3156
3250
3326
3415
3435
3441
3524
3557
3545
3599
3652
3642
3671
3744
3832
3902
3896
3934
3996
4039
4025
4022
4132
4168
4151
4152
4195
4227
4230
4268
4277
4295
4301
4286
4311
4315
4259
4179
4147
4179
4244
4322
4338
4270
4138
4098
4058
3973
3945
3896
3816
3724
3657
3622
3603
3538
3469
3405
3349
3302
3244
3192
3128
3064
3042
3081
3055
2991
2968
2934
2912
2900
2819
2731
2686
2669
2693
2672
2583
2498
2482
2468
2401
2338
2286
2204
2121
2114
2065
1943
1924
1917
1871
1885
1876
1803
1708
1636
1582
1590
1619
1605
1578
1513
1459
1407
1367
1305
1218
1196
1188
1149
1061
981
965
938
912
874
801
769
777
795
781
788
783
744
722
754
802
826
816
750
722
762
805
840
837
793
807
785
789
869
850
811
834
806
788
823
890
959
985
977
914
897
921
970
983
974
1001
1019
1039
1027
971
934
929
938
945
864
786
695
586
567
517
464
396
322
274
194
146
75
-4
-73
-171
-247
-321
-376
-448
-552
-620
-705
-770
-852
-926
-958
-1007
-1037
-1113
-1250
-1286
-1302
-1364
-1420
-1505
-1540
-1578
-1595
-1647
-1714
-1715
-1755
-1761
-1714
-1728
-1762
-1736
-1741
-1760
-1765
-1696
-1618
-1573
-1453
-1387
-1329
-1251
-1222
-1166
-1101
-1063
-979
-840
-751
-670
-567
-443
-346
-325
-293
-199
-93
-34
-23
-18
17
61
149
257
297
337
419
472
501
504
573
653
617
582
654
703
738
784
740
718
761
842
846
803
786
805
775
735
740
710
680
647
613
573
595
582
525
482
447
418
387
379
379
342
301
264
200
179
113
84
89
55
0
-51
-64
-141
-291
-368
-333
-390
-458
-555
-656
-707
-814
-923
-1031
-1100
-1169
-1235
-1280
-1353
-1476
-1570
-1581
-1618
-1679
-1741
-1771
-1776
-1794
-1853
-1910
-1939
-2012
-2099
-2133
-2149
-2207
-2286
-2323
-2353
-2408
-2400
-2435
-2479
-2504
-2591
-2652
-2682
-2703
-2702
-2711
-2685
-2702
-2793
-2819
-2860
-2899
-2941
-3012
-3056
-3119
-3192
-3194
-3208
-3258
-3278
-3298
-3290
-3268
-3288
-3323
-3350
-3378
-3411
-3394
-3389
-3422
-3448
-3444
-3409
-3425
-3480
-3539
-3609
-3701
-3759
-3779
-3800
-3831
-3837
-3834
-3895
-3940
-3901
-3864
-3879
-3898
-3890
-3868
-3777
-3746
-3725
-3691
-3655
-3584
-3522
-3467
-3480
-3462
-3407
-3316
-3256
-3230
-3182
-3102
-3041
-2973
-2893
-2789
-2729
-2714
-2662
-2590
-2583
-2551
-2433
-2370
-2367
-2360
-2364
-2399
-2437
-2482
-2472
-2491
-2536
-2609
-2669
-2688
-2730
-2784
-2774
-2792
-2842
-2908
-2951
-3010
-3107
-3181
-3277
-3303
-3363
-3377
-3331
-3313
-3326
-3308
-3266
-3211
-3156
-3123
-3133
-3109
-3015
-2982
-2976
-2970
-2946
-2916
-2858
-2776
-2698
-2680
-2643
-2569
-2520
-2491
-2469
-2422
-2373
-2328
-2240
-2093
-2010
-1961
-1834
-1721
-1645
-1539
-1414
-1237
-1087
-991
-881
-747
-605
-439
-311
-193
-50
39
196
379
543
645
738
868
994
1120
1219
1339
1401
1446
1552
1685
1803
1882
1957
2037
2078
2146
2196
2248
2292
2352
2513
2651
2759
2836
2938
2987
3050
3165
3311
3423
3414
3486
3617
3763
3883
3975
4028
4035
4094
4168
4190
4240
4318
4344
4382
4457
4493
4463
4540
4619
4629
4670
4681
4658
4606
4608
4598
4607
4674
4689
4667
4614
4589
4575
4563
4494
4438
4455
4444
4419
4424
4391
4318
4309
4247
4217
4165
4111
4098
4061
4022
3966
3932
3959
3967
3948
4000
3964
3959
4002
3967
3941
3990
4026
3977
3945
3929
3879
3889
3925
3916
3959
4025
4068
4107
4150
4118
4096
4173
4209
4166
4091
4105
4153
4163
4173
4179
4198
4152
4126
4168
4219
4232
4221
4166
4100
4103
4083
4110
4137
4121
4110
4087
4098
4064
3998
3976
3951
3933
3934
3924
3861
3786
3724
3688
3685
3708
3684
3616
3552
3512
3532
3527
3515
3483
3485
3497
3459
3430
3381
3339
3298
3275
3294
3325
3282
3232
3257
3243
3228
3190
3135
3107
3076
3017
2951
2948
2890
2868
2897
2859
2776
2700
2662
2629
2606
2530
2408
2262
2174
2149
2075
2004
1862
1736
1646
1550
1436
1296
1188
1078
957
785
651
508
343
224
86
-102
-235
-383
-571
-664
-787
-928
-1068
-1220
-1362
-1469
-1525
-1632
-1714
-1805
-1930
-2031
-2123
-2214
-2298
-2364
-2448
-2434
-2431
-2483
-2543
-2620
-2694
-2776
-2832
-2853
-2864
-2883
-2891
-2871
-2856
-2895
-2883
-2879
-2875
-2814
-2746
-2726
-2708
-2666
-2653
-2640
-2640
-2643
-2668
-2639
-2617
-2608
-2611
-2605
-2582
-2593
-2570
-2551
-2557
-2578
-2580
-2548
-2532
-2586
-2610
-2624
-2623
-2620
-2585
-2502
-2494
-2466
-2463
-2538
-2515
-2469
-2440
-2383
-2354
-2327
-2360
-2357
-2283
-2207
-2152
-2132
-2159
-2124
-2028
-1948
-1930
-1960
-1937
-1927
-1867
-1841
-1812
-1761
-1706
-1700
-1749
-1767
-1756
-1734
-1726
-1681
-1668
-1678
-1678
-1649
-1634
-1621
-1612
-1598
-1578
-1590
-1606
-1598
-1564
-1583
-1632
-1674
-1686
-1650
-1633
-1589
-1562
-1650
-1747
-1765
-1728
-1705
-1748
-1797
-1753
-1699
-1676
-1661
-1688
-1698
-1684
-1620
-1517
-1491
-1496
-1497
-1457
-1405
-1445
-1462
-1376
-1314
-1261
-1180
-1113
-1037
-990
-957
-878
-810
-794
-706
-606
-574
-556
-511
-457
-377
-276
-196
-110
-53
18
101
150
232
314
416
499
564
683
793
886
940
960
1019
1089
1113
1158
1168
1140
1201
1274
1356
1446
1469
1504
1545
1595
1601
1607
1641
1659
1684
1734
1784
1778
1772
1787
1816
1794
1781
1806
1824
1817
1817
1814
1778
1755
1756
1769
1785
1773
1751
1764
1783
1800
1785
1754
1788
1787
1722
1690
1644
1580
1519
1518
1542
1527
1440
1364
1311
1246
1196
1096
962
832
780
745
662
554
475
407
298
158
27
-93
-195
-261
-315
-401
-506
-613
-743
-833
-930
-1057
-1193
-1308
-1386
-1468
-1596
-1697
-1760
-1800
-1854
-1943
-2039
-2158
-2260
-2307
-2359
-2451
-2489
-2520
-2613
-2726
-2791
-2824
-2841
-2863
-2900
-2939
-2949
-2987
-3061
-3077
-3054
-3024
-2988
-2964
-2944
-2933
-2938
-2907
-2845
-2829
-2841
-2844
-2819
-2825
-2814
-2759
-2765
-2748
-2696
-2669
-2700
-2725
-2688
-2665
-2633
-2536
-2497
-2476
-2474
-2483
-2461
-2463
-2458
-2468
-2459
-2422
-2427
-2439
-2442
-2417
-2357
-2312
-2211
-2168
-2185
-2164
-2095
-2024
-2006
-1951
-1899
-1866
-1803
-1756
-1674
-1617
-1626
-1591
-1518
-1442
-1382
-1354
-1352
-1322
-1291
-1271
-1200
-1127
-1080
-1041
-996
-963
-939
-901
-902
-923
-893
-859
-858
-834
-802
-798
-828
-844
-854
-885
-907
-936
-1001
-1038
-1028
-1038
-1049
-1053
-1085
-1132
-1113
-1156
-1206
-1189
-1208
-1238
-1264
-1282
-1305
-1347
-1374
-1383
-1405
-1421
-1458
-1486
-1500
-1467
-1410
-1385
-1368
-1326
-1291
-1246
-1207
-1220
-1236
-1253
-1227
-1158
-1112
-1061
-1022
-1008
-966
-902
-841
-795
-745
-713
-683
-650
-565
-518
-468
-356
-289
-295
-256
-164
-153
-120
-62
5
94
161
169
156
134
175
212
185
207
262
331
387
405
416
445
469
515
519
515
548
559
588
650
664
619
627
689
753
785
828
876
902
1012
1103
1113
1146
1178
1228
1285
1351
1459
1499
1506
1527
1563
1604
1627
1655
1662
1692
1743
1791
1796
1738
1719
1716
1713
1686
1686
1701
1731
1705
1720
1778
1730
1688
1626
1644
1686
1705
1691
1665
1626
1570
1534
1515
1471
1454
1450
1450
1450
1393
1385
1374
1359
1320
1314
1331
1293
1248
1270
1272
1304
1345
1382
1380
1362
1372
1367
1389
1390
1449
1497
1514
1511
1514
1558
1589
1597
1647
1726
1771
1805
1835
1830
1836
1832
1864
1907
1889
1873
1871
1873
1869
1879
1866
1858
1870
1863
1828
1827
1854
1876
1943
1984
1985
1946
1943
1978
1969
1990
2012
2008
1986
1975
1937
1970
2001
2007
2023
2005
2006
2000
1967
1925
1908
1863
1841
1881
1938
1978
2015
2033
2060
2099
2116
2105
2124
2126
2153
2174
2176
2161
2135
2168
2197
2203
2173
2182
2127
2069
2039
2002
1945
1857
1790
1750
1677
1628
1542
1414
1330
1230
1150
1103
1038
882
755
651
588
489
344
203
69
-30
-97
-200
-337
-468
-581
-629
-743
-760
-821
-946
-990
-1072
-1162
-1228
-1292
-1409
-1501
-1514
-1500
-1495
-1491
-1553
-1576
-1557
-1576
-1617
-1643
-1658
-1623
-1573
-1535
-1513
-1542
-1552
-1538
-1471
-1450
-1476
-1497
-1465
-1410
-1329
-1314
-1335
-1379
-1331
-1253
-1252
-1216
-1251
-1216
-1179
-1153
-1107
-1089
-1052
-1013
-1000
-966
-930
-871
-852
-807
-782
-752
-695
-673
-563
-538
-536
-467
-432
-415
-361
-339
-334
-319
-300
-289
-288
-283
-266
-252
-265
-274
-303
-327
-330
-328
-336
-403
-443
-435
-411
-363
-352
-297
-259
-288
-267
-232
-185
-147
-84
-9
43
58
-2
6
10
41
105
121
134
156
184
234
225
174
116
54
6
1
15
6
-45
-133
-151
-160
-177
-227
-267
-332
-385
-429
-441
-505
-587
-607
-612
-609
-618
-616
-662
-696
-701
-699
-722
-688
-656
-684
-714
-720
-692
-646
-644
-639
-662
-708
-688
-634
-598
-605
-580
-534
-516
-494
-477
-462
-469
-458
-455
-469
-408
-392
-422
-415
-376
-367
-329
-266
-262
-265
-283
-279
-263
-283
-344
-370
-392
-373
-342
-343
-311
-332
-319
-288
-309
-321
-276
-213
-242
-289
-273
-231
-177
-128
-70
-83
-118
-82
-77
-55
3
71
150
220
276
349
398
422
432
487
552
519
500
525
556
593
668
708
620
584
602
592
640
693
660
590
622
648
618
647
675
665
713
783
806
783
705
705
738
750
761
739
709
649
633
582
543
524
436
360
289
251
182
115
85
26
-31
-80
-149
-176
-241
-287
-240
-233
-256
-264
-232
-232
-249
-255
-218
-216
-210
-160
-177
-160
-102
-32
57
105
135
168
200
245
245
266
336
370
382
409
416
416
440
480
562
619
642
702
769
793
829
879
876
870
906
950
1010
1075
1180
1272
1329
1357
1320
1290
1322
1390
1405
1432
1478
1474
1476
1550
1587
1590
1609
1641
1647
1646
1632
1612
1647
1607
1589
1586
1626
1636
1632
1639
1629
1652
1677
1645
1595
1579
1522
1540
1562
1580
1600
1617
1617
1581
1559
1555
1580
1581
1542
1536
1490
1420
1389
1353
1341
1277
1213
1150
1028
886
773
669
616
580
509
409
318
221
103
80
23
-52
-108
-164
-229
-313
-362
-388
-432
-491
-518
-512
-520
-597
-653
-657
-683
-720
-738
-776
-818
-885
-929
-895
-929
-955
-963
-1013
-994
-979
-987
-991
-1024
-1032
-1028
-1022
-995
-961
-906
-848
-819
-777
-735
-724
-719
-681
-656
-622
-562
-578
-563
-502
-454
-414
-423
-447
-467
-517
-523
-463
-431
-433
-478
-527
-532
-521
-472
-450
-472
-498
-525
-496
-476
-473
-454
-483
-516
-511
-497
-451
-421
-451
-455
-378
-329
-332
-316
-291
-314
-329
-331
-345
-319
-262
-207
-235
-210
-232
-273
-254
-291
-344
-378
-404
-422
-409
-410
-400
-430
-452
-443
-454
-495
-523
-506
-494
-516
-546
-517
-542
-602
-625
-664
-705
-747
-797
-873
-915
-941
-1003
-1045
-1087
-1172
-1244
-1288
-1313
-1364
-1429
-1490
-1547
-1581
-1648
-1701
-1716
-1749
-1739
-1684
-1710
-1709
-1688
-1683
-1656
-1652
-1681
-1716
-1698
-1705
-1700
-1658
-1606
-1503
-1428
-1410
-1373
-1358
-1312
-1236
-1174
-1141
-1115
-1043
-1010
-962
-918
-885
-814
-738
-664
-613
-535
-420
-346
-278
-172
-67
0
29
136
219
288
365
436
552
608
701
796
837
834
859
905
914
954
1021
1050
1044
1060
1060
1030
989
952
939
951
961
949
950
955
985
1000
1006
1052
1076
1077
1115
1180
1145
1112
1083
1107
1121
1167
1256
1242
1222
1202
1225
1282
1325
1371
1403
1353
1341
1350
1342
1333
1344
1342
1294
1346
1372
1322
1306
1262
1186
1100
1090
1064
999
1005
977
904
824
712
639
630
570
501
431
375
388
397
369
375
344
312
329
365
441
419
378
377
339
358
431
415
385
411
428
466
488
493
505
544
554
564
547
505
496
448
424
439
522
563
593
669
681
685
738
816
832
817
818
821
798
798
814
809
870
871
899
945
890
902
917
914
917
949
1005
1030
1042
1038
1036
1058
1065
1087
1132
1198
1239
1236
1191
1174
1211
1218
1220
1223
1241
1227
1201
1207
1183
1175
1203
1170
1131
1140
1121
1117
1125
1088
1042
1002
982
975
998
992
981
954
962
1011
1032
1027
1007
1041
1008
1021
1048
1054
990
927
916
854
839
836
777
678
561
475
415
345
282
175
73
-73
-160
-215
-263
-317
-397
-443
-505
-553
-593
-662
-683
-680
-742
-741
-729
-728
-801
-886
-961
-998
-985
-971
-977
-1043
-1038
-987
-955
-953
-959
-950
-954
-991
-978
-957
-982
-1001
-991
-970
-971
-980
-930
-940
-975
-948
-945
-930
-897
-905
-904
-898
-900
-832
-817
-803
-775
-758
-720
-688
-691
-700
-702
-676
-600
-570
-488
-445
-427
-377
-350
-333
-311
-299
-313
-279
-251
-240
-207
-154
-156
-171
-111
-12
31
60
59
43
79
128
185
239
259
285
360
398
455
480
468
478
439
420
458
475
518
541
566
602
583
571
562
525
504
523
500
487
468
412
377
327
291
302
245
234
223
137
123
82
21
-30
-101
-123
-126
-178
-216
-237
-280
-335
-394
-435
-472
-520
-538
-586
-662
-672
-682
-678
-675
-681
-719
-746
-716
-692
-674
-663
-642
-638
-640
-612
-573
-539
-468
-440
-431
-410
-360
-289
-256
-267
-199
-147
-182
-112
-60
-54
4
90
88
99
150
174
179
215
241
231
230
244
273
311
382
416
433
467
497
477
500
532
580
630
645
674
678
663
660
667
639
668
657
619
629
628
656
704
699
713
720
694
700
712
699
645
619
585
551
548
591
606
595
577
534
514
523
512
494
458
415
386
327
309
257
191
158
123
104
109
119
69
16
26
28
-38
-143
-212
-302
-428
-471
-508
-609
-684
-683
-719
-823
-905
-989
-1043
-1102
-1139
-1211
-1299
-1335
-1360
-1381
-1430
-1463
-1513
-1585
-1615
-1623
-1642
-1663
-1681
-1689
-1694
-1676
-1718
-1735
-1767
-1766
-1738
-1709
-1657
-1632
-1645
-1706
-1696
-1685
-1704
-1712
-1688
-1669
-1651
-1651
-1616
-1618
-1583
-1555
-1556
-1538
-1581
-1583
-1570
-1539
-1523
-1482
-1453
-1414
-1368
-1353
-1300
-1248
-1260
-1240
-1213
-1227
-1159
-1094
-1095
-1059
-1026
-1018
-969
-1002
-958
-880
-863
-822
-833
-824
-817
-834
-812
-784
-809
-829
-818
-833
-848
-820
-783
-720
-671
-631
-585
-551
-527
-468
-436
-436
-372
-336
-287
-263
-241
-183
-156
-140
-104
-85
-72
-29
4
-21
-38
-24
-35
-22
5
12
-46
-45
-31
-56
-49
-89
-185
-234
-222
-241
-276
-288
-305
-358
-443
-519
-528
-566
-613
-639
-676
-691
-712
-739
-756
-845
-865
-805
-841
-865
-889
-955
-957
-934
-972
-989
-1024
-1032
-1001
-988
-970
-963
-981
-963
-928
-902
-889
-890
-851
-825
-784
-697
-665
-675
-608
-527
-470
-376
-241
-198
-174
-112
-73
-20
44
116
195
313
398
436
508
620
722
793
888
1040
1139
1196
1243
1284
1331
1376
1430
1443
1461
1509
1532
1505
1495
1493
1558
1649
1681
1725
1750
1767
1833
1894
1946
2008
2027
2033
2062
2147
2180
2193
2208
2265
2329
2368
2468
2516
2548
2580
2599
2577
2544
2487
2444
2448
2496
2510
2520
2536
2535
2550
2559
2553
2464
2439
2398
2335
2303
2288
2256
2201
2147
2094
2045
2051
2071
2008
1951
1917
1922
1897
1842
1793
1749
1693
1647
1601
1559
1560
1527
1484
1453
1410
1382
1339
1274
1213
1140
1128
1103
1061
1039
958
881
814
775
750
721
705
673
710
748
734
729
727
729
727
736
687
621
577
520
458
424
434
443
460
448
402
374
440
469
457
442
434
417
378
373
374
408
427
446
476
479
444
413
402
403
420
481
521
551
599
591
603
613
594
567
515
486
481
491
478
449
420
418
476
491
460
463
483
433
389
359
349
346
313
310
298
280
249
235
230
229
213
190
189
194
212
211
184
184
149
63
22
-26
-82
-121
-120
-174
-262
-297
-356
-411
-455
-498
-542
-616
-766
-899
-964
-1027
-1101
-1176
-1246
-1377
-1486
-1550
-1634
-1663
-1681
-1721
-1765
-1799
-1814
-1907
-1994
-1994
-2062
-2129
-2134
-2170
-2237
-2309
-2352
-2357
-2370
-2391
-2408
-2417
-2427
-2449
-2451
-2472
-2517
-2509
-2491
-2485
-2485
-2521
-2548
-2522
-2438
-2347
-2280
-2211
-2161
-2133
-2062
-1999
-1995
-2007
-1997
-1992
-2000
-1956
-1924
-1936
-1889
-1818
-1782
-1721
-1689
-1708
-1718
-1676
-1626
-1594
-1559
-1530
-1492
-1434
-1363
-1325
-1290
-1281
-1283
-1269
-1230
-1191
-1157
-1122
-1077
-1009
-957
-902
-857
-800
-792
-774
-760
-770
-724
-634
-598
-582
-504
-470
-446
-420
-380
-364
-327
-294
-273
-231
-193
-119
-58
-17
-19
-58
-120
-177
-182
-155
-113
-95
-127
-167
-186
-243
-314
-350
-382
-455
-521
-536
-576
-619
-677
-737
-775
-791
-767
-805
-870
-896
-891
-910
-901
-864
-874
-862
-859
-863
-892
-918
-892
-902
-915
-863
-858
-835
-838
-851
-790
-757
-728
-761
-832
-887
-879
-859
-893
-857
-807
-781
-703
-635
-622
-613
-538
-489
-420
-365
-338
-266
-189
-74
44
148
204
264
305
399
494
566
604
576
658
732
806
879
916
950
1006
1118
1165
1168
1208
1229
1223
1285
1343
1365
1421
1431
1438
1472
1460
1459
1462
1443
1438
1476
1578
1610
1598
1617
1620
1623
1639
1632
1631
1680
1718
1750
1802
1875
1911
1974
2066
2126
2186
2183
2179
2197
2172
2187
2222
2211
2250
2263
2211
2193
2192
2167
2134
2095
1998
1927
1844
1726
1641
1530
1478
1456
1393
1343
1310
1275
1211
1165
1118
1069
1025
975
937
863
808
761
685
610
571
544
518
454
337
229
214
191
82
49
20
-4
-56
-108
-159
-278
-328
-303
-282
-293
-342
-378
-407
-407
-410
-423
-384
-351
-275
-257
-274
-245
-271
-262
-186
-169
-138
-111
-122
-111
-146
-153
-135
-95
-40
-25
-9
15
-16
3
96
163
227
224
217
233
226
272
308
291
324
346
364
416
422
413
434
447
478
542
611
646
642
658
662
639
648
691
716
754
798
813
782
780
797
825
879
903
938
938
898
842
850
894
867
819
768
693
667
652
633
618
570
524
473
438
354
282
230
151
100
17
-92
-207
-302
-362
-403
-444
-478
-523
-558
-609
-684
-752
-848
-923
-972
-1048
-1128
-1227
-1349
-1395
-1392
-1390
-1412
-1462
-1533
-1605
-1668
-1657
-1694
-1789
-1815
-1866
-1908
-1924
-1889
-1887
-1894
-1876
-1818
-1728
-1707
-1688
-1663
-1605
-1540
-1467
-1425
-1419
-1375
-1314
-1240
-1178
-1129
-1073
-1005
-889
-745
-625
-553
-531
-469
-403
-335
-293
-273
-244
-218
-125
-53
1
46
104
150
175
216
269
318
318
332
383
441
531
571
547
546
533
554
573
599
637
608
615
653
667
682
705
718
727
750
784
792
773
784
829
828
833
852
845
861
847
846
852
847
842
853
885
889
900
926
935
937
928
875
804
713
642
600
596
576
535
511
487
438
335
274
262
203
111
76
31
-74
-144
-213
-232
-259
-387
-485
-548
-639
-719
-736
-751
-774
-801
-842
-909
-1019
-1071
-1083
-1123
-1131
-1153
-1168
-1198
-1224
-1205
-1229
-1224
-1213
-1202
-1214
-1245
-1279
-1293
-1298
-1305
-1327
-1354
-1341
-1331
-1260
-1187
-1197
-1241
-1243
-1262
-1251
-1237
-1280
-1280
-1265
-1262
-1265
-1271
-1247
-1207
-1161
-1126
-1115
-1093
-1155
-1203
-1202
-1185
-1192
-1193
-1163
-1151
-1122
-1137
-1117
-1052
-1002
-974
-965
-967
-975
-985
-922
-893
-833
-770
-769
-733
-768
-782
-747
-693
-625
-592
-611
-606
-632
-650
-622
-591
-554
-493
-456
-433
-397
-414
-417
-419
-379
-372
-408
-402
-403
-439
-458
-470
-440
-408
-441
-492
-558
-625
-715
-786
-826
-822
-817
-841
-875
-915
-972
-1021
-1099
-1184
-1233
-1277
-1298
-1326
-1392
-1443
-1471
-1542
-1588
-1617
-1627
-1628
-1602
-1656
-1712
-1736
-1806
-1842
-1890
-1950
-2021
-2047
-2088
-2110
-2131
-2148
-2135
-2170
-2153
-2111
-2118
-2116
-2093
-2039
-1995
-1986
-1928
-1846
-1801
-1786
-1753
-1697
-1610
-1544
-1471
-1342
-1259
-1172
-1081
-1016
-975
-942
-853
-765
-673
-578
-472
-355
-267
-196
-125
-15
105
219
297
371
468
549
603
685
800
892
953
999
1075
1117
1162
1215
1246
1277
1274
1312
1411
1461
1510
1594
1637
1692
1797
1896
1945
1961
2001
2046
2089
2134
2184
2280
2333
2375
2399
2410
2454
2474
2455
2486
2502
2461
2490
2503
2480
2450
2452
2453
2445
2411
2385
2372
2329
2287
2254
2221
2175
2123
2069
2051
1980
1901
1795
1717
1648
1575
1546
1493
1487
1425
1354
1295
1203
1176
1146
1108
1064
979
927
886
828
770
761
779
739
675
617
537
467
421
406
417
438
428
397
394
381
367
346
368
387
416
487
528
529
552
588
602
668
731
776
801
809
791
780
798
822
856
879
887
879
817
772
763
749
764
806
861
856
824
808
845
819
786
832
863
872
891
912
904
906
903
898
884
890
889
899
914
935
939
936
963
994
1010
1043
1096
1102
1100
1126
1157
1148
1181
1205
1224
1291
1329
1368
1398
1402
1370
1391
1452
1466
1452
1444
1418
1355
1317
1262
1218
1167
1105
1051
1001
973
901
869
842
755
676
651
672
632
541
457
351
259
168
100
79
37
14
-17
-74
-135
-148
-211
-289
-324
-356
-406
-526
-556
-604
-635
-631
-669
-688
-749
-792
-792
-860
-922
-915
-910
-909
-930
-915
-927
-938
-909
-895
-886
-846
-759
-699
-640
-589
-561
-521
-439
-358
-283
-210
-147
-38
100
204
292
341
390
468
520
597
641
692
796
876
981
1068
1120
1163
1211
1301
1340
1341
1347
1343
1328
1348
1383
1350
1341
1358
1343
1359
1452
1495
1517
1567
1591
1593
1610
1684
1684
1674
1726
1767
1800
1834
1856
1871
1888
1937
2000
2041
2064
2100
2162
2152
2118
2122
2103
2083
2108
2071
2012
1950
1874
1823
1751
1732
1686
1623
1572
1521
1418
1310
1238
1149
1093
1090
1070
967
879
837
740
598
544
493
464
403
349
309
231
177
115
96
80
55
28
-16
-30
-28
-76
-106
-142
-165
-144
-142
-144
-180
-250
-298
-307
-302
-271
-268
-278
-266
-315
-362
-392
-409
-435
-483
-484
-479
-440
-420
-454
-460
-499
-514
-501
-494
-447
-456
-428
-404
-433
-446
-447
-433
-449
-446
-425
-368
-328
-338
-298
-254
-232
-242
-242
-246
-286
-278
-301
-324
-319
-328
-309
-287
-305
-344
-382
-416
-427
-444
-428
-419
-449
-473
-449
-422
-421
-418
-381
-325
-311
-271
-271
-289
-242
-215
-199
-170
-123
-44
-24
-30
-30
-46
-62
-20
30
35
66
51
16
-24
-38
-11
-33
-83
-120
-170
-242
-289
-294
-282
-323
-366
-389
-465
-548
-647
-702
-774
-852
-851
-886
-930
-978
-971
-997
-1043
-1042
-1082
-1153
-1178
-1192
-1238
-1261
-1282
-1303
-1344
-1317
-1325
-1379
-1376
-1391
-1408
-1403
-1436
-1467
-1455
-1475
-1470
-1470
-1480
-1500
-1466
-1419
-1402
-1383
-1393
-1376
-1397
-1415
-1409
-1388
-1381
-1391
-1376
-1342
-1304
-1296
-1261
-1225
-1222
-1217
-1180
-1141
-1074
-994
-978
-965
-934
-887
-864
-843
-760
-680
-652
-669
-622
-584
-598
-561
-490
-431
-435
-393
-344
-360
-386
-363
-327
-318
-289
-250
-261
-275
-238
-199
-164
-165
-121
-60
-57
-12
17
-9
-15
1
27
35
64
115
127
121
165
239
265
351
421
422
457
500
508
500
493
481
434
346
320
302
260
196
129
39
-49
-124
-184
-215
-299
-395
-467
-559
-695
-789
-835
-902
-934
-951
-1026
-1117
-1233
-1315
-1352
-1371
-1397
-1466
-1483
-1511
-1553
-1576
-1637
-1668
-1649
-1638
-1642
-1650
-1617
-1597
-1644
-1688
-1645
-1565
-1528
-1487
-1418
-1386
-1390
-1380
-1329
-1259
-1232
-1188
-1123
-1089
-1044
-975
-894
-878
-877
-840
-839
-801
-754
-744
-709
-668
-616
-570
-512
-460
-418
-367
-327
-315
-344
-347
-328
-320
-275
-214
-172
-123
-94
-108
-138
-124
-129
-116
-73
-79
-80
-96
-81
-18
9
-8
4
25
29
67
140
214
247
259
276
294
299
328
371
432
486
521
545
523
524
555
543
518
545
556
547
535
527
506
470
418
399
406
396
346
263
237
170
97
47
-1
-59
-105
-180
-264
-291
-300
-343
-420
-485
-559
-630
-699
-724
-783
-856
-920
-986
-1056
-1137
-1171
-1184
-1215
-1319
-1378
-1399
-1458
-1496
-1506
-1526
-1550
-1551
-1622
-1714
-1742
-1770
-1791
-1819
-1822
-1800
-1827
-1851
-1832
-1833
-1869
-1841
-1796
-1788
-1734
-1708
-1722
-1721
-1685
-1685
-1716
-1690
-1651
-1656
-1690
-1709
-1660
-1639
-1679
-1677
-1617
-1557
-1536
-1530
-1540
-1542
-1513
-1492
-1523
-1501
-1479
-1454
-1420
-1426
-1412
-1381
-1365
-1310
-1215
-1191
-1206
-1184
-1177
-1210
-1207
-1222
-1221
-1230
-1221
-1144
-1120
-1137
-1131
-1083
-1045
-1045
-1019
-995
-1022
-1002
-942
-907
-867
-811
-817
-821
-806
-793
-743
-763
-769
-784
-807
-772
-803
-833
-847
-890
-914
-984
-1041
-1083
-1181
-1258
-1258
-1251
-1290
-1323
-1375
-1429
-1435
-1479
-1564
-1619
-1640
-1700
-1772
-1770
-1763
-1808
-1886
-1900
-1894
-1945
-1987
-2031
-2071
-2114
-2148
-2165
-2234
-2274
-2256
-2295
-2333
-2314
-2317
-2374
-2384
-2323
-2326
-2319
-2234
-2183
-2172
-2151
-2056
-2027
-1993
-1913
-1891
-1859
-1810
-1712
-1647
-1622
-1553
-1443
-1383
-1315
-1142
-1010
-984
-926
-804
-731
-652
-548
-445
-360
-281
-173
-103
-70
-18
89
142
186
289
336
355
393
459
471
531
648
692
748
826
891
940
981
1052
1113
1163
1222
1313
1402
1447
1539
1630
1684
1745
1842
1921
1971
2034
2115
2171
2209
2296
2371
2426
2481
2548
2602
2640
2678
2729
2741
2712
2687
2726
2751
2765
2780
2724
2722
2705
2631
2596
2592
2571
2482
2408
2414
2413
2388
2370
2370
2290
2210
2244
2215
2173
2088
2013
1995
1918
1974
2051
2030
2023
2022
1988
1960
1981
1970
1877
1810
1820
1805
1773
1804
1878
1879
1805
1792
1760
1710
1734
1761
1725
1640
1605
1555
1531
1588
1628
1616
1613
1625
1656
1639
1605
1621
1598
1567
1553
1556
1554
1544
1551
1578
1577
1637
1709
1743
1779
1802
1762
1716
1719
1719
1725
1739
1763
1739
1725
1702
1675
1644
1598
1622
1684
1698
1678
1628
1592
1588
1593
1577
1513
1498
1528
1544
1531
1520
1524
1490
1453
1471
1474
1497
1490
1477
1488
1494
1591
1643
1629
1640
1692
1703
1758
1832
1857
1872
1895
1934
1933
1928
1935
1944
1922
1922
1925
1905
1859
1830
1791
1800
1797
1748
1741
1679
1610
1570
1519
1450
1402
1341
1223
1177
1174
1063
952
916
878
825
782
768
717
624
553
521
509
466
420
386
369
373
346
313
268
199
161
153
120
131
141
126
101
79
110
136
159
183
162
122
98
97
121
148
185
260
310
321
335
368
414
455
461
453
507
595
645
681
778
807
807
874
927
956
978
999
988
1018
1073
1118
1147
1119
1116
1159
1202
1245
1264
1252
1267
1319
1342
1356
1386
1454
1477
1497
1536
1568
1584
1599
1617
1624
1651
1659
1703
1738
1755
1804
1817
1830
1828
1804
1822
1838
1899
1964
2016
2016
1981
1964
1953
1989
1977
1934
1889
1876
1874
1843
1792
1754
1701
1601
1539
1500
1387
1270
1200
1079
961
889
811
734
680
577
429
323
264
207
142
29
-52
-133
-207
-258
-294
-341
-423
-434
-472
-540
-604
-635
-697
-775
-776
-769
-771
-799
-806
-810
-827
-840
-903
-958
-969
-967
-977
-1013
-1032
-1020
-1037
-1044
-1014
-983
-959
-976
-918
-897
-908
-885
-910
-962
-988
-972
-980
-965
-932
-907
-939
-962
-946
-962
-993
-1011
-1022
-1020
-1031
-1062
-1054
-1059
-1033
-1017
-988
-979
-987
-999
-998
-964
-956
-930
-909
-877
-846
-855
-848
-806
-834
-838
-766
-757
-755
-758
-786
-786
-773
-764
-768
-762
-737
-723
-744
-704
-607
-606
-661
-625
-541
-545
-559
-567
-507
-439
-401
-271
-223
-227
-206
-143
-100
-69
-68
-67
-98
-155
-180
-202
-229
-245
-259
-306
-298
-319
-384
-442
-481
-501
-505
-543
-616
-700
-741
-765
-843
-922
-995
-1060
-1145
-1258
-1305
-1308
-1373
-1417
-1425
-1447
-1459
-1452
-1482
-1484
-1510
-1537
-1578
-1623
-1659
-1742
-1749
-1756
-1729
-1708
-1732
-1726
-1700
-1674
-1670
-1631
-1614
-1633
-1654
-1589
-1545
-1563
-1561
-1562
-1549
-1519
-1484
-1450
-1411
-1399
-1346
-1305
-1267
-1205
-1161
-1089
-1028
-973
-926
-887
-858
-872
-880
-877
-847
-801
-758
-716
-663
-661
-694
-679
-611
-572
-541
-495
-524
-557
-562
-507
-483
-421
-301
-269
-245
-196
-151
-159
-96
-25
29
87
92
131
142
125
161
205
241
307
385
402
401
441
445
400
406
397
324
328
296
218
193
166
130
93
22
-30
-77
-136
-185
-252
-342
-398
-437
-489
-522
-515
-501
-573
-687
-724
-730
-823
-900
-930
-1006
-1079
-1159
-1216
-1256
-1313
-1363
-1409
-1432
-1437
-1484
-1586
-1632
-1696
-1775
-1799
-1784
-1800
-1837
-1892
-1928
-1953
-2025
-1998
-1933
-1939
-1910
-1851
-1861
-1894
-1885
-1839
-1817
-1811
-1752
-1718
-1712
-1684
-1644
-1665
-1665
-1614
-1565
-1521
-1442
-1349
-1347
-1357
-1295
-1238
-1225
-1166
-1116
-1127
-1121
-1121
-1104
-1076
-1054
-985
-924
-949
-943
-930
-890
-816
-779
-767
-764
-727
-676
-638
-596
-521
-493
-476
-418
-324
-265
-231
-186
-132
-110
-100
-18
76
158
261
355
390
385
430
484
466
491
534
562
547
561
582
590
630
638
628
629
666
694
671
636
665
652
602
580
593
558
557
574
543
529
535
586
601
574
530
445
360
310
326
331
288
268
253
190
173
176
121
39
44
103
94
111
97
60
35
17
13
10
15
0
-35
-46
-79
-85
-95
-122
-118
-84
-64
-61
1
28
52
92
118
138
166
195
227
291
341
345
336
341
406
483
495
478
521
569
637
649
639
609
571
655
636
598
625
591
522
517
576
602
571
527
501
480
451
470
474
503
554
568
602
606
667
696
665
748
793
851
949
1036
1077
1095
1116
1156
1230
1256
1305
1397
1410
1422
1432
1472
1505
1544
1645
1685
1711
1715
1712
1730
1761
1774
1773
1807
1787
1755
1731
1732
1736
1687
1627
1597
1576
1562
1591
1596
1545
1477
1398
1354
1307
1273
1254
1178
1061
964
913
856
797
728
622
542
510
466
423
375
342
307
303
290
241
201
159
151
101
66
68
73
30
16
34
61
59
9
-4
32
85
120
99
45
18
39
38
4
-19
-24
-41
-36
-14
-9
15
21
49
61
69
91
63
93
127
92
34
-27
-49
-5
7
8
-22
-78
-79
-98
-90
-28
53
55
59
94
132
150
165
215
207
164
196
230
232
244
263
327
377
416
438
431
435
410
415
440
456
434
398
358
362
414
395
370
359
395
460
480
501
497
480
484
490
553
558
528
529
505
475
502
461
435
423
331
316
283
205
113
49
-19
-82
-121
-123
-159
-210
-302
-360
-372
-391
-425
-474
-512
-569
-590
-591
-609
-627
-697
-769
-815
-829
-859
-856
-856
-820
-838
-874
-854
-822
-767
-763
-812
-833
-836
-868
-879
-923
-973
-980
-971
-976
-903
-848
-864
-889
-886
-874
-874
-839
-841
-825
-818
-782
-723
-643
-631
-588
-519
-444
-431
-425
-372
-365
-393
-366
-369
-310
-260
-219
-201
-224
-224
-266
-277
-234
-204
-215
-176
-144
-138
-127
-134
-144
-73
-24
-42
-72
-24
11
0
5
46
136
178
228
275
272
323
381
430
616
652
703
754
784
820
874
949
997
1055
1104
1161
1238
1247
1274
1239
1217
1209
1163
1136
1096
1038
1021
982
935
884
786
709
663
586
530
503
441
357
347
288
266
189
145
99
26
-83
-134
-146
-146
-164
-197
-208
-221
-230
-280
-309
-295
-312
-362
-377
-379
-387
-406
-406
-403
-481
-496
-527
-547
-550
-544
-559
-542
-456
-390
-357
-359
-339
-325
-322
-325
-297
-316
-372
-365
-390
-415
-456
-447
-433
-426
-348
-266
-240
-231
-261
-235
-202
-188
-189
-162
-142
-78
-23
-12
21
75
148
210
241
228
253
281
295
332
360
430
500
476
467
434
405
431
465
496
472
507
560
589
594
597
630
673
726
758
788
791
803
798
791
753
758
750
697
724
742
727
727
713
657
626
577
568
566
512
482
477
445
367
272
225
215
109
45
-47
-118
-161
-274
-275
-279
-339
-434
-484
-500
-521
-585
-659
-719
-731
-769
-839
-841
-822
-795
-796
-840
-859
-862
-811
-814
-856
-848
-853
-842
-831
-767
-773
-755
-734
-747
-763
-767
-737
-698
-700
-685
-691
-681
-685
-638
-563
-529
-479
-479
-487
-446
-373
-312
-266
-251
-193
-156
-123
-64
-22
8
30
49
76
102
111
142
111
75
133
156
178
168
113
65
37
17
53
17
10
26
73
67
50
52
40
85
156
174
162
145
197
204
215
253
285
315
367
451
563
654
719
816
898
970
1012
1045
1042
1068
1127
1177
1185
1210
1222
1211
1196
1144
1150
1146
1165
1144
1161
1181
1122
1070
1044
992
947
881
843
848
756
662
639
583
511
454
436
439
427
360
297
240
197
141
91
33
-13
-74
-143
-130
-157
-198
-231
-226
-259
-361
-420
-393
-387
-404
-390
-404
-394
-382
-346
-314
-326
-305
-296
-264
-253
-234
-193
-243
-255
-270
-283
-296
-325
-331
-354
-371
-354
-338
-331
-343
-346
-330
-323
-292
-299
-304
-273
-275
-279
-227
-248
-278
-311
-314
-284
-272
-304
-337
-359
-339
-338
-323
-261
-274
-250
-196
-204
-194
-205
-232
-235
-211
-207
-230
-249
-219
-239
-233
-241
-228
-180
-176
-113
-96
-63
-81
-75
-63
-57
-48
-24
19
46
50
74
102
102
104
126
197
201
225
268
250
241
208
200
191
184
171
138
98
4
-35
-36
-83
-128
-142
-145
-164
-216
-251
-303
-377
-386
-438
-501
-534
-558
-587
-572
-605
-606
-614
-647
-646
-673
-650
-649
-675
-687
-711
-729
-723
-749
-768
-809
-876
-847
-833
-807
-783
-721
-709
-677
-687
-704
-683
-642
-607
-563
-552
-492
-472
-443
-419
-428
-366
-359
-311
-268
-259
-240
-207
-144
-149
-134
-173
-165
-113
-76
-82
-63
-81
-116
-142
-145
-118
-87
-93
-88
-34
-54
-43
-34
-24
-33
-65
-62
2
-35
-30
-31
19
-4
-2
8
28
47
74
98
112
145
212
256
281
303
341
372
402
424
445
449
472
526
553
574
621
649
672
696
725
730
732
686
681
679
680
679
668
684
653
644
609
588
613
626
597
595
569
512
501
447
395
355
355
370
313
267
210
139
74
36
4
-56
-42
-76
-67
-105
-117
-183
-218
-231
-275
-273
-277
-342
-356
-340
-399
-403
-399
-377
-360
-320
