-2765
-3453
-3111
-3215
-2901
-2921
-2649
-2701
-2716
-3008
-2980
-2941
-2612
-2361
-2073
-1927
-1811
-1641
-1349
-1161
-1090
-1040
-1051
-1021
-883
-713
-413
-148
-135
-197
-307
-228
-214
-206
-105
63
142
263
437
505
484
348
309
407
427
467
508
489
277
-167
-491
-552
-240
271
610
815
890
868
893
926
870
650
378
200
5
-219
-331
-434
-594
-763
-899
-775
-613
-621
-603
-564
-606
-586
-329
-32
176
233
-27
-483
-735
-648
-507
-535
-825
-1234
-1643
-1809
-1645
-1532
-1380
-1331
-1252
-1095
-854
-505
-357
-321
-341
-398
-485
-534
-501
-594
-693
-743
-985
-1179
-1403
-1473
-1345
-1159
-1124
-1198
-1256
-1151
-882
-721
-699
-919
-1198
-1253
-760
-394
-223
-64
-150
-421
-744
-965
-1109
-1184
-1297
-1335
-1342
-1481
-1458
-1328
-1346
-1423
-1386
-1266
-1185
-1069
-1094
-1173
-1262
-1368
-1489
-1697
-1933
-2197
-2475
-2749
-3018
-3207
-3400
-3547
-3494
-3535
-3583
-3577
-3555
-3470
-3473
-3498
-3377
-3150
-2811
-2384
-1896
-1614
-1566
-1575
-1678
-1720
-1814
-1983
-2158
-2320
-2417
-2341
-2194
-2096
-2143
-2275
-2465
-2581
-2616
-2606
-2565
-2582
-2651
-2773
-2898
-3070
-3083
-3199
-3464
-3727
-3792
-3757
-3848
-4015
-4193
-4367
-4469
-4493
-4690
-4886
-5130
-5402
-5610
-5742
-5677
-5534
-5531
-5670
-5685
-5584
-5492
-5368
-5161
-4919
-4814
-4740
-4680
-4546
-4397
-4281
-4078
-3785
-3571
-3444
-3422
-3699
-3938
-3959
-3765
-3545
-3274
-3016
-2900
-2866
-2884
-2889
-2806
-2775
-2866
-2785
-2556
-2374
-2316
-2332
-2204
-2047
-2004
-1951
-1954
-2039
-2197
-2174
-2006
-1895
-1806
-1810
-1917
-1924
-1941
-1804
-1547
-1426
-1332
-1407
-1453
-1443
-1306
-1011
-922
-986
-1121
-1357
-1308
-1257
-1277
-1090
-1006
-978
-1221
-1639
-1929
-2062
-1889
-1682
-1553
-1612
-1758
-1790
-1828
-1676
-1463
-1127
-793
-499
-249
-126
-11
74
114
102
112
64
60
-75
-13
-3
-159
-486
-927
-1522
-1833
-1304
-892
-572
-543
-729
-347
-109
-140
565
1103
1556
1780
1762
1701
1569
1900
1840
1531
1162
948
730
370
-164
-745
-1368
-2069
-2561
-2698
-2778
-2926
-2887
-2804
-2430
-2070
-1833
-1954
-2071
-1921
-1557
-1040
-748
-611
-88
83
343
897
784
975
933
1182
1510
1512
1781
1930
1872
1714
1722
1717
1683
1631
1547
1551
1502
1493
1460
1446
1488
1476
1688
2148
2701
2805
2732
2764
2821
2973
3197
3257
3235
3020
2638
2214
1713
1486
1686
2000
2045
1768
1466
1402
1600
2006
1922
2145
2780
3370
4015
4345
4365
4181
4033
4105
3906
4383
4640
4271
4098
3812
3510
2960
3162
3266
3511
3627
3762
4071
4298
4359
4395
4668
4692
4665
4381
4352
4377
4334
4296
4160
3625
3539
3536
3250
3068
2863
2651
2574
2546
2375
2508
2630
2521
2381
2364
2428
2386
2513
2721
2850
3212
3388
3395
3344
3303
3260
3088
2984
2878
2438
2071
1960
2128
2318
2312
2377
2130
1747
1742
2183
2717
3003
3125
3140
2804
2885
3366
3940
4340
4407
4307
4158
3959
4009
4399
4331
4575
4824
4748
4672
4548
4256
4077
4228
4196
4236
4155
4061
3995
3790
3735
3643
3536
3370
3140
2846
2744
2815
2849
2771
2618
2407
1950
2044
2259
2269
2265
2337
2617
2800
2856
2977
3339
3559
3630
3556
3559
3719
3922
4122
4205
4245
3926
3580
3302
3285
3583
3742
3909
3743
3731
3943
3981
4032
4060
3915
3731
3794
3944
4169
4440
4538
4666
4648
4522
4539
4631
4639
4322
3962
3657
3520
3201
2981
2794
2496
2371
2309
2337
2389
2476
2395
2160
1776
1459
1316
1368
1445
1426
1321
1060
641
392
427
454
459
296
179
-77
-373
-544
-722
-1004
-1316
-1434
-1497
-1465
-1457
-1567
-1721
-1724
-1805
-1838
-1942
-2170
-2378
-2444
-2288
-2282
-2177
-1938
-1758
-1601
-1383
-1153
-803
-462
-300
-326
-639
-875
-936
-1039
-1047
-996
-1083
-1098
-1221
-1562
-1711
-1802
-1653
-1534
-1327
-1047
-1034
-958
-1017
-1090
-1160
-1226
-1333
-1365
-1237
-992
-861
-768
-725
-839
-801
-749
-551
-355
-160
-165
-124
-132
-181
4
66
327
418
445
512
688
985
1140
1299
1462
1634
1880
2113
2134
1962
1850
1788
1756
1908
1924
1859
1765
1648
1386
1172
1138
1047
1068
1097
1071
1007
897
773
625
513
451
418
439
402
283
292
466
516
407
66
-203
-304
-439
-426
-444
-434
-471
-573
-582
-518
-464
-433
-468
-586
-688
-692
-541
-457
-475
-549
-566
-508
-571
-642
-754
-930
-1204
-1478
-1621
-1712
-1561
-1462
-1449
-1737
-2113
-2118
-1901
-1722
-1749
-1533
-1505
-1607
-1603
-1675
-1637
-1711
-1833
-1905
-2002
-1870
-1612
-1402
-1469
-1798
-2163
-2302
-2065
-1737
-1609
-1613
-1392
-1293
-1187
-1103
-872
-479
-167
252
347
132
-95
-264
-362
-418
-398
-396
-486
-607
-796
-874
-819
-704
-489
-351
-312
-50
27
25
24
-75
-152
-267
-275
-262
-199
-87
28
35
63
5
83
293
435
577
825
1037
1167
1171
1149
1290
1306
1298
1387
1331
1410
1481
1421
1509
1496
1560
1456
1575
1719
1775
1810
1701
1722
1672
1471
1274
1339
1410
1484
1660
1812
1752
1351
1081
1084
1075
1045
978
990
855
809
753
695
689
654
361
6
11
40
186
184
-148
-650
-881
-762
-373
50
-69
-624
-1130
-1260
-1162
-1053
-737
-395
-393
-538
-581
-731
-822
-942
-986
-1066
-1233
-1079
-952
-999
-1309
-1496
-1594
-1729
-1634
-1436
-1242
-1075
-1051
-958
-761
-743
-913
-1066
-1100
-951
-667
-455
-551
-702
-859
-939
-883
-848
-634
-470
-384
-466
-440
-251
80
487
912
1141
1314
1560
1494
1372
1367
1423
1394
1193
904
675
510
506
585
605
455
450
528
552
675
598
292
44
-105
-110
99
304
229
133
-23
-163
-287
-517
-596
-568
-561
-646
-523
-590
-835
-1006
-1084
-1016
-908
-759
-665
-761
-921
-1027
-892
-782
-747
-777
-919
-938
-832
-548
-375
-227
-258
-356
-423
-381
-208
-46
182
361
281
180
45
-123
-97
-85
-64
-189
-473
-697
-881
-1055
-1164
-1339
-1497
-1525
-1497
-1443
-1322
-1296
-1219
-1267
-1547
-1628
-1679
-1729
-1929
-1985
-1824
-1808
-1625
-1499
-1504
-1523
-1649
-1855
-1979
-2066
-2098
-2114
-2267
-2366
-2425
-2438
-2428
-2424
-2551
-2744
-2940
-2978
-3090
-3234
-3229
-3251
-3158
-3036
-3048
-3249
-3261
-3094
-2767
-2427
-2148
-1962
-1790
-1745
-1784
-1523
-1369
-1292
-1167
-1070
-802
-671
-689
-481
-600
-511
-214
-115
-179
-377
-450
-599
-805
-966
-936
-852
-791
-754
-602
-546
-590
-795
-912
-1048
-824
-176
105
233
171
-2
-206
-344
-125
154
139
138
-80
-418
-634
-583
-575
-587
-773
-1027
-1051
-1274
-1478
-1569
-1639
-1735
-1655
-1510
-1311
-1099
-838
-694
-630
-604
-311
-235
-196
297
580
868
974
837
554
379
292
242
208
81
-6
-95
-153
-138
-205
-169
-204
-337
-211
-279
-449
-439
-566
-751
-1029
-1093
-912
-941
-982
-1042
-1043
-1077
-1003
-839
-648
-724
-930
-979
-931
-841
-762
-629
-592
-701
-903
-1026
-1179
-980
-843
-720
-613
-636
-638
-571
-313
-147
-23
-81
-183
-149
-22
-98
-136
-100
-74
87
400
500
399
367
324
297
458
767
988
1162
1044
792
725
728
569
562
619
673
596
497
459
150
-40
-347
-328
-265
-313
-213
-224
-258
-384
-315
-100
101
120
111
21
-40
-149
-280
-532
-679
-576
-539
-369
-132
-27
-81
-60
18
129
134
138
35
-194
-525
-869
-1091
-1195
-1211
-1406
-1600
-1618
-1355
-1296
-1363
-948
-678
-415
-198
-163
-93
-138
-219
-432
-456
-308
-252
-507
-846
-876
-1097
-1370
-1298
-886
-718
-1122
-1504
-1674
-1439
-1268
-1226
-957
-834
-867
-881
-759
-681
-620
-633
-800
-830
-820
-434
-23
-49
-168
-326
-570
-620
-287
88
143
-128
-324
-424
-303
-152
32
246
275
29
16
477
524
485
293
7
-184
-467
-557
-476
-533
-512
-331
-177
108
308
258
185
54
-37
25
166
567
601
591
630
656
520
156
-88
-83
-28
116
378
643
898
751
712
691
718
651
549
676
832
961
956
844
893
958
1025
925
737
613
677
766
681
774
828
886
1099
1216
1274
1380
1412
1405
1131
979
1053
1000
895
902
754
474
280
352
560
661
710
613
476
149
-172
-305
-294
-101
-39
-180
-347
-383
-347
-449
-341
-183
-365
-524
-690
-771
-797
-994
-1099
-1169
-1230
-1203
-934
-757
-1053
-1391
-1649
-1806
-1677
-1547
-1531
-1451
-1247
-1224
-1123
-922
-761
-655
-699
-547
-372
-51
234
230
270
494
593
562
618
724
693
841
1049
972
861
701
450
179
132
37
13
193
115
212
669
943
899
796
627
297
72
-28
15
-124
-418
-798
-1120
-1290
-1339
-1467
-1567
-1608
-1750
-1803
-2010
-2075
-2263
-2315
-2216
-2211
-2256
-2439
-2724
-2920
-3143
-3392
-3482
-3645
-3689
-3941
-4315
-4495
-4766
-5081
-5197
-5307
-5506
-5784
-5957
-5972
-5910
-5853
-5788
-5758
-5724
-5572
-5436
-5252
-5064
-5026
-5052
-5150
-5469
-5804
-6041
-6042
-6106
-6060
-5915
-5962
-6069
-6023
-5741
-5582
-5325
-5177
-5062
-4958
-4945
-4983
-4925
-4718
-4772
-4671
-4684
-4856
-4855
-4814
-4766
-4778
-4834
-4995
-5110
-5170
-5548
-5807
-5656
-5666
-5770
-5841
-5878
-5938
-5973
-5891
-5866
-5968
-6081
-6345
-6762
-6974
-7010
-7085
-7065
-6864
-6952
-7099
-7004
-6856
-6646
-6348
-6092
-6013
-6017
-6063
-6049
-5876
-5988
-6158
-6087
-5967
-5892
-6152
-6335
-6584
-6755
-6685
-6562
-6416
-6557
-6705
-6809
-6775
-6541
-6515
-6662
-6779
-6871
-6922
-6930
-6792
-6841
-7041
-7137
-7096
-7021
-6865
-6934
-7247
-7308
-7307
-7284
-7230
-7233
-7310
-7358
-7575
-7671
-7717
-7990
-8186
-8194
-8227
-8434
-8550
-8432
-8278
-8257
-8394
-8774
-8899
-8880
-8960
-8861
-8816
-8868
-8760
-8819
-9058
-9172
-9309
-9474
-9535
-9666
-9802
-9515
-9199
-9183
-9163
-9228
-9344
-9335
-9416
-9319
-9394
-9526
-9610
-9760
-9758
-9875
-9756
-9652
-9713
-9588
-9099
-8920
-8942
-8997
-9060
-8803
-8709
-8610
-8389
-8185
-8270
-8494
-8569
-8568
-8515
-8473
-8481
-8329
-8108
-7884
-7613
-7467
-7311
-7166
-7060
-6772
-6411
-6122
-5864
-5809
-5604
-5328
-5312
-5193
-4931
-4831
-4771
-4807
-4500
-4178
-4261
-4281
-4344
-4277
-4383
-4333
-4228
-4154
-4115
-4067
-3842
-3528
-3378
-3432
-3261
-3162
-3319
-3193
-3003
-2998
-2591
-2250
-2106
-2073
-1959
-1932
-1747
-1491
-1312
-1124
-994
-1044
-1212
-1136
-1050
-1082
-988
-731
-658
-742
-825
-742
-972
-1175
-1146
-677
-361
-285
-220
-228
-101
-176
122
606
939
1239
1287
1384
1662
1741
1827
1796
1879
1668
1255
912
421
-199
-811
-1111
-1193
-1381
-1417
-1339
-1536
-1531
-1552
-1547
-1407
-1217
-950
-474
-262
18
226
334
673
697
786
1054
1229
1367
1582
1537
1451
1406
1331
1327
1431
1418
1270
1182
1118
1013
989
1069
1021
1144
1320
1185
1011
1034
1088
989
1024
1296
1155
869
708
638
595
524
622
564
309
181
159
41
19
-84
-131
-297
-435
-151
120
197
95
16
-41
-205
-558
-629
-377
-214
-140
15
173
418
439
431
641
731
978
940
820
857
998
1016
926
903
992
1015
881
952
909
886
868
977
943
810
598
463
349
282
357
266
182
67
111
335
670
679
558
586
709
809
997
1217
1688
2141
2254
2144
1988
1746
1586
1762
1743
1798
1868
1745
1763
1751
1583
1551
1372
1265
1268
1262
1051
977
966
833
881
1010
1203
1395
1556
1451
1425
1397
1428
1608
1612
1689
1926
1961
1877
1839
1929
1891
1748
1589
1496
1653
1846
1873
1848
2049
2218
2266
2368
2404
2349
2528
2640
2710
2944
3101
3127
3171
3290
3490
3592
3475
3327
3092
2997
3018
3047
3046
3076
2902
2725
2654
2561
2711
2735
2589
2350
2441
2657
2715
2857
3057
3192
3288
3540
3741
3924
4053
4058
4251
4605
4784
4723
4667
4636
4510
4394
4463
4656
4678
4418
4174
4199
4292
4352
4395
4313
4071
3890
3787
3626
3492
3333
3204
3118
3000
2847
2645
2446
2280
2224
2039
1801
1724
1665
1484
1409
1345
1261
1224
1108
1134
1144
985
896
910
957
1199
1242
1227
1360
1477
1343
1104
1137
1092
934
856
741
795
831
567
395
357
390
485
538
522
563
538
474
496
589
537
393
427
382
372
469
381
247
269
184
89
25
-61
0
21
49
53
85
-68
-435
-790
-944
-1043
-1120
-1079
-1129
-992
-967
-1000
-819
-769
-842
-869
-937
-1021
-1170
-1362
-1418
-1250
-1374
-1486
-1391
-1248
-1014
-1027
-991
-1034
-1118
-1097
-1030
-736
-532
-579
-473
-388
-374
-458
-616
-696
-609
-561
-644
-516
-239
-130
-95
-53
-143
-44
-71
-19
64
209
301
307
417
396
497
577
726
774
910
1015
977
997
922
751
633
480
428
507
607
700
858
1046
1069
1070
959
971
1186
1371
1454
1647
1650
1640
1616
1652
1830
1851
1823
1829
1883
1898
1767
1757
1888
1955
2167
2076
1914
1642
1251
990
1019
1024
1029
1066
916
932
852
921
1067
965
865
909
1046
1310
1477
1558
1555
1531
1480
1461
1696
1923
1853
1838
1864
1876
2011
2067
2179
2337
2531
2644
2609
2395
2385
2356
2152
1947
1903
1807
1432
1099
816
615
530
401
277
258
112
118
99
170
184
198
387
369
76
-167
-291
-432
-479
-445
-258
-339
-626
-965
-1067
-1018
-964
-925
-993
-997
-995
-761
-535
-518
-459
-473
-580
-644
-760
-1016
-1143
-1073
-975
-968
-932
-955
-1159
-1250
-1287
-1262
-1284
-1159
-1108
-1190
-1260
-1448
-1539
-1648
-1717
-1629
-1504
-1394
-1127
-940
-1025
-1109
-1110
-1172
-1279
-1418
-1554
-1687
-1845
-1936
-2108
-2264
-2119
-1902
-1844
-1641
-1433
-1387
-1321
-1206
-947
-718
-620
-476
-311
-223
-242
-292
-232
-195
-220
-201
-241
-416
-482
-415
-269
-231
-482
-496
-404
-438
-430
-334
-95
75
-21
-5
203
161
-54
-74
174
434
851
1207
1405
1614
1707
1780
1867
1883
1880
1855
1617
1490
1543
1467
1385
1321
1371
1538
1531
1439
1450
1407
1280
1190
1162
1336
1462
1450
1482
1613
1519
1343
1312
1126
1013
898
700
546
535
629
595
344
123
49
35
26
23
59
58
100
153
150
293
366
331
441
569
750
829
631
396
214
157
120
-2
85
137
142
84
-122
-336
-451
-549
-672
-669
-561
-364
-250
-6
76
-76
-265
-410
-386
-356
-282
-290
-129
157
401
568
548
572
522
413
524
628
666
860
806
591
416
345
511
618
448
254
335
322
400
604
701
820
823
682
539
643
804
882
942
859
898
987
882
995
1258
1337
1364
1424
1459
1359
1184
1032
1015
944
846
763
807
946
1010
1164
961
761
803
733
816
1000
1206
1341
1314
1186
1077
1203
1396
1414
1391
1498
1490
1329
1295
1314
1272
1213
1055
806
615
410
177
3
-154
-276
-390
-474
-768
-1235
-1529
-1704
-1690
-1683
-1687
-1537
-1301
-1258
-1164
-972
-899
-774
-748
-749
-836
-794
-696
-692
-625
-719
-884
-823
-754
-614
-488
-539
-512
-565
-771
-871
-759
-726
-764
-826
-855
-958
-1042
-1077
-1155
-1165
-1030
-804
-687
-722
-630
-371
-258
-99
133
328
394
371
163
-52
-61
-138
-220
-275
-378
-558
-918
-1242
-1392
-1496
-1456
-1467
-1471
-1494
-1662
-1741
-1845
-1832
-1653
-1512
-1356
-1323
-1370
-1280
-1114
-1036
-1008
-865
-811
-824
-857
-971
-1045
-978
-1114
-1306
-1243
-1146
-1117
-1222
-1121
-943
-824
-688
-420
-162
-99
-44
194
469
647
846
1009
1107
1164
1254
1366
1464
1253
1074
991
764
677
678
676
638
384
-3
-179
-384
-643
-686
-718
-929
-1116
-1225
-1315
-1441
-1409
-1190
-1191
-1195
-1048
-997
-1009
-974
-889
-602
-384
-396
-458
-369
-100
103
485
818
927
1089
1135
1172
1080
846
840
818
677
467
331
375
199
-44
-93
-95
-172
-371
-354
-355
-433
-407
-483
-720
-980
-1225
-1402
-1417
-1491
-1584
-1799
-1905
-1971
-2052
-2072
-2026
-2042
-2142
-2228
-2319
-2269
-2373
-2279
-2312
-2524
-2404
-2257
-2022
-1758
-1567
-1208
-933
-893
-896
-685
-301
26
243
296
481
460
297
217
134
110
-4
-14
-136
-196
-81
-27
-123
-360
-523
-687
-1021
-1234
-1186
-1232
-1161
-1153
-1187
-1121
-1194
-1374
-1521
-1461
-1318
-1173
-919
-702
-608
-568
-530
-475
-457
-328
-274
-322
-202
-160
-241
-341
-647
-754
-562
-470
-473
-451
-445
-311
-297
-187
196
281
569
879
1030
1138
1013
820
715
584
425
623
691
639
587
415
387
276
222
318
305
164
88
166
354
404
335
304
340
551
614
763
1062
1078
955
819
909
1207
1264
1235
1171
1126
1174
1060
1012
940
1064
1175
1062
928
802
919
858
774
835
1046
1189
1049
881
796
736
550
350
64
-130
-337
-631
-990
-1218
-1301
-1518
-1659
-1882
-2205
-2389
-2432
-2445
-2475
-2603
-2741
-2788
-2795
-2793
-2646
-2663
-2862
-2763
-2684
-2490
-2270
-2062
-1634
-1275
-1158
-1265
-1291
-1261
-1076
-946
-787
-434
-192
13
262
386
387
405
267
156
117
153
123
203
175
-143
-265
-472
-625
-322
-70
9
153
287
418
381
347
352
606
666
572
538
220
40
-109
-250
-296
-170
86
48
-78
-56
-312
-604
-817
-938
-1182
-1538
-1626
-1665
-1599
-1659
-1631
-1510
-1530
-1571
-1579
-1407
-1150
-805
-543
-661
-660
-534
-566
-422
-240
-65
-117
-119
32
146
333
357
408
461
511
586
827
1143
1404
1635
1761
1937
2067
2173
2252
2388
2469
2456
2388
2463
2483
2407
2395
2081
2007
2125
2034
1787
1513
1445
1276
848
473
60
-349
-627
-912
-1208
-1396
-1600
-1786
-1996
-2162
-2215
-2326
-2521
-2805
-2765
-2941
-3369
-3404
-3280
-3211
-3117
-3224
-3387
-3435
-3527
-3525
-3468
-3227
-3073
-3164
-3120
-2910
-2922
-2883
-2553
-2231
-2148
-2236
-2033
-2059
-2177
-1949
-1696
-1495
-1305
-1182
-1003
-776
-841
-770
-694
-515
-187
145
399
547
764
723
475
383
665
948
1076
1083
1169
1130
893
821
959
1029
949
746
436
275
91
-1
25
33
-118
-201
-212
-216
-13
34
-19
16
176
299
538
882
876
874
985
1249
1578
1840
2246
2405
2595
2595
2545
2645
2547
2601
2917
3164
3189
3249
3369
3604
3448
3373
3643
3713
3644
3479
3258
3257
3471
3522
3403
3281
3046
2697
2362
2048
1622
1205
912
535
344
29
-139
-184
-480
-656
-755
-871
-934
-1018
-1095
-1088
-1187
-1326
-1267
-1010
-930
-737
-711
-766
-588
-683
-752
-807
-823
-618
-460
-308
-200
-384
-546
-653
-634
-366
-297
-282
-95
115
166
195
88
15
-71
-405
-515
-627
-829
-1022
-1076
-1184
-1416
-1596
-1752
-1830
-1957
-2003
-2091
-2237
-2538
-2890
-3065
-3185
-3340
-3528
-3549
-3653
-3666
-3787
-4103
-4209
-4098
-3911
-3824
-3707
-3778
-3752
-3409
-2988
-2748
-2781
-2743
-2858
-3067
-2879
-2848
-2689
-2494
-2516
-2404
-2337
-2118
-2153
-2168
-2208
-2241
-2272
-2396
-2352
-2226
-2148
-2235
-2073
-1865
-1810
-1915
-1974
-1992
-2004
-2105
-2040
-1806
-1675
-1371
-1170
-988
-417
97
162
-42
-31
223
273
449
646
726
686
675
716
813
1018
1204
1454
1556
1581
1597
1630
1706
1789
1877
1879
1736
1772
1743
1711
1706
1560
1463
1542
1712
1467
1120
923
872
923
919
705
539
484
525
486
291
292
243
122
201
382
425
250
291
558
583
492
396
519
512
418
466
621
773
849
841
990
914
600
555
334
106
45
301
371
376
541
586
397
193
55
-99
-294
-442
-308
-63
221
113
3
73
-96
-428
-487
-511
-689
-842
-867
-823
-1070
-1343
-1358
-1336
-1472
-1367
-1493
-1582
-1299
-1270
-1312
-1244
-978
-870
-1049
-1282
-1387
-1597
-1813
-1824
-1812
-1674
-1717
-1670
-1416
-1396
-1363
-1391
-1254
-1122
-1260
-1236
-1248
-1243
-1102
-1151
-1172
-974
-900
-889
-838
-800
-795
-722
-724
-780
-780
-788
-868
-1017
-1014
-747
-595
-661
-786
-888
-878
-835
-892
-1122
-1241
-1128
-1008
-1053
-1068
-1242
-1392
-1652
-1828
-1920
-2060
-1950
-2018
-2082
-2179
-2142
-1931
-1701
-1600
-1599
-1543
-1573
-1351
-1177
-1081
-844
-692
-782
-907
-649
-405
-509
-626
-521
-476
-524
-436
-511
-678
-514
-319
-327
-512
-538
-506
-664
-851
-713
-534
-660
-709
-713
-565
-487
-540
-487
-578
-743
-701
-629
-458
-470
-379
-103
74
202
17
-294
-299
-174
-105
146
280
446
531
711
670
492
494
298
221
325
380
167
68
86
65
220
150
1
232
80
-167
-417
-614
-438
-328
-277
-84
39
-259
-276
-147
-162
-190
-316
-421
-303
-233
-370
-371
-421
-635
-733
-930
-1032
-1004
-1146
-1240
-1267
-1177
-1141
-920
-606
-322
-34
0
-252
-196
-171
-148
29
29
79
-73
-446
-857
-855
-776
-808
-972
-859
-585
-569
-626
-691
-701
-701
-547
-493
-242
42
164
151
262
461
513
796
1122
1259
1020
1126
1482
1516
1620
1834
2068
2178
2370
2382
2206
1954
1883
2024
2017
2133
2135
2136
2240
2380
2312
2234
2291
2263
2292
2444
2555
2660
2738
2393
2331
2546
2605
2460
2280
2163
2088
2242
2401
2527
2419
2277
2066
1969
1971
1752
1724
1643
1422
1301
1136
1042
1119
1233
1189
1193
1331
1302
1409
1500
1639
1840
1876
1860
1987
2046
1908
1706
1592
1593
1523
1625
1531
1311
1219
1041
864
840
825
960
1045
917
811
867
779
623
696
652
859
1002
973
1006
895
534
333
365
366
410
400
335
333
417
334
323
149
-103
-132
-51
-90
-165
-271
-516
-467
-495
-572
-366
-3
-7
-140
59
286
311
301
455
428
391
484
466
438
348
350
297
360
430
404
428
260
275
56
168
256
206
466
489
427
324
493
581
696
839
888
990
898
611
366
550
713
646
581
588
676
806
969
1056
1045
979
1210
1301
1398
1578
1481
1621
1782
1806
2028
2182
2064
2149
2108
1808
1794
2035
2204
2208
2132
1861
1594
1456
1412
1357
1138
852
622
342
222
463
631
577
502
563
454
195
255
406
261
108
157
168
243
309
296
472
480
289
261
474
502
471
510
367
191
-20
-54
-338
-381
-418
-802
-836
-926
-1103
-1183
-1259
-1274
-1099
-1126
-1097
-1217
-1315
-1121
-994
-989
-991
-918
-1195
-1246
-1269
-1644
-1971
-1879
-1876
-1817
-1644
-1630
-1629
-1779
-1624
-1368
-1489
-1748
-1885
-1940
-1875
-2030
-1835
-1604
-1662
-1720
-1655
-1532
-1534
-1241
-976
-841
-885
-681
-452
-613
-466
-290
-333
-248
-455
-486
-287
-314
-401
-302
-73
-85
-79
-150
-314
-183
75
63
180
271
74
28
246
135
-41
39
-96
-121
52
35
12
-21
-133
-130
-224
-147
79
321
550
497
133
-194
-357
-460
-577
-565
-531
-650
-845
-1000
-891
-974
-953
-911
-1114
-1012
-979
-1061
-1115
-1144
-841
-727
-737
-837
-951
-854
-1004
-1333
-1278
-995
-1103
-1155
-1111
-917
-638
-591
-426
-344
-431
-488
-593
-537
-472
-839
-1225
-1290
-1305
-1331
-1307
-1362
-1567
-1810
-1999
-2133
-2017
-1676
-1590
-1796
-1749
-1621
-1569
-1545
-1784
-1942
-1839
-1659
-1698
-1683
-1738
-1970
-1894
-1605
-1524
-1517
-1530
-1686
-1702
-1694
-1550
-1418
-1458
-1534
-1316
-917
-648
-439
-151
-172
-413
-441
-466
-388
-223
-37
241
319
150
126
203
227
-24
-207
-200
-229
-199
-197
-386
-300
-70
-192
-263
-341
-393
-349
-143
-275
-680
-711
-705
-796
-846
-916
-1034
-1124
-1475
-1618
-1289
-1171
-1271
-1208
-1274
-1231
-1156
-1173
-926
-865
-879
-590
-455
-482
-352
-197
-89
-336
-436
-406
-364
-183
-18
24
-54
-171
-240
-45
330
752
806
612
599
717
871
1127
1224
1116
1031
1062
1235
1453
1480
1360
1246
1091
935
852
764
727
834
959
810
449
207
95
-79
-263
-323
-438
-648
-759
-722
-801
-914
-1031
-1120
-1014
-905
-911
-1244
-1435
-1432
-1739
-1744
-1603
-1631
-1586
-1651
-1884
-2026
-2035
-1812
-1689
-1695
-1548
-1530
-1328
-1052
-974
-1133
-1228
-922
-417
10
72
29
-42
-167
-310
-457
-383
-376
-409
-389
-469
-630
-848
-836
-515
-55
111
-45
-69
-218
-305
3
214
60
34
256
304
342
331
373
334
-14
-191
-124
-70
-110
-207
-227
-385
-482
-214
-151
50
148
-32
-95
-121
-60
-63
19
60
47
105
234
280
429
576
362
313
324
220
252
-9
-143
-141
-335
-182
41
-33
-34
57
71
440
536
576
825
927
1083
1127
1247
1422
1554
1640
1595
1358
1165
1254
1430
1611
1760
1605
1439
1264
1226
1272
942
721
674
624
524
542
462
321
165
29
25
-256
-255
-148
-173
-261
-362
-390
-375
-281
-160
-50
-374
-574
-619
-722
-686
-615
-429
-179
-184
-327
-336
-383
-304
-230
-204
-44
-118
-193
-275
-287
-92
-76
2
-166
-383
-432
-348
-407
-418
-246
-217
-73
0
113
139
-31
-152
-115
-127
-26
-34
-238
-325
-477
-754
-1065
-1195
-1164
-1296
-1486
-1746
-2084
-2241
-2234
-2320
-2552
-2419
-2496
-2866
-2874
-2801
-2942
-2850
-2694
-2744
-2860
-2922
-2965
-3067
-2983
-3011
-2838
-2624
-2780
-2807
-2608
-2655
-2635
-2582
-2635
-2533
-2307
-2036
-2046
-2043
-1876
-1674
-1797
-1721
-1660
-1814
-1703
-1687
-1419
-1178
-1369
-1624
-1696
-1781
-1760
-1828
-2018
-1950
-1969
-2019
-1889
-1867
-2038
-2242
-2144
-2048
-2107
-2009
-1921
-1803
-1689
-1626
-1805
-2099
-2190
-2199
-2222
-2356
-2496
-2849
-3338
-3432
-3477
-3320
-3189
-3319
-3362
-3299
-3146
-3091
-2885
-2702
-2671
-2588
-2313
-2097
-1980
-1943
-2017
-1964
-1943
-2074
-2311
-2338
-2531
-2635
-2623
-2887
-2971
-3033
-3019
-3079
-3353
-3545
-3735
-3752
-3741
-3782
-3799
-4196
-4592
-4626
-4443
-4370
-4378
-4443
-4573
-4572
-4582
-4752
-4724
-4473
-4295
-4343
-4498
-4420
-4316
-4377
-4609
-4733
-4988
-5274
-5477
-5615
-5779
-5917
-5915
-5846
-5971
-6249
-6023
-5774
-5692
-5777
-5910
-5954
-5890
-5674
-5289
-4890
-4607
-4217
-3888
-3604
-3139
-2749
-2634
-2589
-2569
-2575
-2538
-2456
-2459
-2491
-2290
-2047
-1886
-1763
-1749
-1608
-1400
-1284
-1095
-967
-1241
-1595
-1736
-1818
-1967
-2001
-2138
-2295
-2368
-2396
-2289
-2318
-2066
-2024
-2320
-2392
-2364
-2468
-2450
-2337
-2230
-1870
-1808
-1889
-1887
-1940
-1968
-2031
-2181
-2342
-2488
-2545
-2482
-2383
-2155
-1924
-1765
-1554
-1378
-1310
-1339
-1664
-1966
-1835
-1756
-1829
-1968
-2066
-1991
-2355
-2728
-2833
-2852
-2778
-2802
-2782
-2515
-2047
-1673
-1379
-1328
-1464
-1497
-1305
-984
-988
-1012
-842
-891
-869
-1040
-1035
-941
-1060
-1052
-1155
-1139
-1442
-1617
-1549
-1434
-1155
-1045
-813
-694
-680
-607
-624
-752
-1088
-1133
-1086
-1199
-1228
-1173
-1213
-1515
-1548
-1578
-1627
-1426
-1266
-1238
-1224
-1231
-1112
-1011
-1095
-986
-990
-893
-780
-723
-762
-936
-841
-702
-723
-893
-702
-546
-505
-530
-583
-465
-391
-301
-277
-263
-68
151
167
322
589
760
638
509
587
679
633
644
783
625
316
55
-34
-29
-173
-376
-595
-623
-665
-649
-448
-41
295
526
878
1041
1131
1306
1371
1133
1070
1064
942
812
890
862
562
47
-388
-476
-332
-323
-432
-412
-552
-923
-1083
-1050
-1124
-1278
-1356
-1205
-1398
-1673
-1818
-1598
-1476
-1387
-1319
-1227
-1350
-1446
-998
-688
-419
-493
-401
-201
-283
-79
208
164
241
255
318
228
-14
-154
-429
-507
-496
-487
-596
-885
-1258
-1520
-1813
-1891
-1580
-1360
-1380
-1267
-1166
-1397
-1590
-1680
-1689
-1723
-1843
-2019
-1937
-1845
-1905
-1835
-1695
-1454
-1444
-1485
-1287
-813
-268
13
83
355
654
768
975
1062
1081
1137
1268
1296
1108
837
649
609
412
9
-166
-139
0
253
218
202
300
425
569
896
1126
1209
1382
1585
1871
2051
2154
2074
1905
1697
1600
1571
1409
1146
997
781
719
1088
1279
1071
990
982
967
1083
1128
1327
1505
1660
1761
1804
1826
1792
1760
1606
1495
1584
1718
1685
1491
1389
1340
1396
1574
1618
1618
1638
1775
1891
1964
2133
2150
2112
2285
2454
2305
2239
2235
1932
1784
1750
1778
1807
1824
1742
1743
1782
1686
1676
1559
1597
1512
1369
1339
1022
948
1050
829
694
747
726
771
949
1038
1304
1469
1434
1444
1608
1863
2021
2229
2522
2611
2486
2511
2566
2786
2896
2824
2832
2777
2777
3038
3366
3609
3577
3441
3535
3731
3922
4053
4026
4003
4163
4342
4283
4103
4015
4028
3922
3718
3661
3456
3029
2711
2495
2284
2327
2194
2207
2221
2150
2247
2254
2285
2296
2362
2387
2360
2266
2262
2241
2424
2591
2417
2314
2092
2061
2360
2489
2437
2428
2442
2328
2275
1985
1871
1961
1680
1520
1476
1487
1541
1715
1886
1859
1780
1804
1935
1920
2234
2584
2673
2726
2548
2431
2461
2487
2333
2212
2197
2083
2008
2123
2203
2137
2012
1858
1739
1689
1751
1779
1618
1303
1293
1373
1242
1334
1466
1486
1346
1257
1215
1204
1244
1213
1243
1127
1117
1161
1049
939
948
938
909
868
950
970
907
931
810
651
528
493
425
457
544
697
738
741
877
659
412
249
-60
-344
-433
-493
-726
-888
-1121
-1199
-1200
-1154
-1148
-1343
-1426
-1619
-1714
-1774
-1763
-1631
-1743
-1996
-2094
-2170
-2174
-2062
-2055
-2190
-2277
-1988
-1627
-1582
-1655
-1639
-1600
-1701
-1758
-1555
-1315
-953
-733
-599
-408
-568
-568
-336
-233
-352
-457
-277
-277
-435
-592
-725
-660
-464
-408
-396
-285
-429
-479
-562
-842
-856
-762
-809
-894
-846
-920
-1088
-1120
-907
-825
-902
-857
-804
-828
-761
-782
-888
-807
-718
-465
-251
-42
159
232
259
165
72
125
182
272
199
239
429
531
573
543
668
821
1065
987
1029
1079
1077
1296
1481
1469
1227
1238
1379
1528
1383
1123
1081
1059
987
1105
995
780
604
199
-16
52
232
361
319
180
134
34
83
240
302
234
-25
-243
-375
-480
-475
-540
-755
-917
-991
-1085
-1201
-1170
-1073
-1159
-1148
-985
-835
-660
-486
-118
33
67
141
131
144
262
441
533
669
576
476
544
744
1054
1164
1286
1417
1356
1435
1517
1489
1624
1600
1403
1235
1096
1096
1123
1140
1174
1065
878
592
319
59
-206
-383
-344
-153
-126
-70
-75
-49
-113
-282
-313
-327
19
350
382
476
553
534
491
516
660
839
788
718
783
784
803
738
647
764
857
778
683
632
635
721
704
612
444
311
267
185
108
144
228
268
362
459
535
621
729
822
1084
1258
1460
1503
1494
1564
1396
1272
980
664
581
647
805
807
672
486
289
324
416
528
429
375
370
293
555
782
1024
1146
1140
1215
1202
1209
1151
1311
1617
1805
1926
1830
1617
1263
1046
965
929
740
315
155
72
-127
-382
-447
-383
-443
-840
-1180
-1196
-1106
-966
-928
-703
-635
-736
-584
-455
-603
-816
-986
-1038
-868
-869
-941
-1086
-1358
-1559
-1851
-2129
-2176
-2038
-1888
-1752
-1721
-1767
-1894
-2034
-2098
-2052
-2060
-1959
-1988
-2159
-2118
-2211
-2107
-1930
-1764
-1822
-1912
-1921
-1865
-1557
-1185
-920
-1055
-1058
-850
-696
-556
-473
-521
-704
-923
-1125
-1325
-1374
-1292
-1161
-1216
-1493
-1718
-1942
-1949
-1973
-1877
-1674
-1608
-1727
-2009
-2240
-2350
-2244
-2322
-2397
-2608
-2812
-2846
-2972
-3059
-3182
-3232
-3218
-3237
-3401
-3706
-3802
-3638
-3548
-3564
-3719
-3969
-4105
-4205
-4316
-4214
-4162
-4161
-4142
-4117
-4187
-4244
-4061
-3923
-4032
-4270
-4313
-4339
-4426
-4524
-4341
-4246
-4354
-4373
-4498
-4656
-4837
-4880
-4971
-5127
-5171
-5420
-5602
-5476
-5466
-5544
-5546
-5368
-5162
-5105
-5047
-4932
-4844
-4803
-4812
-4809
-4667
-4566
-4457
-4220
-3887
-3747
-3863
-3919
-4017
-4007
-3956
-3945
-3850
-3966
-4100
-4259
-4390
-4396
-4493
-4450
-4330
-4182
-4118
-3989
-3828
-3803
-3787
-3913
-4179
-4424
-4386
-4330
-4361
-4435
-4569
-4749
-4816
-4676
-4635
-4688
-4698
-4752
-4714
-4678
-4737
-4868
-4966
-4909
-4985
-4963
-4942
-4874
-4892
-4955
-4916
-5043
-5244
-5425
-5570
-5629
-5526
-5606
-5704
-5865
-6046
-6121
-6020
-5783
-5812
-6047
-6146
-6206
-6399
-6411
-6267
-6093
-5995
-5954
-5979
-5861
-5675
-5469
-5256
-5050
-4857
-4959
-5310
-5546
-5422
-5444
-5638
-5788
-5903
-6073
-6275
-6653
-6984
-7306
-7491
-7355
-7142
-6979
-7290
-7480
-7643
-7755
-7742
-7814
-7876
-7969
-8015
-8124
-8192
-8144
-8014
-7926
-7873
-7901
-7966
-8136
-8135
-7994
-7921
-7728
-7617
-7643
-7790
-7997
-8166
-8000
-7810
-7783
-7754
-7942
-8022
-8024
-7940
-7807
-7732
-7658
-7954
-8130
-8214
-8296
-8188
-8196
-8136
-8159
-8045
-7941
-7887
-7703
-7626
-7570
-7622
-7759
-7821
-7848
-7838
-7802
-7802
-7912
-8166
-8366
-8509
-8540
-8597
-8568
-8545
-8398
-8250
-8320
-8191
-8132
-8124
-8080
-8078
-8187
-8328
-8308
-8376
-8344
-8249
-8161
-7967
-7911
-7934
-8033
-8200
-8209
-7975
-7785
-7684
-7720
-7677
-7504
-7252
-6946
-6710
-6635
-6726
-6756
-6737
-6574
-6221
-5976
-5955
-6049
-6093
-6114
-6192
-6165
-6121
-6045
-5975
-5901
-5945
-6036
-6017
-6024
-6125
-6137
-6225
-6283
-6238
-6137
-5893
-5831
-5784
-5760
-5832
-5794
-5553
-5212
-5055
-5280
-5595
-5756
-5663
-5591
-5504
-5327
-5488
-5869
-6022
-5848
-5716
-5608
-5520
-5604
-5759
-6005
-6189
-6281
-6383
-6351
-6458
-6511
-6336
-6171
-6107
-6194
-6292
-6414
-6594
-6658
-6433
-6208
-6146
-6098
-6077
-6140
-6083
-5840
-5607
-5517
-5412
-5445
-5621
-5670
-5611
-5492
-5352
-5285
-5379
-5199
-5079
-5052
-4904
-4746
-4568
-4435
-4298
-4149
-4056
-4138
-4220
-4357
-4492
-4415
-4162
-4180
-4228
-4224
-4180
-4113
-4106
-4118
-4408
-4703
-4910
-5038
-5169
-5111
-4933
-4809
-4572
-4302
-4096
-4046
-4089
-4179
-4259
-4222
-4228
-4191
-4063
-3934
-3906
-3834
-3538
-3365
-3386
-3208
-2848
-2811
-2990
-2992
-2754
-2304
-1896
-1787
-1800
-1794
-1865
-2016
-1945
-1701
-1541
-1542
-1607
-1770
-1909
-1896
-1811
-1658
-1492
-1391
-1573
-1885
-1992
-1807
-1462
-1132
-1256
-1614
-1704
-1538
-1323
-846
-312
-69
-106
-103
92
95
255
394
435
415
302
303
380
360
247
79
-57
-252
-418
-368
-376
-357
-503
-648
-714
-693
-725
-783
-584
-540
-600
-613
-607
-456
-293
-309
-416
-468
-455
-472
-466
-272
-192
-346
-375
-513
-667
-916
-1046
-980
-1043
-1113
-1178
-1141
-1133
-1180
-1317
-1382
-1292
-1279
-1331
-1380
-1522
-1535
-1548
-1563
-1629
-1701
-1528
-1249
-966
-1061
-1084
-1071
-1282
-1318
-1229
-1102
-1025
-963
-1009
-1092
-1165
-1356
-1429
-1402
-1261
-1158
-1118
-1079
-1052
-908
-840
-793
-636
-434
-404
-308
-417
-535
-508
-597
-569
-715
-798
-885
-792
-558
-494
-682
-907
-1052
-1079
-1090
-1295
-1276
-1161
-969
-1075
-1174
-985
-795
-577
-398
-199
114
273
391
596
685
811
780
628
626
848
953
831
670
759
857
905
1034
1197
1368
1408
1421
1423
1357
1287
1106
916
939
815
899
1003
1012
1057
1123
1222
1201
1225
1222
1204
1216
1363
1388
1286
1366
1636
1873
1926
1840
1694
1628
1614
1578
1617
1625
1622
1534
1391
1280
1215
1165
1071
952
661
400
287
349
422
418
372
339
116
-166
-237
-149
-59
-190
-335
-278
-60
-100
-282
-483
-577
-613
-743
-711
-723
-633
-290
-179
-157
38
296
385
347
342
202
141
175
320
563
789
1006
1117
1208
1296
1085
976
1081
1156
1134
1103
1155
1072
984
807
646
461
356
236
80
59
114
206
86
94
171
101
116
122
191
51
-214
-433
-582
-504
-455
-503
-650
-729
-857
-1105
-1406
-1675
-1601
-1512
-1779
-1917
-1963
-2045
-2270
-2421
-2273
-2246
-2100
-1993
-2048
-2032
-2010
-1994
-1884
-1883
-1852
-1749
-1781
-1896
-2094
-2173
-2209
-2415
-2427
-2285
-2273
-2159
-2209
-2265
-2144
-2097
-2059
-1923
-1590
-1399
-1391
-1159
-1005
-863
-785
-837
-991
-1144
-1231
-1447
-1446
-1611
-1813
-1916
-1983
-2037
-2209
-2305
-2349
-2417
-2429
-2393
-2546
-2701
-2613
-2427
-2300
-2102
-2136
-2155
-2023
-2024
-2213
-2505
-2444
-2333
-2174
-2115
-2155
-1985
-1993
-2124
-2139
-2094
-2016
-2212
-2693
-2953
-2929
-2723
-2706
-2691
-2577
-2663
-2853
-2962
-2782
-2648
-2668
-2662
-2488
-2339
-1988
-1469
-1144
-930
-791
-682
-626
-704
-719
-705
-871
-918
-886
-691
-630
-580
-619
-1024
-1553
-1829
-1791
-1685
-1716
-1963
-2269
-2457
-2605
-2849
-2968
-3195
-3400
-3521
-3472
-3411
-3202
-3158
-3152
-3065
-3043
-3126
-3223
-2999
-3051
-3152
-3326
-3381
-3471
-3532
-3541
-3529
-3606
-3897
-4110
-4488
-4836
-4902
-4816
-4728
-4783
-5026
-5164
-5239
-5080
-4802
-4588
-4474
-4282
-4234
-4151
-3855
-3773
-3514
-3232
-3316
-3708
-3985
-3970
-3957
-4001
-3982
-3865
-3753
-3632
-3645
-3950
-4119
-4275
-4278
-4131
-4047
-3945
-3984
-4014
-3984
-3861
-3704
-3532
-3508
-3505
-3533
-3729
-3930
-4066
-4200
-4177
-4100
-4048
-3894
-3876
-3849
-3581
-3075
-2829
-2877
-3022
-3057
-3035
-3116
-3211
-3357
-3386
-3528
-3628
-3488
-3514
-3522
-3507
-3564
-3468
-3214
-2948
-2911
-2822
-2682
-2638
-2459
-2052
-1880
-1721
-1538
-1675
-1880
-1857
-1640
-1489
-1117
-907
-797
-738
-755
-634
-520
-406
-116
143
67
-88
-269
-178
-71
20
324
289
60
272
565
693
753
559
448
379
392
513
584
817
978
802
580
625
698
619
601
507
240
-58
-166
-230
-562
-978
-1071
-1106
-1237
-1330
-1494
-1614
-1873
-2077
-2103
-2024
-1755
-1472
-1306
-1147
-1253
-1241
-921
-764
-785
-921
-995
-885
-672
-701
-786
-881
-929
-1050
-1183
-1292
-1555
-1574
-1559
-1534
-1552
-1563
-1469
-1465
-1429
-1464
-1465
-1453
-1460
-1340
-1383
-1766
-2120
-2331
-2397
-2439
-2658
-2740
-2870
-2883
-2651
-2463
-2197
-1798
-1527
-1552
-1593
-1771
-1910
-1954
-1835
-1768
-1818
-1756
-1803
-1838
-1873
-1894
-2130
-2232
-2244
-2322
-2305
-2230
-2009
-1863
-1914
-1764
-1549
-1332
-1049
-970
-891
-853
-735
-707
-477
-225
-316
-359
-249
-251
-341
-366
-516
-712
-807
-853
-904
-931
-1026
-1091
-1076
-1024
-1205
-1306
-1114
-1015
-1050
-900
-731
-691
-426
-15
217
178
207
251
421
670
781
948
1026
1106
1163
1004
1045
1331
1445
1405
1357
1559
1603
1655
1969
2174
2250
2354
2720
2866
2786
2587
2330
2079
1987
1910
1892
1793
1498
1224
749
513
463
491
524
491
333
176
81
57
20
38
240
261
258
537
842
1061
1345
1664
1930
2092
2134
2008
1882
1609
1468
1456
1575
1659
1632
1688
1625
1730
1954
2180
2310
2303
2339
2287
2200
2349
2256
2264
2226
2129
1943
1688
1742
1587
1441
1341
1404
1299
1216
1241
1193
1126
900
764
784
693
485
303
340
402
337
432
492
553
686
629
573
760
636
669
815
745
683
755
865
972
1100
1174
1217
1195
1302
1167
1122
1308
1444
1429
1383
1331
1129
780
674
817
692
428
132
251
174
-62
-14
152
465
612
751
804
942
1029
1121
1225
1490
1698
1517
1496
1529
1486
1372
1466
1672
1801
1844
1892
1926
1993
2103
2373
2844
2893
2797
3010
3022
2973
3108
3263
3419
3237
3315
3481
3430
3439
3513
3554
3653
3624
3485
3685
3644
3463
3297
3179
2939
2759
2684
2694
2733
2575
2279
2191
2375
2320
2390
2432
2297
2073
2018
1946
1865
1796
1785
1955
1979
2219
2326
2229
2340
2414
2340
2216
2137
2066
2059
2295
2516
2655
2715
2838
2941
3125
3483
3885
4310
4526
4630
4729
5013
5196
5112
5187
5331
5201
4881
4837
4831
4698
4511
4250
3976
3670
3607
3356
3097
2829
2597
2330
2012
1966
1976
1798
1582
1408
1126
1065
1012
1008
986
859
442
324
291
-4
-95
-144
-418
-707
-690
-844
-831
-687
-566
-485
-509
-562
-616
-419
-123
121
281
233
199
417
373
230
385
527
482
383
284
-33
-230
-343
-606
-611
-614
-716
-766
-838
-838
-1028
-1192
-1163
-1367
-1580
-1592
-1619
-1608
-1559
-1579
-1531
-1348
-1097
-894
-794
-730
-602
-720
-864
-879
-913
-877
-851
-762
-797
-823
-941
-1012
-971
-747
-443
-411
-185
-70
78
311
165
125
422
715
829
1055
1127
1268
1509
1446
1584
1729
1794
1909
2040
2173
2217
2382
2407
2435
2660
2562
2437
2680
3053
3292
3376
3620
3781
3655
3676
3579
3477
3496
3460
3446
3228
3118
2980
3053
3363
3346
3620
3724
3575
3667
3739
3741
3786
4095
4113
3857
3811
3725
3585
3673
3463
3019
3002
3053
2921
2931
2866
2568
2321
2238
2026
1795
1782
1612
1518
1400
1106
964
911
735
803
961
839
843
856
786
838
926
917
878
729
609
661
736
816
674
623
746
752
777
1072
1391
1545
1576
1453
1622
1530
1332
1330
1245
1211
1198
1300
1309
1080
1034
1076
790
746
918
939
976
695
303
151
-163
-341
-282
-495
-704
-827
-974
-854
-682
-442
-356
-368
-236
-251
-408
-254
-20
-194
-229
-302
-370
-287
-296
-308
-284
-342
-419
-473
-454
-222
-115
-100
-126
-138
-51
63
182
246
277
341
553
638
578
395
176
166
281
240
389
656
549
528
462
635
1027
1265
1397
1346
1352
1542
1627
1878
2171
2209
2276
2356
2312
2090
1948
1846
1919
1852
1661
1537
1479
1619
1551
1344
1314
1142
996
961
1104
1328
1427
1681
1923
1925
1768
1606
1588
1802
1887
1746
1484
1422
1223
1104
1005
576
278
38
-253
-211
117
148
179
150
-17
57
387
774
973
1074
1190
1120
1085
1163
1236
1409
1388
1144
983
878
708
754
870
796
865
996
1030
1162
1301
1340
1407
1363
1434
1683
1935
1961
2016
1924
1556
1347
1245
1270
1050
634
396
304
278
362
388
355
57
-133
-343
-354
-291
-278
-224
-480
-582
-732
-649
-636
-542
-536
-842
-960
-1028
-963
-606
-411
-452
-339
-193
-150
-145
-159
-353
-384
-358
-269
-149
68
178
26
95
90
82
199
229
212
233
306
617
699
628
631
672
908
803
737
746
667
660
631
413
172
370
617
775
896
852
749
697
773
815
811
1040
1217
1143
1076
958
917
1064
1158
1239
1300
1228
1152
1276
1365
1391
1630
1793
2021
2334
2348
2415
2463
2595
2895
3061
3177
3258
3209
3120
3176
3263
3256
3237
3329
3244
3037
2919
2874
2880
3025
3127
3141
3206
3082
2933
2891
2807
2750
2687
2586
2547
2510
2488
2279
2142
2253
2220
2339
2588
2444
2382
2369
2360
2367
2292
2386
2261
2375
2352
2148
2099
1935
2033
2256
2501
2536
2424
2299
1999
1994
2170
2332
2452
2440
2516
2526
2689
2689
2695
3007
3233
3407
3491
3603
3648
3534
3382
3364
3403
3350
3287
3124
2886
2625
2628
2750
2446
2367
2447
2320
2149
2080
1925
1752
1630
1337
1329
1266
978
751
740
730
671
720
647
663
657
513
340
256
314
393
556
657
672
648
760
1023
1270
1235
1003
1008
1052
1138
1292
1324
1303
1153
916
786
831
990
1212
1378
1343
1393
1436
1388
1408
1431
1349
1230
1232
1375
1347
1423
1527
1488
1388
1377
1666
1882
2025
1927
1950
1982
1964
2051
2377
2631
2713
2834
3015
3129
2884
2952
3142
3116
3009
3122
3212
3174
3079
3027
2915
2815
2826
2858
2751
2578
2532
2473
2673
2728
2866
2828
2737
2781
2818
2881
2948
3063
3104
2943
2783
2796
2482
2316
2277
2151
1943
1791
1644
1738
1854
1686
1672
1675
1543
1535
1673
1760
1852
2023
2350
2331
2250
2202
2017
1944
1818
1734
1649
1669
1576
1287
1197
979
754
601
465
308
74
50
59
49
-12
-259
-369
-312
-137
69
297
513
506
691
864
881
1060
1195
1091
1077
825
529
457
505
306
-205
-542
-849
-916
-1112
-1278
-1337
-1472
-1496
-1431
-1418
-1330
-1368
-1450
-1306
-1017
-856
-787
-577
-568
-557
-397
-40
177
279
334
230
173
238
295
511
642
366
28
-91
60
35
8
278
397
359
327
313
215
17
-123
-171
-118
-227
-362
-390
-493
-703
-621
-503
-524
-511
-582
-575
-485
-373
-273
-35
105
42
159
346
475
516
465
524
587
481
324
325
309
382
483
406
328
356
402
608
646
485
644
808
934
932
902
810
723
958
1178
1315
1545
1637
1501
1391
1396
1421
1543
1812
1803
1734
1737
1694
1754
1751
1788
1837
1733
1479
1197
1074
940
779
530
318
207
44
108
215
339
449
457
308
217
378
488
413
291
402
610
709
980
1426
1597
1717
1862
2011
1990
1927
2032
2179
2182
2067
2191
2325
2314
2317
2255
2061
1902
1832
1831
1665
1681
1784
1609
1497
1239
1019
1041
1108
1182
1077
1034
993
844
779
725
588
380
189
149
255
303
281
312
367
287
156
98
178
14
-135
-136
-303
-376
-392
-389
-267
-266
-408
-502
-592
-766
-998
-1090
-1031
-989
-1150
-1187
-1165
-1257
-1308
-1224
-1175
-1288
-1372
-1177
-928
-799
-654
-532
-375
-326
-338
-454
-590
-769
-907
-873
-801
-651
-510
-641
-579
-524
-595
-493
-296
-303
-610
-714
-958
-1180
-1295
-1137
-1093
-1159
-1081
-909
-834
-896
-830
-958
-1054
-1066
-888
-850
-947
-1097
-1264
-1435
-1447
-1416
-1354
-1283
-1434
-1558
-1721
-1921
-2263
-2410
-2427
-2483
-2605
-2821
-3023
-3031
-2987
-2981
-3096
-3276
-3243
-3096
-2799
-2593
-2521
-2595
-2785
-2998
-3100
-3115
-3153
-3253
-3365
-3362
-3176
-3079
-3023
-2769
-2544
-2369
-2331
-2180
-2057
-1995
-1908
-1975
-1955
-1858
-1744
-1601
-1542
-1538
-1576
-1510
-1433
-1509
-1523
-1611
-1779
-2099
-2369
-2482
-2695
-2913
-3063
-3159
-3257
-3526
-3650
-3571
-3542
-3555
-3616
-3620
-3641
-3746
-3708
-3565
-3461
-3364
-3373
-3417
-3532
-3480
-3418
-3331
-3183
-3235
-3282
-3316
-3264
-3207
-3375
-3472
-3345
-3322
-3202
-2915
-2676
-2471
-2297
-2313
-2252
-2091
-2268
-2367
-2494
-2635
-2569
-2288
-2090
-2216
-2184
-2160
-2219
-2227
-2122
-2091
-2132
-2188
-2101
-1985
-1993
-2071
-2222
-2136
-2075
-2010
-1968
-1994
-2001
-2055
-2108
-2057
-1905
-1795
-1737
-1715
-1687
-1819
-1994
-1990
-1792
-1746
-1778
-1870
-2096
-2337
-2538
-2606
-2567
-2452
-2522
-2550
-2583
-2483
-2251
-2012
-1786
-1599
-1582
-1522
-1378
-1299
-1085
-943
-767
-693
-520
-381
-228
117
374
395
548
744
738
786
745
650
568
603
700
947
1209
1366
1363
1275
1236
1205
1288
1430
1433
1484
1696
2077
2447
2537
2563
2444
2350
2304
2298
2515
2706
2680
2560
2449
2426
2503
2521
2580
2640
2526
2434
2439
2431
2379
2265
2184
2197
2208
2268
2348
2377
2369
2296
2212
2194
2041
1788
1571
1487
1490
1353
1301
1249
1182
1064
1060
1203
1247
1288
1245
1259
1482
1696
1892
2222
2415
2370
2477
2743
2895
3011
3091
2962
2825
2684
2473
2441
2460
2542
2513
2454
2486
2415
2256
2101
1941
1810
1819
1844
1781
1779
1890
1882
1891
1928
2015
2085
2007
1909
1890
1922
1897
1943
2055
2193
2204
2037
1834
1635
1528
1387
1275
1082
803
632
537
519
559
585
509
416
254
134
66
44
-13
-51
63
122
222
375
380
268
194
223
259
252
309
254
262
418
496
505
582
774
744
653
570
342
121
-60
-60
0
74
183
173
104
-38
-228
-177
-6
126
107
-59
-174
-385
-435
-303
-205
-172
-156
-247
-402
-449
-444
-329
-148
77
163
155
170
201
317
463
516
368
235
252
316
470
694
701
585
515
425
409
524
727
771
714
614
483
453
504
544
577
624
592
548
574
745
950
1064
1087
1076
954
711
592
562
463
339
300
324
309
265
177
14
-63
-162
-188
-193
-249
-207
-247
-286
-365
-362
-251
-193
-130
-94
5
141
238
467
646
693
698
684
697
735
809
885
793
568
446
316
150
-14
59
123
99
139
153
43
-143
-169
-197
-276
-270
-257
-390
-428
-491
-577
-668
-749
-725
-657
-540
-506
-427
-397
-445
-471
-453
-432
-390
-386
-448
-371
-250
-79
105
221
353
505
651
774
842
866
904
973
1145
1282
1356
1456
1384
1321
1450
1643
1893
2003
2020
2129
2120
2096
2201
2294
2295
2167
2015
1868
1788
1781
1947
2203
2402
2463
2359
2296
2233
2189
2186
2156
1993
1780
1592
1458
1327
1217
1253
1308
1411
1486
1530
1560
1523
1452
1311
1195
1248
1299
1237
1210
1146
1110
1093
1155
1271
1396
1449
1349
1181
998
879
814
933
1085
1149
1188
1165
1165
1218
1258
1266
1158
1142
1270
1383
1473
1667
1874
1954
1959
1944
1908
1807
1720
1627
1530
1440
1498
1520
1426
1341
1295
1236
1135
1035
1013
1038
967
859
796
826
850
873
944
967
956
919
804
713
635
530
508
567
641
633
592
675
652
588
551
343
31
-232
-371
-365
-203
-154
-117
-31
-34
-98
-235
-345
-534
-743
-849
-973
-1130
-1302
-1476
-1636
-1723
-1720
-1793
-1878
-1884
-1950
-2008
-1933
-1852
-1755
-1643
-1598
-1696
-1861
-1968
-2057
-2100
-2071
-2016
-2070
-2030
-1996
-2013
-1941
-1867
-1784
-1664
-1498
-1479
-1616
-1821
-1996
-2123
-2139
-2126
-2188
-2213
-2288
-2339
-2382
-2467
-2476
-2578
-2753
-3041
-3324
-3518
-3659
-3767
-3842
-3872
-3898
-3892
-3830
-3603
-3385
-3148
-2966
-2852
-2875
-2989
-3067
-3091
-3105
-3133
-3139
-3247
-3307
-3329
-3231
-3091
-2995
-2841
-2799
-2756
-2712
-2739
-2626
-2455
-2286
-2130
-2030
-1864
-1711
-1725
-1780
-1787
-1709
-1549
-1480
-1454
-1300
-1203
-1252
-1290
-1384
-1531
-1609
-1668
-1750
-1831
-1967
-2096
-2191
-2218
-2285
-2350
-2283
-2300
-2354
-2370
-2457
-2602
-2688
-2725
-2700
-2625
-2605
-2686
-2731
-2643
-2596
-2479
-2323
-2218
-2129
-2128
-2183
-2256
-2197
-2156
-2047
-1809
-1563
-1400
-1340
-1327
-1269
-1107
-974
-945
-938
-901
-962
-898
-817
-740
-709
-789
-824
-830
-893
-922
-1002
-1137
-1258
-1353
-1250
-1123
-965
-860
-840
-895
-936
-877
-866
-868
-792
-782
-715
-555
-437
-277
-77
31
-10
8
52
106
194
201
159
144
182
127
102
237
411
506
627
682
598
520
450
447
451
492
425
266
48
-55
-41
-6
23
94
138
95
120
1
-36
-98
-280
-510
-693
-751
-731
-659
-641
-737
-865
-953
-1012
-996
-966
-865
-776
-681
-556
-471
-497
-538
-543
-483
-349
-211
-82
-31
34
127
239
293
333
306
217
173
167
200
211
216
150
104
40
-81
-197
-277
-276
-209
-24
118
111
34
-79
-133
-84
-32
-20
33
82
98
173
233
218
318
463
449
344
301
273
257
400
592
749
805
831
801
712
658
697
831
879
951
1031
1103
1097
1004
1036
1172
1234
1287
1364
1389
1463
1469
1494
1530
1502
1508
1555
1640
1833
1974
1968
2011
2036
2078
2093
2057
2054
2058
2116
2236
2294
2384
2470
2411
2284
2143
2074
2110
2191
2346
2485
2513
2505
2413
2327
2239
2206
2218
2174
2098
2013
2012
2135
2298
2424
2515
2494
2374
2286
2163
2093
2158
2213
2256
2279
2205
2092
2059
2024
1955
1910
1804
1661
1591
1553
1589
1699
1898
2211
2392
2423
2522
2540
2554
2634
2645
2606
2514
2504
2506
2497
2539
2630
2740
2882
2980
3067
3184
3167
3082
3037
3053
3095
3187
3150
3081
3000
2835
2657
2460
2253
2010
1779
1561
1510
1623
1818
1974
2007
1942
1822
1780
1809
1887
1927
1961
1985
1934
1945
1889
1791
1749
1767
1829
1902
1979
2055
2085
2048
1922
1712
1645
1588
1505
1417
1282
1279
1368
1426
1411
1326
1246
1193
1157
1153
1172
1174
1285
1449
1551
1614
1538
1390
1321
1315
1419
1517
1567
1553
1459
1363
1230
1134
1066
1043
1069
1160
1210
1237
1205
1120
1044
1064
1099
1059
1063
1116
1191
1250
1290
1236
1211
1112
979
870
772
729
702
657
522
388
252
193
219
296
432
587
747
801
770
580
366
151
-144
-319
-501
-760
-934
-1071
-1224
-1280
-1237
-1169
-1152
-1117
-1095
-1082
-973
-824
-743
-630
-560
-565
-617
-620
-596
-621
-524
-408
-247
-151
-100
-133
-219
-323
-510
-606
-653
-724
-819
-914
-1001
-1085
-1102
-1119
-1289
-1470
-1618
-1757
-1772
-1728
-1656
-1618
-1611
-1550
-1517
-1505
-1551
-1557
-1489
-1372
-1242
-1105
-1001
-1061
-1213
-1310
-1330
-1290
-1129
-946
-798
-625
-345
-158
8
209
346
524
639
699
779
858
935
1020
1045
984
874
787
770
807
926
1036
1115
1233
1250
1179
1133
1140
1120
1115
1105
1026
942
868
863
944
1040
1084
1120
1175
1336
1536
1796
2064
2243
2401
2488
2533
2568
2597
2601
2593
2705
2893
2958
2850
2677
2543
2513
2633
2800
3007
3129
3107
2967
2864
2865
2864
2892
2843
2699
2592
2495
2389
2387
2449
2574
2620
2573
2502
2409
2319
2279
2282
2289
2217
2003
1786
1599
1472
1363
1237
1071
876
719
615
487
333
203
90
39
4
36
69
135
257
298
332
342
387
426
433
451
472
507
563
588
563
629
664
689
665
568
574
589
639
754
792
706
593
459
283
110
4
-125
-272
-423
-662
-934
-1135
-1238
-1375
-1400
-1389
-1379
-1402
-1438
-1405
-1420
-1454
-1493
-1508
-1549
-1635
-1734
-1857
-1964
-2020
-2101
-2211
-2317
-2454
-2626
-2716
-2731
-2732
-2789
-2873
-2980
-3078
-3208
-3325
-3378
-3400
-3396
-3390
-3345
-3356
-3417
-3544
-3615
-3718
-3838
-3950
-4054
-4117
-4195
-4233
-4298
-4339
-4348
-4375
-4486
-4579
-4630
-4729
-4866
-4849
-4713
-4620
-4540
-4534
-4563
-4499
-4393
-4263
-4189
-4174
-4109
-4130
-4104
-4080
-4078
-4012
-3928
-3806
-3696
-3574
-3466
-3506
-3685
-3846
-4007
-4140
-4232
-4319
-4455
-4580
-4572
-4536
-4363
-4131
-3981
-3866
-3834
-3730
-3547
-3316
-3056
-2801
-2658
-2578
-2453
-2359
-2295
-2265
-2214
-2149
-2087
-1993
-1877
-1737
-1592
-1505
-1564
-1632
-1683
-1759
-1714
-1623
-1487
-1423
-1355
-1315
-1365
-1337
-1264
-1309
-1412
-1527
-1695
-1731
-1711
-1743
-1833
-1847
-1885
-1971
-2014
-2051
-2099
-2070
-1961
-1821
-1600
-1427
-1176
-1039
-1081
-1113
-1104
-997
-865
-687
-526
-445
-376
-255
-113
65
214
337
326
287
372
485
571
542
549
556
594
674
855
1048
1093
1165
1242
1355
1428
1458
1474
1523
1657
1865
2062
2208
2383
2539
2708
2827
2957
3057
3100
3165
3313
3538
3713
3744
3701
3679
3609
3545
3579
3563
3429
3255
3102
2919
2758
2709
2616
2431
2157
1922
1710
1517
1371
1253
1161
1012
869
668
424
208
-21
-241
-461
-587
-709
-858
-970
-1055
-1115
-1264
-1499
-1872
-2284
-2681
-3055
-3260
-3298
-3261
-3259
-3349
-3554
-3756
-3845
-3859
-3883
-3896
-3915
-4085
-4310
-4372
-4293
-4295
-4309
-4334
-4400
-4454
-4560
-4706
-4866
-4990
-5026
-4973
-4947
-4913
-4803
-4704
-4664
-4720
-4823
-4882
-4886
-4915
-5031
-5059
-5019
-4957
-4872
-4758
-4601
-4435
-4365
-4382
-4407
-4457
-4449
-4488
-4429
-4320
-4222
-4031
-3923
-3865
-3792
-3744
-3680
-3647
-3677
-3676
-3614
-3460
-3268
-3145
-3195
-3336
-3413
-3362
-3279
-3306
-3321
-3245
-3117
-3024
-3020
-3054
-3059
-3108
-3118
-3075
-3103
-3176
-3362
-3581
-3791
-3935
-4024
-4124
-4236
-4403
-4538
-4687
-4837
-5006
-5138
-5176
-5181
-5150
-5075
-4985
-4868
-4782
-4689
-4515
-4286
-4122
-4126
-4139
-4104
-3930
-3701
-3418
-3093
-2860
-2658
-2549
-2492
-2446
-2490
-2438
-2329
-2340
-2390
-2316
-2074
-1776
-1515
-1247
-974
-759
-597
-486
-397
-401
-332
-187
-31
97
135
123
45
-21
-87
-137
-89
45
120
167
205
251
382
537
706
823
835
728
641
644
765
1004
1216
1312
1371
1404
1489
1695
2039
2408
2583
2728
2746
2740
2838
2883
2857
2853
2907
2847
2790
2827
2877
2956
2994
2912
2793
2741
2703
2699
2693
2779
2900
2947
3021
3008
2925
2777
2677
2714
2831
2962
3030
2996
2939
2998
3148
3291
3404
3441
3421
3444
3479
3464
3451
3506
3486
3456
3452
3450
3481
3456
3396
3380
3427
3573
3705
3719
3723
3736
3806
3877
4036
4097
4025
3965
3886
3896
3909
3941
3966
3968
4005
4081
4197
4210
4151
4172
4146
4103
4072
4094
4192
4328
4463
4572
4702
4756
4688
4587
4342
4126
3941
3729
3661
3629
3650
3592
3505
3341
3176
3061
2957
2809
2658
2522
2369
2287
2168
2065
1958
1789
1560
1339
1037
785
611
432
225
3
-126
-200
-257
-321
-487
-602
-544
-516
-531
-574
-628
-688
-761
-954
-1139
-1230
-1262
-1305
-1429
-1549
-1656
-1715
-1743
-1783
-1866
-1933
-2073
-2303
-2591
-2841
-2990
-3090
-3128
-3122
-3117
-3127
-3114
-2995
-2833
-2758
-2684
-2721
-2798
-2871
-2991
-3157
-3373
-3571
-3732
-3699
-3632
-3534
-3468
-3490
-3465
-3505
-3576
-3641
-3697
-3776
-3788
-3817
-3878
-3950
-4000
-4055
-4027
-3929
-3976
-4040
-4085
-4037
-3952
-3837
-3730
-3737
-3849
-4016
-4117
-4178
-4191
-4094
-4028
-4067
-4141
-4191
-4139
-3988
-3910
-3964
-4095
-4230
-4391
-4531
-4627
-4680
-4647
-4691
-4738
-4806
-4824
-4803
-4745
-4606
-4485
-4351
-4227
-4078
-3904
-3766
-3731
-3795
-3986
-4211
-4380
-4471
-4434
-4363
-4301
-4253
-4217
-4195
-4205
-4109
-3899
-3612
-3407
-3413
-3421
-3405
-3403
-3421
-3459
-3429
-3289
-3073
-2930
-2839
-2804
-2809
-2827
-2891
-2936
-2952
-2897
-2890
-2840
-2761
-2664
-2716
-2946
-3125
-3276
-3273
-3249
-3174
-3151
-3087
-2955
-2941
-2926
-3009
-3146
-3350
-3576
-3693
-3726
-3707
-3720
-3740
-3739
-3864
-3986
-4033
-4057
-3969
-3766
-3498
-3366
-3321
-3301
-3233
-3185
-3088
-2925
-2872
-2814
-2869
-3049
-3278
-3453
-3465
-3310
-3076
-2930
-3012
-3149
-3311
-3464
-3607
-3690
-3606
-3456
-3306
-3189
-3039
-2860
-2566
-2233
-1962
-1833
-1860
-1937
-2052
-2237
-2450
-2575
-2602
-2686
-2854
-2997
-3137
-3288
-3448
-3674
-3934
-4241
-4474
-4574
-4594
-4573
-4500
-4373
-4326
-4390
-4644
-4971
-5406
-5760
-5946
-5962
-5781
-5566
-5337
-5198
-5160
-5200
-5271
-5263
-5261
-5339
-5462
-5491
-5321
-5175
-4913
-4710
-4634
-4566
-4573
-4666
-4877
-5055
-5197
-5209
-5094
-4920
-4782
-4783
-4813
-4789
-4843
-4916
-4969
-4994
-4981
-5009
-5128
-5305
-5352
-5352
-5327
-5328
-5314
-5285
-5332
-5406
-5546
-5537
-5536
-5554
-5464
-5340
-5141
-5059
-5076
-5076
-4996
-4824
-4607
-4427
-4353
-4281
-4175
-4070
-3931
-3813
-3722
-3647
-3686
-3767
-3851
-3861
-3815
-3852
-3852
-3801
-3707
-3485
-3313
-3274
-3254
-3288
-3244
-3166
-3083
-3007
-3038
-3028
-3034
-3153
-3249
-3309
-3367
-3384
-3469
-3626
-3811
-3972
-4140
-4229
-4311
-4438
-4536
-4617
-4674
-4755
-4716
-4607
-4556
-4547
-4625
-4735
-4848
-4901
-4890
-4952
-4989
-5044
-5010
-4992
-5077
-5115
-5124
-5122
-5225
-5189
-5109
-5102
-4995
-4710
-4434
-4294
-4200
-4189
-4113
-4016
-3998
-3962
-3968
-3914
-3767
-3694
-3645
-3559
-3390
-3238
-3055
-2936
-2962
-2991
-2899
-2678
-2429
-2284
-2276
-2319
-2352
-2298
-2147
-1988
-1945
-1876
-1742
-1540
-1402
-1204
-1005
-832
-632
-551
-389
-262
-220
-281
-348
-319
-227
-78
-69
-166
-228
-311
-343
-288
-227
-226
-309
-436
-572
-681
-819
-1047
-1278
-1564
-1759
-1754
-1704
-1736
-1812
-1878
-2067
-2306
-2478
-2616
-2687
-2687
-2720
-2686
-2730
-2783
-2861
-2956
-2943
-2883
-2817
-2706
-2472
-2242
-2117
-2036
-1993
-2087
-2204
-2336
-2378
-2428
-2487
-2629
-2907
-3099
-3268
-3541
-3847
-4169
-4500
-4806
-5049
-5142
-5218
-5245
-5219
-5233
-5281
-5232
-5239
-5336
-5399
-5351
-5152
-4909
-4615
-4449
-4457
-4615
-4812
-4890
-4779
-4617
-4486
-4253
-4069
-3833
-3630
-3666
-3836
-3913
-3910
-3854
-3684
-3532
-3446
-3440
-3487
-3639
-3601
-3595
-3604
-3462
-3487
-3561
-3663
-3698
-3703
-3665
-3609
-3658
-3786
-3919
-4100
-4344
-4597
-4900
-5109
-5147
-5166
-5252
-5276
-5306
-5516
-5715
-5753
-5738
-5727
-5658
-5600
-5566
-5562
-5594
-5513
-5386
-5343
-5438
-5454
-5389
-5405
-5457
-5453
-5453
-5453
-5378
-5406
-5527
-5517
-5345
-5124
-4930
-4862
-4859
-4916
-4948
-5016
-5061
-5032
-5141
-5136
-5077
-5266
-5514
-5646
-5711
-5814
-5983
-6185
-6424
-6603
-6793
-6961
-6953
-6996
-7007
-6865
-6796
-6781
-6714
-6770
-6865
-6852
-6754
-6652
-6713
-6693
-6618
-6516
-6357
-6234
-6122
-6075
-6006
-5909
-5822
-5801
-5869
-5803
-5715
-5628
-5556
-5473
-5316
-5203
-5008
-4835
-4727
-4673
-4655
-4742
-4887
-4945
-4831
-4668
-4637
-4795
-5139
-5363
-5507
-5554
-5432
-5218
-4942
-4752
-4643
-4623
-4724
-4895
-5104
-5365
-5508
-5528
-5518
-5419
-5389
-5355
-5401
-5466
-5469
-5430
-5285
-5293
-5359
-5353
-5289
-5338
-5323
-5228
-5332
-5430
-5527
-5593
-5532
-5568
-5664
-5802
-5876
-5725
-5548
-5415
-5378
-5373
-5472
-5573
-5555
-5472
-5336
-5282
-5288
-5268
-5219
-5054
-4899
-4680
-4385
-4285
-4344
-4389
-4340
-4300
-4191
-4159
-4183
-4188
-4110
-4012
-4148
-4252
-4164
-4146
-4195
-4181
-4128
-4102
-3985
-3893
-3692
-3457
-3540
-3552
-3505
-3431
-3333
-3273
-3338
-3413
-3500
-3599
-3595
-3567
-3577
-3721
-3838
-3948
-4178
-4479
-4740
-4957
-5028
-5029
-5002
-5152
-5352
-5452
-5572
-5585
-5684
-5795
-5922
-6134
-6308
-6409
-6419
-6350
-6291
-6400
-6499
-6469
-6478
-6444
-6499
-6584
-6614
-6691
-6547
-6350
-6183
-6089
-6086
-6158
-6434
-6741
-6922
-6919
-6888
-6831
-6739
-6648
-6675
-6896
-7119
-7322
-7483
-7595
-7718
-7841
-7937
-8043
-8111
-8207
-8311
-8339
-8381
-8435
-8480
-8437
-8403
-8378
-8351
-8388
-8455
-8481
-8399
-8422
-8405
-8290
-8202
-8214
-8342
-8323
-8345
-8509
-8592
-8547
-8629
-8761
-8685
-8586
-8602
-8580
-8524
-8623
-8702
-8679
-8526
-8334
-8285
-8208
-8159
-8179
-8015
-7706
-7438
-7261
-7076
-6853
-6671
-6477
-6334
-6233
-6233
-6315
-6359
-6408
-6506
-6677
-6758
-6773
-6832
-6849
-6946
-7210
-7487
-7595
-7487
-7348
-7144
-6881
-6572
-6497
-6526
-6372
-6384
-6411
-6396
-6438
-6525
-6670
-6893
-7017
-7062
-7197
-7246
-7282
-7447
-7441
-7349
-7278
-7184
-7158
-7181
-7359
-7460
-7424
-7309
-7157
-7037
-6927
-6906
-6996
-7098
-7164
-7125
-6958
-6762
-6664
-6724
-6875
-6968
-6869
-6727
-6608
-6437
-6217
-6141
-6171
-6192
-6337
-6464
-6484
-6480
-6466
-6486
-6411
-6287
-6235
-6197
-6135
-6088
-6099
-6160
-6136
-5952
-5742
-5585
-5543
-5550
-5662
-5846
-5962
-5887
-5771
-5646
-5609
-5638
-5526
-5402
-5299
-5207
-4965
-4825
-4823
-4961
-5144
-5295
-5423
-5531
-5623
-5482
-5329
-5349
-5405
-5540
-5648
-5578
-5420
-5194
-5162
-5108
-4993
-5030
-5036
-5061
-5149
-5316
-5598
-5663
-5615
-5590
-5600
-5661
-5746
-5894
-6030
-6121
-6070
-6021
-6028
-6104
-6245
-6326
-6181
-5961
-5869
-5824
-5822
-5831
-5771
-5864
-5829
-5741
-5817
-5937
-6092
-6222
-6362
-6446
-6477
-6488
-6558
-6582
-6719
-6898
-6972
-6988
-7035
-7137
-7100
-7000
-7010
-6988
-6971
-6946
-6872
-6705
-6662
-6810
-7018
-7232
-7322
-7390
-7294
-7238
-7277
-7302
-7308
-7352
-7321
-7241
-7245
-7326
-7338
-7251
-7179
-7021
-7007
-6991
-6802
-6603
-6451
-6514
-6452
-6366
-6483
-6460
-6413
-6367
-6396
-6424
-6463
-6511
-6550
-6800
-6930
-6790
-6537
-6334
-6296
-6404
-6575
-6612
-6633
-6773
-6867
-6824
-6834
-6966
-7103
-7162
-7128
-7057
-6987
-6918
-6902
-6860
-6896
-6845
-6617
-6557
-6619
-6805
-7037
-7161
-7234
-7352
-7491
-7495
-7419
-7352
-7317
-7575
-7862
-8018
-8120
-8088
-7937
-7893
-7975
-7906
-7776
-7624
-7488
-7332
-7068
-6907
-6727
-6538
-6422
-6164
-5854
-5654
-5718
-5700
-5651
-5510
-5311
-5417
-5358
-5375
-5601
-5655
-5636
-5555
-5586
-5838
-6097
-6266
-6397
-6424
-6243
-6051
-5771
-5519
-5368
-5216
-5331
-5384
-5241
-4993
-4713
-4442
-4298
-4442
-4597
-4754
-4838
-4784
-4626
-4516
-4536
-4661
-4789
-4832
-4872
-4848
-4879
-4947
-5010
-5135
-5267
-5337
-5326
-5306
-5356
-5501
-5633
-5774
-5749
-5405
-5143
-4855
-4448
-4227
-4056
-3823
-3595
-3371
-3185
-3003
-2746
-2599
-2535
-2377
-2114
-1946
-1816
-1563
-1374
-1273
-1227
-1125
-1110
-1160
-1050
-1175
-1313
-1362
-1543
-1616
-1722
-1891
-1989
-2001
-2029
-2029
-2050
-2071
-2028
-1976
-2105
-2241
-2255
-2472
-2654
-2747
-2898
-3071
-3121
-3212
-3169
-3131
-3323
-3482
-3729
-3956
-4067
-4068
-4192
-4300
-4347
-4482
-4716
-5041
-5137
-5227
-5424
-5437
-5392
-5366
-5533
-5624
-5439
-5253
-5100
-5049
-5084
-5158
-5068
-4982
-4908
-4723
-4417
-4182
-4130
-4084
-4180
-4308
-4332
-4199
-3826
-3511
-3278
-3175
-3326
-3383
-3326
-3316
-3476
-3580
-3636
-3640
-3552
-3509
-3526
-3629
-3697
-3663
-3771
-3928
-3859
-3862
-3794
-3612
-3499
-3420
-3377
-3333
-3268
-3178
-3155
-3129
-3152
-3127
-3035
-3061
-3107
-3254
-3376
-3478
-3474
-3338
-3206
-3108
-2925
-2851
-2884
-2652
-2397
-2199
-2069
-1934
-1847
-1633
-1396
-1411
-1362
-1240
-1226
-1167
-979
-820
-878
-992
-1007
-899
-800
-820
-993
-1429
-1710
-1820
-1850
-1832
-1785
-1702
-1780
-1936
-1992
-2085
-2218
-2453
-2717
-2894
-3170
-3387
-3492
-3424
-3462
-3514
-3368
-3231
-3020
-2764
-2534
-2473
-2433
-2242
-2155
-2221
-2383
-2617
-2754
-2793
-2673
-2474
-2380
-2272
-2133
-1983
-1976
-2005
-1895
-1673
-1547
-1508
-1468
-1510
-1486
-1510
-1552
-1630
-1638
-1567
-1484
-1293
-1233
-1427
-1667
-1926
-2160
-2430
-2660
-2627
-2608
-2667
-2770
-2703
-2558
-2561
-2483
-2319
-2251
-2197
-2154
-2344
-2552
-2597
-2424
-2119
-1916
-1629
-1307
-1167
-1033
-956
-1013
-1026
-1100
-1054
-773
-638
-541
-461
-393
-399
-390
-287
-296
-362
-337
-207
-209
-94
-37
-219
-317
-365
-217
-19
60
37
-97
0
158
488
864
886
700
549
533
505
631
697
770
837
833
816
873
1159
1320
1466
1628
1795
1926
1788
1631
1637
1615
1696
1844
1858
1758
1597
1511
1398
1486
1609
1636
1479
1231
1209
1226
1302
1402
1549
1632
1651
1535
1362
1313
1246
1235
1241
1242
1420
1537
1557
1517
1425
1409
1176
1035
984
997
1145
1283
1444
1349
1170
1056
1031
1042
1182
1301
1181
931
674
605
614
608
471
382
396
349
210
-23
-181
-204
-325
-473
-672
-873
-955
-1025
-889
-730
-787
-814
-698
-599
-594
-579
-558
-591
-520
-572
-614
-546
-538
-462
-263
-155
-282
-493
-663
-670
-565
-467
-432
-482
-746
-920
-944
-923
-783
-730
-836
-870
-798
-701
-475
-26
511
766
817
759
640
523
432
429
516
614
590
395
167
-102
-278
-483
-669
-716
-849
-936
-977
-853
-712
-481
-291
-335
-416
-514
-543
-441
-332
-255
-184
-167
-210
-190
-148
-229
-317
-350
-453
-692
-702
-562
-671
-945
-1161
-1422
-1520
-1475
-1379
-1201
-1137
-1181
-1240
-1293
-1428
-1413
-1311
-1206
-1114
-1174
-1285
-1362
-1325
-1170
-1098
-1061
-1005
-929
-768
-754
-879
-786
-688
-618
-564
-631
-690
-845
-925
-812
-717
-693
-656
-751
-847
-1022
-1117
-1131
-1134
-958
-745
-579
-526
-447
-162
79
107
224
443
622
740
948
1182
1269
1325
1403
1330
1300
1249
1149
1050
962
976
1143
1341
1335
1334
1192
1046
951
877
956
1032
1114
1077
888
901
787
679
738
669
584
641
636
456
363
262
235
359
584
653
718
624
516
500
383
265
146
53
-27
32
121
217
454
715
675
549
542
731
1085
1511
1784
1866
1988
2018
2009
2288
2500
2625
2735
2581
2543
2493
2322
2203
2268
2318
2128
1922
1767
1690
1661
1685
1666
1547
1311
1032
1093
1355
1530
1571
1597
1501
1265
1279
1487
1902
2356
2544
2732
2684
2429
2290
2200
2188
2271
2509
2587
2421
2212
2008
2021
2254
2461
2716
2852
2801
2809
2606
2401
2473
2424
2298
2099
1847
1789
1789
1925
2119
2245
2307
2241
2224
2148
2120
2084
2090
2127
2122
2093
1926
1708
1512
1540
1482
1497
1515
1504
1597
1594
1497
1567
1650
1770
1959
2003
2160
2268
2364
2248
2096
2228
2571
2818
2910
3002
2952
2871
2934
3004
3048
3174
3468
3759
3744
3581
3349
2868
2475
2530
2610
2555
2420
2345
2241
2113
2139
2209
2280
2276
2099
1898
1901
1802
1721
1809
1856
1987
2064
2245
2433
2700
3016
3137
3171
3087
3070
3027
3110
3193
3276
3277
2995
2726
2539
2427
2503
2552
2583
2640
2554
2502
2406
2349
2328
2266
2325
2403
2378
2423
2386
2415
2454
2495
2740
2943
2964
2947
2932
2871
2824
2605
2513
2444
2412
2541
2565
2471
2408
2412
2479
2567
2528
2494
2462
2431
2444
2623
2888
2944
2911
2921
2744
2626
2487
2408
2453
2377
2340
2380
2562
2628
2748
2851
2799
2697
2765
2822
2669
2464
2217
1988
1812
1766
1625
1585
1506
1252
910
750
773
905
1191
1551
1940
2059
1995
2020
2266
2373
2416
2468
2593
2895
3165
3457
3581
3329
3208
3259
3479
3760
3939
4177
4286
4235
4181
4295
4433
4623
4713
4771
4767
4720
4465
4170
3958
3853
4088
4201
4411
4461
4293
4156
3973
3873
3781
3572
3374
3108
2685
2334
2146
1937
1764
1819
1920
2012
2031
2079
2063
2040
2029
1766
1479
1287
1263
1431
1578
1686
1697
1576
1484
1505
1754
2115
2291
2380
2427
2479
2553
2542
2474
2450
2548
2605
2542
2508
2501
2413
2353
2284
2167
2046
1959
1934
1983
1960
1865
2023
2240
2292
2466
2614
2597
2567
2469
2236
2007
1863
1677
1493
1398
1371
1284
1199
1217
1163
832
511
278
284
345
205
-117
-388
-450
-597
-829
-1026
-1086
-1000
-899
-769
-722
-1066
-1370
-1760
-2077
-2174
-2120
-1975
-1903
-1796
-1729
-1637
-1591
-1612
-1723
-1825
-1952
-2048
-2125
-2063
-1912
-1956
-2134
-2411
-2711
-2937
-3104
-3227
-3304
-3265
-3199
-3093
-3047
-3137
-3091
-2923
-2807
-2881
-2972
-2974
-3058
-3080
-2787
-2399
-2051
-1958
-1985
-2037
-2056
-2074
-2183
-2291
-2449
-2473
-2610
-2803
-2859
-2988
-3264
-3321
-3393
-3452
-3550
-3637
-3503
-3369
-3373
-3459
-3500
-3497
-3375
-3327
-3173
-2931
-2922
-3102
-3211
-3369
-3415
-3415
-3486
-3548
-3604
-3820
-4128
-4308
-4294
-4183
-4141
-4069
-4097
-4096
-4207
-4371
-4327
-4235
-4114
-3910
-3989
-4048
-4065
-4040
-3780
-3573
-3376
-3281
-3265
-3347
-3196
-3049
-2934
-2606
-2477
-2526
-2535
-2439
-2389
-2453
-2513
-2470
-2438
-2428
-2389
-2150
-1882
-1694
-1636
-1858
-2081
-2073
-1712
-1374
-1079
-772
-710
-900
-999
-947
-642
-195
-7
136
-63
-274
-283
-173
72
349
603
577
389
310
286
330
594
954
1385
1512
1362
1372
1551
1588
1686
1821
1833
1773
1811
1906
1739
1792
2034
2004
1824
1665
1711
1906
2124
2210
1964
1841
1829
1748
1638
1822
2189
2594
2883
2993
3235
3496
3763
4050
4401
4588
4589
4416
4361
4416
4495
4571
4689
4705
4546
4377
4248
4364
4344
4255
4025
3679
3488
3260
2944
2766
2729
2665
2511
2389
2456
2429
2183
1924
1668
1277
1003
1048
1210
1356
1548
1658
1614
1622
1625
1626
1531
1397
1396
1513
1645
1798
2038
2273
2513
2667
2851
2997
2991
3033
3019
3157
3587
3982
4253
4312
4268
4137
4060
4133
4369
4642
4834
4969
4955
4944
4820
4835
4993
5108
5111
4965
4856
4768
4764
4783
4837
5014
5184
5168
5117
5017
4975
4975
4823
4679
4454
4097
3945
3965
3993
3858
3603
3346
3145
3041
3007
3120
3057
3049
2885
2621
2395
2306
2410
2582
2829
2971
2950
2986
3087
3101
3106
2954
2831
2576
2314
2104
1914
1619
1262
806
415
250
90
29
58
21
-92
-266
-315
-151
-42
-7
-143
-189
-282
-161
74
175
266
302
288
252
336
186
-27
-44
-43
-113
-46
-83
-249
-222
-28
73
109
16
-97
-23
69
140
91
158
146
117
66
-142
-48
107
44
128
121
131
209
215
438
716
758
803
848
762
540
255
169
180
311
310
336
300
200
71
-29
30
132
-23
-181
-270
-333
-305
-518
-511
-416
-347
-445
-431
-333
-427
-577
-647
-548
-324
-248
-340
-262
-145
-94
0
77
-5
-1
-72
-143
-98
-39
-40
-153
-141
-69
-107
13
112
89
117
105
53
4
77
-1
-313
-666
-781
-760
-637
-494
-261
-61
-179
-279
-99
440
861
1087
1150
983
813
545
253
133
200
306
516
803
926
1006
1229
1503
1719
1878
2069
2375
2474
2668
2953
3043
3088
3196
3262
3252
3278
3252
3359
3408
3301
3030
2803
2837
2982
3112
3071
2984
2831
2761
2885
3070
3350
3545
3708
3606
3506
3297
3058
3317
3352
3372
3321
3269
3523
3586
3616
3754
3743
3499
3253
3239
3117
3060
3206
3139
3191
3150
2987
2981
3174
3537
3796
3927
3876
3779
3579
3352
3145
3207
3339
3338
3416
3217
2956
2820
2738
2732
2938
3088
3192
3301
3309
3283
3018
2667
2457
2222
1849
1623
1568
1669
1619
1404
1360
1339
1286
1313
1499
1698
1941
1983
1904
2086
2268
2569
2870
3037
3056
3010
2954
2661
2452
2472
2431
2325
2178
1997
1704
1418
1312
1175
1038
882
627
427
346
304
216
-9
-99
-159
-312
-425
-252
23
381
827
952
920
871
646
350
492
672
741
738
642
615
544
473
588
697
779
697
706
867
760
648
480
466
517
600
409
267
509
621
709
688
770
949
1051
1070
1142
1315
1150
929
931
909
847
729
411
170
112
-32
-116
-119
-266
-497
-737
-698
-522
-439
-453
-562
-526
-639
-693
-608
-479
-385
-216
-144
-154
-18
-194
-272
-105
163
346
509
706
506
488
427
88
37
84
69
-96
118
410
671
950
1144
1371
1631
1665
1462
1633
1639
1497
1373
1287
1112
950
877
792
799
658
393
313
148
73
135
-52
-179
-260
-448
-634
-623
-488
-265
-164
-236
-651
-866
-799
-877
-684
-539
-626
-529
-351
-366
-400
-421
-291
-40
-99
-422
-550
-425
-363
-333
-32
157
69
-40
14
100
225
367
426
469
553
587
506
418
142
39
-29
51
136
224
278
225
98
-253
-128
-5
-207
-126
98
-50
-347
-434
-436
-383
-104
-38
-68
25
-170
-296
-156
14
160
285
275
215
204
181
150
88
2
27
60
64
343
459
406
471
552
586
779
1023
1221
1419
1458
1427
1347
1384
1332
1445
1356
1039
1002
1079
1103
1164
1330
1323
1015
614
615
742
610
709
952
839
562
392
441
487
569
704
835
897
931
1123
1414
1565
1699
1844
1908
2118
2370
2482
2687
3089
3371
3473
3250
2971
2872
2877
2826
2789
2819
2752
2783
2689
2504
2376
2384
2403
2380
2388
2384
2449
2413
2392
2396
2541
2522
2403
2564
2561
2653
2781
3000
3368
3462
3452
3199
2884
2632
2572
2326
2119
2110
1850
1646
1461
1344
1104
854
757
697
570
409
264
119
2
78
76
332
771
934
896
904
800
628
769
1044
1484
1582
1555
1437
1507
1478
1266
1333
1371
1214
897
535
254
155
-20
-180
-183
5
252
434
478
568
456
487
734
767
747
581
529
638
843
801
456
344
286
341
392
401
585
578
382
252
294
281
150
3
-186
-344
-379
-432
-204
-92
-269
-190
-58
-1
90
204
255
259
209
438
692
721
723
708
704
887
1093
1131
1106
970
935
895
995
1221
1116
1038
1059
1251
1386
1154
1092
1113
1030
937
951
963
901
575
446
614
551
99
-140
172
100
19
102
93
-164
-554
-739
-511
-425
-661
-682
-642
-779
-746
-592
-530
-266
-309
-484
-523
-341
-273
-105
139
293
411
454
344
256
267
179
216
18
-153
-278
-190
0
-130
-422
-613
-813
-957
-993
-828
-896
-863
-660
-749
-519
-194
41
199
177
175
370
440
602
985
1436
1896
1921
1833
2038
2120
1982
1846
1953
1909
2025
2069
1950
2021
2090
2067
1978
2124
2142
2039
2147
2394
2437
2437
2359
2400
2300
2188
2200
2270
2263
2242
2532
2554
2473
2572
2592
2556
2432
2163
1997
1869
1765
1609
1627
1453
1232
1135
1174
1116
905
979
917
896
948
986
861
811
859
793
710
658
707
659
502
514
568
555
542
584
796
1076
1168
1277
1652
1970
2156
2383
2609
2647
2660
2939
3125
3240
3503
3389
3364
3541
3739
3681
3435
3357
3022
2706
2484
2464
2619
2904
2938
2928
2997
2629
2300
2279
2621
2808
3083
3403
3534
3547
3499
3689
3714
3678
3734
3803
3687
3627
3722
3565
3425
3330
3180
3235
3094
3095
3070
2845
2600
2217
2218
2251
2278
2276
2350
2384
2199
2319
2292
2162
2059
1882
2078
2229
2368
2526
2537
2536
2372
2259
2290
2142
2056
2033
1977
2025
2023
1980
1750
1474
1396
1358
1296
1313
1481
1522
1229
1084
1114
1249
1433
1486
1662
1828
1784
1686
1488
1434
1323
1292
1440
1501
1569
1334
1193
1046
958
1106
1268
1435
1351
1279
1405
1481
1504
1530
1285
1119
1053
840
739
776
985
1100
1086
1094
1083
1052
1189
1275
1260
1242
1102
1018
944
765
589
545
431
315
233
389
716
800
835
954
951
949
1065
1216
1328
1278
1295
1268
1316
1410
1577
1813
1656
1537
1526
1618
1668
1708
1725
1406
1282
936
574
474
477
500
530
818
804
677
643
576
451
329
336
501
604
679
728
549
461
458
582
747
845
887
833
885
777
617
682
855
959
1003
1010
1003
996
833
788
737
817
955
964
1209
1402
1457
1467
1457
1512
1598
1786
1923
1941
1978
2017
2136
2528
2942
3269
3488
3477
3392
3308
3325
3200
3154
3217
3080
3002
2901
2811
2776
2550
2440
2461
2318
2123
2043
2178
2327
2628
2742
2859
2980
2831
2875
2931
3070
3070
2987
3052
3008
2837
2984
3109
3030
2768
2345
2222
2043
2289
2714
2793
2799
2530
2442
2492
2410
2411
2349
2368
2514
2483
2441
2415
2337
2336
2314
2317
2395
2551
2630
2700
2928
2713
2345
2406
2573
2726
2817
2848
2783
2722
2444
2427
2567
2422
2428
2452
2210
1877
1766
1560
1400
1224
1164
1267
1416
1438
1366
1203
1067
1206
1473
1803
1925
2129
2331
2431
2442
2544
2685
2771
2638
2450
2511
2476
2395
2237
2051
1920
1794
1750
1832
1853
1666
1489
1546
1565
1649
1784
1766
1820
1900
1948
2050
2103
2387
2821
3146
3420
3318
3222
3261
3309
3414
3640
3956
4183
4256
4140
3797
3461
3333
3205
3311
3486
3393
3178
2987
2851
2890
2843
2647
2453
2376
2221
2094
2181
2244
2343
2310
2263
2223
2210
2189
2093
1877
1631
1477
1247
938
843
792
1006
1181
941
860
945
1170
1182
1267
1493
1750
1880
1877
1845
1822
1765
1911
2219
2326
2451
2406
2522
2627
2825
3026
3010
2913
2844
2661
2348
2199
2063
1946
1826
1733
1750
1836
1758
1881
2139
2291
2243
2297
2514
2535
2482
2344
2278
2291
2177
2031
1944
1882
1722
1464
1190
1030
1081
1083
1264
1420
1463
1348
1165
1121
1214
1316
1327
1420
1438
1223
940
1057
980
880
857
877
1080
983
867
810
758
860
995
1014
948
872
743
685
917
1067
906
677
560
684
768
839
1012
1116
1252
1226
1244
1351
1491
1612
1839
1856
1633
1579
1421
1380
1347
1265
1378
1410
1271
1160
1027
876
583
294
196
195
193
169
101
179
107
-61
-30
67
198
257
322
418
464
546
778
932
1090
1047
1158
1270
1112
910
827
924
612
334
181
61
215
242
203
319
532
671
521
426
427
401
365
416
614
864
989
881
870
859
806
777
843
1034
1238
1410
1619
1681
1589
1641
1800
2033
2128
2300
2450
2564
2695
2749
2763
2770
2923
3016
3106
3231
3323
3388
3685
3973
4274
4461
4425
4538
4697
4686
4486
4205
3952
3964
3969
4098
4270
4386
4374
4392
4451
4534
4729
4772
4777
4761
4650
4522
4457
4452
4580
4675
4716
4627
4464
4275
4342
4595
4904
5047
4969
4912
4848
4798
4745
4620
4546
4482
4332
4452
4599
4892
5029
5080
5234
5257
5249
5213
5428
5691
5939
6239
6518
6784
6936
6943
6844
6799
6803
6657
6424
6259
6131
5919
5801
5749
5664
5636
5512
5558
5767
5864
5924
6122
6228
6253
6320
6481
6712
6694
6730
6739
6695
6709
6709
6805
6942
6864
6830
6731
6639
6496
6192
6013
5855
5755
5476
5388
5218
5022
4999
4980
5174
5368
5421
5470
5648
5923
6181
6581
6995
7287
7486
7507
7683
7831
7891
7994
8088
8176
8357
8482
8496
8360
8063
7804
7612
7512
7270
6954
6839
6654
6411
6141
5947
5886
5629
5336
5147
5082
4920
4784
4775
4684
4406
4089
3940
3930
4016
4114
4184
4316
4428
4275
4170
4220
4438
4691
4745
4772
4869
5019
5091
5316
5684
6027
6339
6512
6632
6726
6794
6790
6814
6916
6952
7015
7115
7300
7496
7584
7492
7297
7296
7288
7191
6993
6803
6732
6732
6811
6776
6556
6437
6379
6227
6187
6212
6211
6230
6096
5828
5663
5460
5368
5405
5423
5417
5267
5037
4838
4599
4519
4421
4318
4372
4363
4245
3986
3886
3905
3924
3833
3796
3865
3972
4040
4098
4229
4303
4317
4319
4500
4760
4962
5210
5430
5514
5619
5746
6004
6201
6251
6261
6195
6050
5922
5939
6021
6003
5946
5908
5800
5889
5997
5912
5602
5335
5245
5084
4884
4712
4580
4556
4578
4718
4959
5149
5373
5473
5555
5816
6207
6354
6345
6251
6075
6058
6153
6352
6448
6478
6555
6811
7011
7131
7305
7347
7263
7202
7299
7381
7506
7577
7579
7572
7547
7459
7249
7163
7112
7005
6832
6663
6608
6483
6386
6338
6247
6189
6133
6064
6077
6108
5935
5716
5513
5300
5172
5085
5185
5433
5596
5773
5741
5641
5613
5782
6100
6245
6445
6629
6842
7019
7061
7012
6884
6844
6834
6925
7172
7253
7419
7682
7914
8116
8197
8267
8289
8348
8360
8175
8037
8133
8224
8247
8360
8471
8505
8520
8481
8571
8666
8716
8661
8553
8608
8553
8524
8600
8676
8767
8770
8691
8591
8389
8373
8510
8584
8445
8146
8006
7778
7617
7429
7122
6794
6524
6415
6319
6386
6466
6456
6397
6272
6198
5984
5770
5834
5772
5828
6037
6280
6584
6753
7009
7282
7508
7691
7786
7878
7822
7804
7893
7836
7738
7638
7561
7550
7604
7623
7633
7539
7376
7160
7062
7169
7232
7066
6877
6791
6732
6889
7131
7246
7251
7174
7017
6891
6900
7102
7163
7113
6943
6969
7102
7076
7245
7461
7672
7843
7944
8169
8303
8357
8538
8713
8759
8852
8910
8732
8656
8692
8636
8546
8665
8780
8765
8629
8412
8099
7706
7328
6990
6655
6404
6287
6224
6100
5837
5622
5371
5151
5073
5035
4957
4891
4850
4838
4816
4749
4481
4349
4449
4658
4858
4849
4700
4676
4961
4960
4948
5073
5067
5195
5248
5225
5291
5254
5185
5057
4922
5030
5117
5144
5097
5060
5046
4863
4789
4792
4869
5053
5197
5317
5419
5622
5923
6123
6186
6285
6459
6596
6756
7011
7145
7267
7341
7410
7560
7627
7810
8047
8233
8240
8228
8021
7840
7731
7492
7247
7075
7025
6843
6695
6595
6527
6379
6206
6034
5899
5835
5713
5572
5476
5281
5024
4796
4643
4549
4442
4214
4021
4009
3902
3628
3409
3232
2898
2542
2322
2303
2368
2350
2433
2561
2408
2436
2603
2658
2551
2470
2472
2535
2426
2116
2122
2223
2300
2330
2325
2274
2176
1983
1809
1750
1762
1823
1734
1558
1569
1669
1784
1979
2038
1978
1904
1975
2209
2437
2704
2867
2912
2794
2714
2938
3039
3026
3060
3019
3092
3294
3465
3532
3488
3497
3659
3931
4079
4253
4355
4156
4010
3858
3777
3682
3582
3522
3412
3246
2968
2730
2358
2263
2246
2146
2161
2088
1957
1818
1836
2044
2272
2526
2866
3115
3260
3361
3565
3681
3914
4055
3979
3939
3946
4080
4251
4421
4358
4239
4187
4132
4214
4272
4109
4061
4058
4113
3981
3874
4066
4100
3918
3640
3482
3293
3130
3070
3027
2984
2952
2869
2929
2946
2882
2789
2774
2721
2502
2541
2780
3039
3183
3444
3505
3372
3417
3591
3743
3919
4016
3940
3872
3889
3890
3883
3876
3751
3660
3639
3565
3436
3403
3370
3488
3421
3305
3405
3532
3468
3289
3356
3558
3861
4035
4156
4069
3666
3553
3318
3091
3091
3158
3349
3274
3214
3101
3096
2937
2811
2783
2772
2869
2719
2632
2548
2301
2033
1826
1736
1639
1635
1818
1703
1651
1485
1218
999
1061
1298
1384
1546
1559
1507
1365
1315
1412
1578
1719
1612
1538
1735
1734
1689
1871
1879
1771
1704
1670
1695
1678
1736
1817
1741
1599
1470
1446
1392
1275
1156
1041
880
738
806
883
913
867
766
761
744
788
615
498
730
802
915
1100
1213
1207
1233
1238
1154
1051
831
741
755
687
627
617
536
479
578
689
712
821
925
1140
1142
1171
1349
1387
1577
1566
1478
1359
1306
1403
1531
1640
1564
1429
1380
1244
1075
1091
1051
932
724
522
325
89
-74
-109
-48
-74
-107
-63
-39
-224
-475
-677
-904
-908
-742
-729
-624
-422
-256
-300
-219
-133
-308
-305
-343
-440
-305
109
406
681
728
574
631
840
1021
1248
1324
1346
1361
1120
1039
990
893
746
615
447
250
128
-78
-282
-155
45
-47
-144
-117
-27
237
612
827
862
910
833
833
886
1057
1406
1683
1861
1639
1592
1661
1566
1620
1713
1589
1297
1265
1398
1456
1362
1350
1479
1456
1525
1595
1640
1698
1734
1827
1842
1925
1960
1983
2028
1916
1978
2203
2499
2881
3097
3038
2901
2849
2918
3111
3245
3189
3032
2874
2954
3001
2746
2592
2428
2163
1794
1633
1744
1874
1932
1780
1451
1206
1246
1220
1030
1099
1267
1273
1188
991
993
1077
1140
1212
1252
1291
1199
1015
772
717
745
670
789
741
635
509
356
225
90
201
143
73
-18
-252
-467
-603
-669
-648
-538
-647
-909
-1048
-1179
-1283
-1325
-1411
-1586
-1599
-1423
-1542
-1727
-1710
-1615
-1418
-1003
-830
-770
-619
-609
-513
-390
-196
82
218
229
384
673
792
786
1007
1124
950
839
920
871
675
733
818
561
289
378
291
108
144
26
-76
-194
-373
-497
-392
-265
-147
50
-10
-175
-331
-211
-33
-12
-85
64
391
511
698
1069
1159
1071
999
818
875
965
1014
1194
1260
1015
558
379
331
325
421
326
353
-34
-366
-460
-524
-563
-780
-913
-984
-962
-1032
-1007
-986
-1129
-1223
-1085
-1133
-1288
-1308
-1343
-1468
-1434
-1271
-1187
-1143
-1308
-1408
-1305
-1305
-1513
-1909
-1901
-1776
-2013
-2242
-2433
-2498
-2483
-2564
-2577
-2502
-2830
-2963
-2871
-2916
-2979
-3018
-3076
-3135
-3003
-2897
-2801
-2725
-2618
-2797
-2867
-2804
-2879
-2662
-2594
-2648
-2547
-2522
-2640
-2625
-2488
-2508
-2594
-2503
-2337
-2170
-2290
-2247
-2308
-2335
-2064
-2156
-2211
-2259
-2162
-2015
-1895
-1893
-2108
-2011
-2051
-2327
-2227
-2163
-2079
-2138
-2293
-2550
-2812
-3019
-3258
-3284
-3202
-3368
-3622
-3627
-3611
-3700
-3918
-4107
-4441
-4472
-4216
-4085
-4172
-4013
-3880
-3815
-3642
-3474
-3266
-3188
-3203
-3029
-2920
-2791
-2518
-2585
-2590
-2699
-2659
-2424
-2187
-1802
-1572
-1763
-1973
-2108
-2043
-1896
-1948
-1843
-1688
-1583
-1471
-1524
-1537
-1520
-1555
-1420
-1374
-1379
-1437
-1552
-1599
-1522
-1469
-1419
-1463
-1597
-1639
-1567
-1506
-1564
-1539
-1331
-1341
-1543
-1501
-1427
-1232
-1018
-875
-769
-736
-760
-824
-768
-669
-676
-656
-446
-386
-411
-451
-450
-323
-355
-337
-363
-380
-415
-373
-161
-239
-337
-293
-332
-411
-349
-263
-332
-545
-485
-406
-515
-385
-344
-404
-276
-72
-74
-111
-148
-249
-269
-384
-436
-257
-206
-295
-191
-31
61
-72
-79
-1
-209
-394
-241
-138
-220
-224
-478
-788
-855
-893
-981
-820
-537
-658
-865
-835
-847
-864
-1047
-1021
-999
-980
-828
-949
-1019
-1091
-1103
-1120
-1053
-857
-843
-648
-700
-1001
-1191
-1362
-1362
-1199
-1015
-1184
-1245
-1399
-1665
-1532
-1178
-876
-568
-413
-213
-179
-159
36
41
298
279
284
378
300
189
306
448
210
247
141
-238
-288
-236
-321
-443
-499
-501
-694
-838
-859
-818
-903
-1101
-990
-976
-968
-970
-1034
-999
-1081
-1211
-1225
-1303
-1492
-1465
-1496
-1722
-1686
-1590
-1677
-1590
-1539
-1689
-1827
-2065
-2281
-2136
-2055
-2049
-2125
-2229
-2107
-2159
-2143
-2130
-2033
-1766
-1774
-1680
-1759
-1788
-1531
-1412
-1266
-1051
-643
-347
-254
-264
-17
134
128
340
387
217
139
112
13
56
74
142
206
346
311
34
-56
-235
-281
-138
-56
153
173
105
105
-40
-1
59
179
622
745
768
879
985
1021
834
851
752
729
677
683
799
657
440
355
412
149
29
-122
-237
-171
-200
-294
-406
-455
-666
-668
-777
-932
-702
-641
-702
-570
-443
-390
-47
174
259
459
529
261
131
268
76
22
40
229
224
111
57
11
-51
-352
-452
-402
-557
-534
-336
-740
-1218
-1763
-1896
-1792
-1683
-1435
-1213
-1096
-1376
-1403
-1290
-1178
-1005
-953
-1136
-1400
-1427
-1673
-1888
-1741
-1499
-1326
-1510
-1824
-2190
-2338
-2595
-2868
-3026
-3178
-3307
-3417
-3612
-3777
-3773
-3737
-3659
-3723
-3627
-3673
-3588
-3392
-3095
-2834
-2704
-2530
-2423
-2364
-2202
-2209
-2385
-2240
-2233
-2415
-2372
-2270
-2452
-2690
-2590
-2282
-2302
-2602
-2693
-2508
-2578
-2600
-2501
-2264
-2265
-2196
-2005
-2094
-2012
-1746
-1535
-1368
-1278
-1471
-1471
-1522
-1561
-1715
-1833
-1882
-1835
-1763
-1806
-1860
-1820
-1860
-1943
-1642
-1453
-1301
-1170
-1363
-1644
-1521
-1383
-1524
-1657
-1701
-1657
-1440
-1281
-1307
-1329
-1357
-1628
-1819
-1525
-900
-667
-770
-890
-1099
-1253
-1431
-1265
-862
-337
-263
-537
-676
-683
-601
-564
-682
-944
-888
-958
-1166
-1026
-860
-1058
-1236
-1271
-1316
-1305
-1310
-1254
-1116
-1153
-1435
-1449
-1306
-1209
-1199
-1204
-1312
-1517
-1604
-1735
-1835
-1822
-2080
-2115
-1798
-1671
-1681
-1801
-1959
-2219
-1989
-1686
-1551
-1570
-1526
-1395
-1390
-1233
-1256
-1276
-935
-622
-664
-764
-758
-576
-577
-349
-98
-36
230
322
234
93
132
265
222
203
640
1105
1060
1075
1371
1518
1443
1280
1424
1511
1614
1728
1457
1379
1559
1625
1434
1603
1782
1885
2024
2076
2171
2266
2423
2286
2195
2227
2069
2206
2285
2193
2067
2089
2185
1995
2028
2081
2185
1960
1802
1797
1928
1989
1979
2175
2163
2167
2302
2544
2697
2872
2837
2976
3227
3411
3374
3208
3271
3289
3263
3211
3166
3056
2924
3043
3157
3117
3046
2872
2758
2722
2748
2746
2698
2700
2629
2500
2368
2347
2452
2276
2305
2473
2306
2285
2538
2739
2774
2785
2828
2822
2643
2702
2973
3124
3254
3333
3361
3494
3656
3849
4130
4211
4096
4153
4304
4438
4482
4415
4351
4350
4408
4168
4053
4123
4007
4016
3874
3576
3382
3341
3238
3195
3233
3108
3090
2893
2670
2445
2548
2602
2564
2564
2273
2068
2071
2350
2604
2736
2634
2572
2537
2606
2698
2676
2722
2851
2859
2830
2876
2831
2586
2461
2227
2294
2710
2676
2717
2495
2275
2237
2361
2545
2726
2922
2870
2699
2638
2766
2798
2912
3055
3247
3390
3341
3208
3260
3546
3696
3699
3630
3349
3097
3135
3278
3468
3535
3562
3488
3395
3324
3388
3410
3149
3367
3541
3463
3556
3653
3848
3670
3541
3624
3686
3711
3583
3626
3734
3737
3772
3898
3974
4112
4063
4229
4249
4302
4416
4455
4609
4699
4929
5065
5092
5072
5140
5077
4935
4878
4781
4542
4486
4392
4461
4594
4731
4585
4517
4442
4297
4458
4491
4543
4721
4918
5050
5117
4966
5113
5228
5310
5404
5717
5889
5789
5652
5322
4969
4955
5184
5535
5959
5960
5840
5732
5585
5537
5601
5397
5427
5710
5850
6046
6051
5779
5532
5644
5887
5901
6014
5959
5784
5811
5622
5280
4893
4814
5003
5034
4931
4651
4577
4584
4504
4465
4377
4344
4322
4450
4479
4366
4393
4476
4389
4137
3966
3861
3902
4107
4132
4096
4287
4304
4192
4128
3879
3483
3162
2967
2892
3040
3066
2849
2560
2341
2113
1724
1717
1812
1878
2133
2065
1994
1916
1879
1894
1794
1835
1772
1715
1771
1894
1936
1788
1780
1659
1350
1302
1318
1247
1352
1472
1379
1267
1176
1104
1188
1490
1772
1982
1984
1901
1716
1636
1809
1878
1967
1950
1947
1989
2077
1875
1956
2180
2229
2452
2364
2311
2323
2322
2301
2251
2249
2213
2190
2115
2093
2326
2420
2303
2284
2318
2132
2049
2243
2252
2273
2514
2579
2529
2687
2810
2801
2683
2646
2528
2385
2229
2084
2079
2186
2332
2037
1702
1526
1647
1649
1605
1503
1026
634
426
703
778
795
854
835
1015
1285
1594
1810
1831
1840
2051
1973
2042
2159
2164
2205
2165
2268
2513
2833
2948
2834
2773
2705
2833
3156
3166
3190
3283
3257
3179
3432
3632
3600
3469
3170
2809
2417
2267
2273
2164
2172
2229
1968
1757
1449
1366
1471
1370
1339
1578
1783
1966
2180
2177
2185
2461
2690
2612
2541
2646
2679
2568
2529
2271
1964
1751
1573
1376
1276
1179
1019
890
1015
1103
953
901
580
240
331
403
273
431
486
375
313
166
93
336
519
647
747
731
668
407
494
660
783
903
1207
1230
1095
1199
1254
1555
1694
1669
1765
2065
2316
2271
1914
1603
1403
1321
1318
1450
1413
1443
1588
1413
1369
1297
1353
1311
1214
1346
1447
1476
1472
1437
1409
1513
1609
1612
1612
1485
1561
1693
1840
2158
2402
2553
2406
2355
2441
2574
2646
2735
2896
2903
2666
2442
2269
2187
2482
2499
2381
2366
2398
2275
2102
1945
1837
1804
1537
1378
1076
831
727
718
526
554
672
535
492
348
236
-83
-25
54
-13
-11
-102
-158
-32
83
-101
-187
158
434
494
547
455
407
400
491
430
299
76
-39
-153
-385
-420
-520
-514
-571
-608
-445
-542
-530
-503
-522
-582
-718
-831
-953
-771
-611
-643
-691
-589
-457
-227
-53
-144
-296
-345
-386
-172
130
40
49
48
22
160
373
489
590
687
706
597
490
453
346
313
203
87
-13
-40
-477
-948
-1176
-1263
-1202
-1295
-1317
-1351
-1217
-1136
-1051
-842
-783
-765
-809
-670
-427
-209
-162
-160
-66
-348
-478
-408
-375
-269
-16
-35
-60
114
164
290
350
499
561
576
732
821
779
784
966
1031
965
1081
1024
690
362
128
43
-19
-122
39
90
34
164
324
401
398
530
372
412
881
1295
1458
1580
1787
1912
2123
2123
2072
2056
2014
1906
1858
1820
1593
1539
1449
1325
1240
1288
1313
1369
1511
1564
1548
1384
1353
1441
1472
1327
1376
1330
1133
1117
1082
980
725
647
592
607
692
764
733
573
467
366
400
589
756
555
496
318
184
351
384
556
630
595
521
441
411
400
144
-118
-167
-101
-13
-97
-291
-736
-1015
-955
-912
-831
-771
-773
-831
-912
-891
-823
-674
-621
-706
-846
-1030
-995
-1070
-1116
-838
-778
-717
-660
-832
-1100
-1181
-1225
-1207
-955
-904
-1103
-1313
-1245
-1237
-1245
-1261
-1262
-1235
-1259
-1126
-807
-650
-766
-1039
-1271
-1202
-1122
-1116
-1126
-1219
-1393
-1411
-1333
-1236
-1018
-894
-1145
-1442
-1584
-1524
-1391
-1176
-1108
-1194
-1140
-1187
-1241
-1155
-1058
-995
-847
-851
-774
-724
-653
-641
-692
-625
-619
-642
-781
-743
-553
-465
-546
-573
-465
-219
-134
-64
3
0
95
92
230
193
149
145
137
334
334
222
