-15143
-16404
-17622
-16534
-17009
-14095
-13911
-18746
-11443
-10384
-7424
-2052
-2456
2915
6407
12252
14845
15878
19075
16609
19549
18707
15230
13297
12440
12023
11842
11418
11224
10338
9696
8098
6433
7453
3260
4518
1172
4365
2244
4649
4495
-226
112
-1963
-9687
-6350
-6720
-8463
-5808
-9236
-9918
-10623
-12642
-14495
-8661
-10115
-9933
-10815
-8710
-7906
-5941
-9687
-14379
-7554
-5753
-851
753
887
4168
5448
8721
8297
10546
10016
11171
10791
12630
14183
13528
13148
11370
10703
9827
9078
6869
7198
2380
5440
6741
1335
4175
994
870
772
109
266
-877
-1723
-3364
-3577
-4814
-3907
-4620
-5228
-5219
-6443
-7528
-10505
-11242
-11747
-12615
-15029
-14588
-16022
-12059
-4717
-12015
-6862
-3430
-383
7379
5320
7233
8559
9923
12440
16627
16707
16395
16110
14903
16610
15110
13416
11864
13537
12489
9393
10922
8086
7872
8249
7260
7458
6640
5912
3253
1940
835
1057
-48
-1088
-350
-2237
-4832
-4499
-3790
-6225
-6953
-9620
-11545
-10466
-12085
-13493
-13882
-13632
-9183
-15505
-9682
-5498
-6530
-12171
-8700
-6679
-5177
129
220
2217
993
3895
5177
9556
8999
10415
10291
8194
4820
3991
2611
4848
6062
6312
6674
4655
4226
3467
2133
3993
3596
2646
1417
-1137
-1171
-639
-2979
-4381
-5991
-7361
-5822
-6302
-5726
-6533
-7752
-6838
-9876
-10656
-11132
-12323
-15688
-12725
-12082
-10913
-10359
-6078
-4302
-12096
-1402
-5227
-1291
861
-678
7441
5071
8153
9436
8848
9243
11669
10509
14100
14108
11648
13012
12142
11917
12330
12087
10043
8844
9333
8311
6971
7194
4498
5750
5457
3613
2454
1760
778
-1568
-2554
-4159
-4358
-5791
-5683
-7796
-10385
-11378
-12909
-14838
-15107
-18666
-16415
-18541
-20301
-15515
-17069
-10262
-15492
-12570
-8439
-9634
-6026
-3338
208
-1095
9543
10361
11187
12192
13590
13507
12256
8379
8824
10658
10851
9896
11356
10648
10382
10660
8824
8932
9024
8263
6240
4075
1513
1789
101
-1816
-2197
-6296
-6656
-8727
-11154
-12896
-14638
-15064
-15498
-16935
-15916
-15072
-16044
-12640
-14310
-11559
-9532
-10063
-6661
-3559
-841
-3779
2106
6647
5090
11749
12997
14206
14328
13268
16729
16876
16953
16345
15397
16880
17565
16708
15798
15034
15293
14870
12286
9930
10019
9863
8322
7371
5868
3418
2520
-463
-42
-2168
-2944
-4152
-3998
-4894
-6949
-5946
-10653
-5389
-8850
-11170
-8769
-11955
-12559
-11254
-11288
-10467
-9487
-11051
-9649
-8738
-4600
-5872
-5359
87
1850
2859
4629
5490
6065
8074
9292
9816
11631
11685
12489
12009
10945
11868
10738
8853
7687
8527
6350
5744
4034
2984
1178
485
-1449
-4350
-3070
-6590
-8731
-9525
-7493
-10332
-13158
-11876
-13322
-15491
-13147
-10598
-8818
-7241
-8611
-2946
-5321
-7294
-3305
-7370
182
-1644
-522
1887
3704
5159
1693
7652
8274
11272
14668
14375
13838
14135
16295
16686
17382
17022
16656
14987
15013
7665
6327
6419
4996
5260
4858
4122
2639
2325
923
69
4111
-490
-1487
-263
-4160
-6083
-4466
-3253
-3616
-3080
-3091
-4467
-3856
-3685
-4314
-2779
-3455
-3760
-4714
-4822
-4964
-4409
-4529
-3104
-5276
-5688
-641
-1182
-6052
-4829
31
594
4071
4932
4891
4416
7520
8907
8564
9293
6393
7462
5948
6299
2905
2251
-478
-1325
1603
1564
1878
705
-2113
-2792
-619
-731
-1027
-373
-1868
-2945
-2656
-1661
-6001
-5656
-5553
-4468
-1964
3639
1358
2340
4900
3286
3113
1751
1027
1219
1433
-918
-2218
-3079
-83
-91
-1295
-2911
-1438
2895
3228
4975
4764
5834
5845
7969
7273
8649
4021
6363
8917
3223
4512
2101
60
-292
2984
2816
4700
3548
2517
2281
2143
4488
3055
1116
1727
2738
2832
2130
1091
778
-773
205
-1071
-1177
-1368
-34
-451
-2760
-2520
-4980
-5601
-7768
-7130
-8801
-9866
-12564
-10437
-8171
-7031
-6719
-12126
-6204
-6532
-5176
-5515
77
-49
-2733
3582
1235
2498
3769
5874
8980
9589
8271
7344
6999
9497
8211
7369
6212
5427
6248
4781
4125
3416
2954
2576
4870
6084
6261
6014
9092
7456
4763
6347
4294
4442
2203
3356
1457
-21
-1039
-1973
-3873
-5112
-7477
-9031
-8168
-11518
-8473
-8912
-2914
-11557
-10052
-1397
-3599
-1591
-1686
5026
5528
6772
7793
10999
11262
10928
12851
11952
13372
12585
10242
10460
10244
9616
9415
7588
6571
5118
4386
3207
2726
1235
-315
-1767
-1502
3662
2455
3005
-599
353
-420
-2328
-1778
-3574
-4674
-6090
-7025
-9725
-12175
-9845
-10773
-13709
-10833
-12963
-13315
-9881
-4593
-7661
-10405
-1052
-1526
1519
1458
-2348
1533
4651
10115
7458
9665
8439
8830
10219
8154
7426
6133
5874
4448
4452
3053
2050
487
-59
1808
2663
2312
575
4496
3163
1346
3224
1488
151
206
-1992
-1236
506
-1460
4149
-1327
-2183
-918
-4105
-4568
-2580
-3966
-10764
-9936
-9619
-10177
-9005
-5718
-8078
-8666
-3366
3963
5260
2693
2950
6517
7647
10945
13404
13988
12832
13884
12636
12188
11215
10379
4833
3942
4517
3554
2984
2529
2682
1125
1060
877
-320
469
-1914
-1911
-4147
-2584
-3003
-5309
-4787
-7835
-7486
-4339
-4643
-5145
-3111
-2876
-2105
-3268
-4921
-5506
-4714
-5701
-4947
-5982
-6845
-2490
-2395
-6890
-5863
682
1417
3153
2059
3254
5069
4200
4009
5399
5737
4044
3848
1335
2319
781
1458
803
325
1641
3394
1024
123
4843
2329
7435
4816
4657
6604
3361
7482
8348
9207
9095
7269
8943
7194
6764
8221
5397
7177
5909
4766
3654
1575
1356
1360
-1603
-3271
-4946
-3887
-1618
-65
-5315
-8473
-517
-2724
-828
-467
838
1060
2121
3212
4050
7476
4727
7380
5014
5480
4400
4077
2087
1692
6581
2670
2271
1691
785
3790
4747
6347
7280
6480
5449
7759
8038
5141
6759
6075
5479
5051
3997
2831
1775
36
-1682
-1997
-2663
-4253
-6245
-7724
-9845
-10782
-12808
-13326
-11213
-10739
-12087
-13997
-12381
-11998
-4963
-2402
-3114
-1683
-2755
-1913
-1698
-1176
-809
1452
1979
414
3825
-3961
6253
10268
10487
14106
6092
7495
11061
9734
10920
12025
12679
12933
11827
11583
11288
9731
7446
7959
7722
5229
3183
2692
1436
-12
-846
2481
669
111
-3068
-4548
-6373
-8517
-14809
-18078
-16706
-16420
-16161
-15844
-14657
-9128
-8543
-5261
-3628
-109
-2189
984
558
1002
6359
7557
10808
8954
3639
5519
6058
9006
7831
9261
10619
10205
11063
11699
11247
9034
10441
9746
8196
6504
6130
5574
5886
5909
3060
2097
699
-836
-2583
-3358
-4200
-5583
-6947
-8458
-9910
-10242
-12129
-14239
-14707
-14841
-16619
-18449
-12125
-11945
-15944
-11550
-13325
-8982
-5743
-5741
-2211
-3699
-1847
740
6107
7574
9614
9456
14846
20412
18239
18112
16304
18292
17351
17457
16759
15608
15921
15030
14577
13320
12092
10542
9842
8079
6995
4976
3111
1012
-264
-855
-3704
-4372
-6980
-6780
-8720
-7618
-11219
-12795
-6831
-12929
-13346
-16762
-17800
-12324
-11967
-10052
-8683
-12687
-9957
-3493
-3643
-1782
2593
3811
4015
5999
5061
7317
9878
10694
9414
10343
12192
10507
9727
14876
14219
13439
12844
11185
10281
9496
8653
6909
6317
5028
3655
2077
1225
-469
-1333
-6884
-8551
-9277
-14839
-8920
-10599
-16681
-7861
-11700
-8582
-7891
-9837
-11461
-11122
-10022
-14764
-13853
-14888
-12768
-10598
-7429
-10174
-7401
-2095
13
4645
8377
8002
12650
19105
16667
18159
19640
19234
18517
18327
19288
18963
17926
16587
13769
13000
10715
10494
9356
6980
5168
3649
4330
3025
2709
-2423
2936
810
-3412
-1760
-6927
-5243
-816
-1487
-1569
239
-429
-1800
-2101
-4847
-4733
-3632
-5412
-7761
-6048
-8734
-6545
-5515
-3318
-4661
-7503
-6725
-4396
-1143
806
2663
5398
7589
9377
9643
8834
8523
9383
9988
8805
9385
7969
7071
4970
5108
5060
3706
2372
-87
5527
1623
2097
614
-1728
-1329
-2990
-836
-2411
-1598
-2809
-2595
-3455
-5545
-4306
-5498
-6620
-5868
-6172
-7638
-7917
-10346
-12690
-14124
-16765
-16143
-16897
-13615
-10760
-8135
-8727
-8863
-916
830
4668
6743
6154
7371
8919
11233
11785
10730
11030
13701
11078
10683
8470
11863
14083
9166
10740
8855
10312
10430
9399
11713
10499
9677
9742
8522
7204
6841
6946
6398
6315
5770
3701
2634
1695
-493
-1902
-4061
-5418
-6283
-8963
-10456
-11745
-12839
-14549
-14624
-15147
-14723
-12886
-7663
-10031
-13941
-6454
-4316
-1984
296
3316
3193
5613
4735
5010
11059
5518
7820
9453
6075
9806
11690
10201
10220
10151
10896
11686
11722
10081
8487
9294
9284
8416
6368
5581
4787
4153
2548
104
-874
-2510
-3361
-5328
-6706
-8225
-10186
-12688
-14254
-16779
-18026
-19403
-20534
-19050
-19025
-16509
-19709
-15790
-10062
-7643
-12292
-11318
-7337
-7701
8308
7318
7781
9496
8844
13008
17216
17368
16088
18032
19072
20105
13072
11517
13747
13884
11933
12522
11667
10930
10012
10021
8130
6521
6440
5801
6616
4742
3162
1205
374
-1490
-2210
-2933
-5590
-5414
-8245
-8927
-9358
-11811
-12818
-12405
-14693
-15901
-14460
-18709
-18006
-13853
-13542
-11732
-9660
-13432
-11880
-2885
-399
1933
5410
6493
9799
10171
9487
13533
14842
14662
15254
16002
16752
16466
15665
14704
12873
11291
11542
9709
7658
7302
6520
5122
2919
1356
-676
-1515
-2164
-5481
-6391
-7768
-9090
-9694
-12884
-15180
-16675
-15657
-15684
-16496
-13254
-9681
-11591
-14084
-8621
-7535
-9203
-7822
-7361
-3438
255
-134
-1939
1430
9620
10932
11190
14148
12933
14936
14902
14823
14985
13610
14269
13614
13677
13976
14750
12849
11530
9830
8368
8348
6621
5279
4401
2482
2104
776
439
-838
-2026
-3068
-6309
-7139
-5420
-7199
-9043
-3965
-9033
-7712
-6414
-9048
-5959
-6820
-7109
-8142
-7530
-8576
-9273
-9763
-9896
-8508
-4204
-1817
-6844
-3619
-1052
809
4640
3699
5130
5191
6044
7191
7484
6794
6596
6417
6676
5184
4073
4716
1794
998
6606
5217
3749
770
2334
-6973
-7975
-1868
-2991
-5397
-5761
-1696
-7269
-5883
-6942
-7686
-10322
-8119
-4755
-5379
-5117
-58
3266
1724
3236
1661
1287
424
513
944
-1208
1106
1880
6235
-563
1394
8418
3652
8397
9212
8947
10279
10652
10180
11623
10859
8625
8357
8817
8694
5858
7114
6832
4235
4952
2931
2340
-1246
1877
2808
-284
820
-2170
744
364
1374
2437
611
1325
1625
225
486
-767
-705
-183
-367
-475
-2173
-2815
-4011
-3874
-4587
-6114
-5890
-7232
-8531
-7614
-6499
-4819
-9145
-5848
-5071
-3757
-386
-1588
942
-537
761
664
3580
2034
3238
2234
-1456
1208
2375
7661
5481
251
-3051
-1355
-375
-738
-507
-2202
-1584
-1873
-2804
-2292
-2126
-1684
-2413
-1085
453
-2376
4033
1620
-490
3350
380
1020
910
530
122
-2217
-3196
-4059
-5394
-5129
-7712
-5217
-3618
-1404
-6507
-6788
-84
-2414
2546
5951
4511
4035
5488
5943
12792
11485
10494
10555
6449
12250
11489
9635
8580
7501
7152
4907
9590
9274
8395
7752
8054
7178
6716
6550
5772
5543
4916
3825
3349
2458
1966
898
1106
181
-2121
-2650
-3388
-3371
-4723
-5976
-7701
-10813
-10905
-9894
-18254
-16816
-13973
-11833
-10018
-15453
-11840
-5269
-917
-354
2143
1296
1472
7666
7507
10056
10261
13680
12644
9782
12072
10944
10723
9821
7923
6870
4488
3116
2275
496
-853
-2560
-4235
-266
713
-921
394
1117
547
1406
2349
1204
731
792
-394
-2848
-1240
-3255
-3602
-3099
-5906
-5175
-7620
-7664
-7577
-8277
-5870
-8379
-5443
-8397
-7103
-4190
-2406
3367
4051
7347
6443
11261
9763
12296
13361
12499
14036
11678
12549
10163
11799
10722
8671
6380
4655
4893
2813
2188
2096
334
-442
-430
-128
231
174
-1702
-1989
-2560
-1597
186
-1168
-1726
-2954
-5297
-5029
-6975
-8292
-6639
-8563
-9407
-14224
-11783
-10094
-12179
-10359
-9436
-8263
-2883
-3141
-8565
-239
1524
3534
5887
5795
7989
9072
10312
10024
10054
8512
8714
7340
8261
6578
4325
3776
2879
2328
2306
3744
4755
4191
2118
4464
7705
9234
7934
7393
6041
6458
7352
6859
4730
6981
8545
4908
2273
-1615
2124
14
-322
-323
-990
-3024
-1331
-3625
-5744
-3882
-6094
-4244
-2979
1067
-7275
-4613
1231
822
4236
2206
2769
2768
4139
6224
5958
3850
3344
2930
4367
3758
1627
419
5373
5730
7654
4707
4752
4218
3648
4968
3382
5169
238
5841
5730
2182
2803
652
3806
1552
4487
2986
1128
3046
-3437
-4156
-484
-96
-1008
-2426
-3758
-9515
-9821
-8393
-9136
-11293
-9786
-8638
-8625
-12134
-7633
-4390
-3690
-957
-842
1086
299
-104
381
-1108
255
1448
333
1625
1395
2574
5959
3936
4779
5445
8425
12570
8343
7017
5098
7598
9012
8087
10290
9040
8754
8558
11271
8739
6140
6541
4978
4529
2966
2436
990
896
-98
-1932
-3024
-4973
-6545
-9864
-10529
-12371
-13264
-11838
-9318
-14050
-14421
-9369
-9957
-2893
-4161
-4534
-3764
-3290
-3050
855
2040
2068
3740
-871
10565
6955
7114
7208
7114
10815
8884
4930
4574
7168
5478
5557
7161
8849
9560
3716
3234
3254
897
1352
193
4814
-2527
-5006
-4398
-5754
-4501
-5673
-7136
-7647
-8237
-10292
-14114
-13898
-16588
-18222
-17750
-15485
-15287
-13669
-18477
-15404
-7846
-7332
-6812
-9485
-7084
-5062
-4001
-4125
-4230
1634
7998
11527
10246
15311
11752
13411
16518
14664
15529
13570
14162
15321
12580
13243
11920
13038
13151
10951
9210
6489
5344
3931
6842
5837
4516
3894
-3306
-4602
-4687
-5647
-8678
-8885
-8425
-11188
-10684
-12396
-11157
-12854
-11240
-11650
-8100
-8130
-15206
-5201
-6505
-5236
-3033
-1675
4285
4036
4957
7222
9763
11576
12140
11813
14503
13743
15511
15469
14308
14316
14643
13947
11520
12320
10905
9560
9078
7902
6268
5833
6637
5503
3393
1871
182
-178
-1441
-1203
-2673
-5608
-6282
-4922
-5753
-8659
-7089
-10552
-10715
-11424
-13419
-12577
-14974
-12635
-16795
-11366
-7539
-14141
-8174
-4627
-4298
-204
1570
4494
8767
9094
12395
14835
18823
20026
16962
19388
18236
17976
18366
17247
18828
15472
15225
15910
13117
12771
10943
8514
8019
6231
6423
4127
802
1496
-108
1151
458
152
-538
-4012
-5597
-5169
-4508
-6235
-8531
-7732
-11358
-9978
-7427
-10187
-11499
-11053
-9006
-7941
-6615
-12266
-6678
-4625
-3440
-1277
-154
7260
4843
9074
10310
12801
12313
13225
12888
13144
14834
13656
13613
11044
10133
9900
8702
9665
8448
6582
6935
4495
4844
5151
3097
5219
1747
1322
-722
461
1136
-3318
-1271
-5497
-5264
-4761
-5220
-5618
-7958
-6658
-7290
-9476
-8296
-10719
-11499
-12265
-11500
-12968
-8522
-8208
-13621
-2076
-1893
1313
5227
8490
5986
6823
7090
9407
11842
10545
12918
13083
13567
13255
14587
12058
13036
14836
14108
13876
12703
11393
9725
8100
7707
7060
4260
5495
5722
439
1908
5683
3276
2071
3989
3280
537
841
-2654
-3930
-4770
-7538
-9504
-6603
-6715
-8323
-10127
-9972
-11196
-10030
-10448
-6371
-5841
-9476
-4243
-161
831
1899
5384
6795
6463
9194
10001
10881
13384
13126
12066
11351
11892
11986
9979
8871
7722
7063
8145
8066
8272
3974
6819
9880
3534
4329
6138
4889
-2204
-363
-2472
-2429
-829
-1659
-2691
-4213
-4833
-7052
-7641
-8628
-10035
-12196
-12646
-14808
-13783
-13731
-14895
-14374
-10861
-8350
-7383
-2576
-5023
-1517
2329
6261
7939
9121
12897
11699
16000
15304
15074
12177
14031
17390
14022
15840
13663
12449
15615
15328
11074
12203
12933
12790
11906
11248
9008
6124
10410
8660
7632
6012
3083
3221
1616
860
-334
-2034
-3800
-4176
-3571
-5581
-7347
-7304
-7830
-9293
-10106
-12547
-14873
-14114
-11531
-10652
-9793
-4341
-8826
-8040
878
1191
1875
2472
5777
6759
7638
9293
8160
10746
12887
13687
13192
12946
15469
14804
12385
11999
8098
7181
9679
7384
6451
4814
3600
3904
1779
2029
2038
-417
134
-347
-1794
-4204
-3496
-3336
-7121
-8267
-9669
-12350
-10800
-9791
-10242
-7562
-9043
-8302
-6162
-5415
-5547
-6433
-4480
-1222
-2426
-3234
-1900
1231
3928
1470
6864
8626
6869
11289
13686
12856
15050
13061
10234
13928
13292
11998
10571
9668
9622
7438
7188
6719
5608
6950
5028
3351
2210
-1485
183
-719
-4390
-5541
-6368
-5518
-5986
-8074
-9002
-3004
-4426
-5523
-5683
-6535
-9658
-7670
-10526
-9744
-8459
-9548
-9360
-10205
-9275
-7152
-1720
-8181
-3564
573
2740
4976
8116
8013
7729
13406
10394
11938
11871
13229
11204
12266
12750
12789
14386
10458
10325
8419
7136
9496
7881
5584
4701
2565
1457
1778
850
-192
-1436
-2799
-4237
-5321
-7019
-9348
-8258
-7258
-6741
-5215
-2538
-4272
-2777
-1353
-4687
-1215
-7247
-8001
-4772
-6303
-5802
-2813
-976
-1948
-5307
-1433
3972
3895
5030
7803
8043
9047
11150
12772
13328
12385
12765
11874
14309
14223
11406
12792
11108
10451
9505
8286
7574
6042
5500
3459
3478
857
436
703
-2515
-1850
-2337
-3668
-3572
-4623
-6364
-9054
-8326
-5034
-6280
-4683
-3380
-4525
-3637
-3619
-4253
-6359
-5694
-5085
-7593
-5553
-6096
-3160
-3811
-5742
1530
3754
3561
4031
7432
7403
10248
10970
9640
10503
9818
11300
9013
9878
9606
8185
7544
7805
5487
1324
4775
-566
179
-755
-4237
-413
-4308
-4896
-6539
-6406
-4575
-1833
307
1741
-95
2619
6977
4788
6209
3895
3035
4390
3726
2979
1505
966
-159
995
-366
-2577
-1474
-878
4450
-370
16
3860
2957
6645
7312
8629
10286
10892
10073
10330
9796
10319
9108
9263
8993
6968
6424
4257
2398
5384
4375
508
-2840
-26
197
-1321
-139
-3082
3548
-3248
-2080
-4794
-2727
-2675
-4598
-2762
-5179
-5315
-326
1149
915
-5687
-7111
-8303
-7333
-9595
-9619
-11280
-12723
-12961
-12044
-11067
-9264
-6336
-11507
-6927
-1534
-1186
760
2345
4068
4580
5104
3745
6466
3856
5312
5659
2018
1506
1397
2429
828
913
86
-16
-2859
-3267
-4570
-527
1768
3142
4684
5441
2203
5688
11570
9547
4052
1559
1554
2984
3191
2919
1364
927
-742
-898
-705
-2910
-4541
-5794
-8694
-8981
-10880
-11941
-10250
-7248
-9369
-9970
-5730
-6182
-3309
-1502
757
2160
1655
3237
5007
4705
4448
6664
7059
5659
5300
5677
3540
3134
2005
2809
2488
1448
2819
3216
1976
1865
1851
713
3359
1901
530
810
460
-850
-1
-936
-783
-787
-1891
-654
-2206
-1717
-5500
-6287
-6017
-7608
-7368
-9714
-10722
-11388
-9863
-10317
-7817
-7799
-13491
-5847
-2250
-1220
1247
3479
5062
3891
6237
6055
4891
6977
7513
5478
5701
5654
4392
4552
4264
2008
4325
5857
4802
6025
6917
3889
10281
10514
6517
9809
6173
7389
6227
6983
4585
3038
2777
3029
1763
1602
1711
-1008
291
-6468
-2874
-5448
-6349
-6486
-10591
-10044
-8204
-7810
-8772
-5205
-10980
-6715
-1874
-2239
-1195
616
2470
3540
5215
4339
6958
7262
5613
6993
7430
6502
7303
6030
7992
8575
7756
8457
9228
9616
8809
8608
7463
8190
4781
3767
4748
4363
3707
3609
2153
2047
-308
-2616
-1324
-3934
-4328
-5812
-6621
-9045
-8297
-7555
-10179
-11108
-13082
-12865
-12927
-14398
-12869
-8448
-5162
-10914
-7517
-524
-1417
-929
-1144
30
172
2168
865
978
1737
1848
2599
1527
2839
4118
5989
5035
6688
6163
6411
9468
8102
7646
6488
8623
6983
8760
4596
4412
7118
2413
2966
1000
-691
-1692
-346
3482
2278
1877
171
15
678
-2011
-3389
-3472
-4052
-4902
-4708
-6255
-6318
-6318
-2192
-3672
-8539
623
-1454
2794
5444
5485
6936
6049
4513
3659
5057
5524
2973
2900
6044
5244
5438
4231
5352
5709
1951
4451
1246
3004
2627
432
446
-2313
567
576
1315
1545
1606
833
-237
167
-1163
-3006
-2664
-3644
-5675
-6953
-8230
-8170
-8153
-9388
-9985
-10529
-11824
-11762
-10423
-10032
-8919
-4199
-9432
-7633
-3538
-2705
-1501
-4627
-547
72
767
1239
3737
2851
4190
6087
3822
8476
9088
10712
7402
7558
5450
3943
10418
8263
8523
8129
7371
7816
6789
7715
6838
6155
7191
5416
3864
5531
5032
3604
4614
1858
-64
-1133
-2667
-2950
-2993
-4209
-5616
-7049
-9527
-9143
-10861
-8582
-13910
-8739
-7724
-12138
-7565
-7562
1386
-818
580
1778
2503
6742
6516
5654
5805
6014
3957
6305
9084
11295
8887
9563
9427
7694
10255
9810
8416
8214
9077
8013
6162
6153
6390
7293
5224
4279
3242
2421
4904
3739
1453
939
-1299
-1905
-3576
-4189
-8453
-11791
-11198
-13218
-15650
-17258
-16965
-18552
-16278
-17075
-15081
-18712
-22235
-13027
-10765
-10454
-8237
-6487
-3877
-144
2804
7673
9682
8626
8590
10298
11751
13690
16531
14831
15276
15511
13464
15023
12957
9642
10206
8568
12915
12508
6553
6446
7197
6900
4865
5155
5354
1860
484
197
687
-2307
-3970
-2941
-5412
-5990
-8059
-9959
-12711
-14042
-17459
-17427
-16971
-18900
-15356
-18486
-16474
-9058
-8926
-6176
-4536
-1506
483
1020
6989
7805
9357
10474
11784
13511
14005
15678
13714
14608
12291
10079
12721
10950
10690
9809
7419
7218
5857
4706
1651
-488
2642
809
-1795
-1832
-2601
-3968
-4595
-6760
-7421
-7058
-9936
-11600
-13802
-12056
-14675
-15916
-18745
-21782
-18791
-20028
-20744
-18932
-19045
-13529
-13340
-14289
-5925
-2984
4900
7309
8738
13714
13065
14767
17796
16418
17741
17816
16459
20217
20670
19842
17928
17970
16107
12390
11775
11342
10341
8756
7989
7071
6572
4701
2562
1362
1111
-608
-2868
-5973
-5469
-4057
-8211
-9903
-13787
-12617
-11596
-13142
-12338
-14884
-13527
-11777
-11799
-10925
-12166
-10029
-9034
-4444
-4753
-9108
-1699
1330
4176
5347
5844
8575
11746
11925
14011
15906
14826
13909
9858
11052
11115
9527
8700
6264
4876
10505
9289
7754
7015
6219
5180
3589
3068
-7345
-5840
-2821
-7273
-8077
-11658
-10175
-9819
-5038
-5659
-7301
-6377
-5461
-5903
-8651
-8771
-13731
-8769
-9955
-11085
-12010
-9235
-8970
-5278
-7216
-3939
-1654
-5857
2773
3281
6409
5142
10024
11292
12262
13364
12247
14391
13365
12459
12082
10520
10836
10762
9390
9965
6544
6888
3192
6006
4851
1017
1470
-3104
-1948
-389
-675
-3455
2386
2920
3051
1789
-1554
613
1024
98
-1513
-2162
-9139
-8484
-8377
-9021
-8069
-9714
-9122
-10981
-9549
-10722
-10122
-7629
-1116
-7448
-5326
2899
1164
7131
4181
9382
7919
8399
11460
8973
9628
7672
7551
9093
7203
8295
8908
7479
6582
3135
6076
6417
5655
5911
4879
3844
6083
4029
3534
5679
3314
3607
1906
471
-939
-232
-2269
-2635
-2650
-4795
-4520
-5515
-6704
-8984
-6923
-4661
-6254
-7175
-4482
-6774
-5997
-7860
-7219
-6286
-2964
3217
3836
4643
6921
1650
3036
11519
9931
11785
11215
11213
10066
9121
13188
10624
13377
13966
12743
12208
12362
12355
11800
13053
12656
10454
5022
4537
3270
3345
1994
1441
127
106
-1191
-3066
-4927
-5067
-5673
-2385
-1857
-3244
-4406
-5154
-6578
-6312
-9350
-9253
-10003
-10313
-12057
-9348
-9630
-6980
-7795
-10532
-3903
-6816
1247
-659
-2711
5619
5940
3948
6896
6792
4849
5783
7735
7240
7282
7895
7493
7578
8281
7784
8898
9453
8238
7512
5770
5123
1151
192
1920
-1350
-3840
-4761
-6071
-8122
-9653
-11433
-12331
-12962
-10770
-10447
-5485
-3455
-2901
-2092
-5435
-6185
-11169
-11605
-12515
-12634
-11449
-11345
-4917
-5147
-4346
806
6341
7970
6379
13264
13254
14351
15829
16767
17321
16901
19221
17219
17737
17804
16306
16010
16229
12728
11075
13341
10905
10041
8081
7042
6047
4080
3850
1663
538
-23
-349
-2468
-2890
-4725
-5919
-5886
-8257
-7524
-8143
-8210
-7961
-8488
-9256
-11489
-7835
-8913
-8391
-8083
-10644
-7809
-2904
562
-7928
-1781
2682
2659
8489
9188
11034
12662
14415
12811
15753
13811
11044
12555
13535
13074
12061
11968
10986
9388
6799
7898
5409
3961
2861
-179
-1858
-3610
-5830
-8428
-9458
-11646
-10900
-10624
-9198
-9791
-10754
-9111
-1715
-831
466
843
-825
627
2584
2808
2554
97
-1042
560
351
-45
1766
5900
736
4040
8382
7325
8675
11582
13991
12461
15280
14010
15721
15767
15058
14439
12834
12739
12301
11734
9746
8275
5298
5464
3892
3086
1751
-556
30
-1475
-969
-2570
-2864
-8421
-9656
-5874
-5094
-5988
-5355
-4450
-5302
-4398
-4713
-8081
-485
1395
-259
-2006
-217
-2347
-1946
-2103
-4624
-7084
-6413
-2401
765
-3493
-4061
4552
2704
5897
6480
6592
8470
6382
7697
8537
8025
8088
7038
6082
6176
4035
4674
2013
-430
305
-778
-2421
-2882
-5305
-2984
-1762
-9354
-4135
-1725
-462
622
5306
5608
5007
8541
7676
7705
7351
7451
8090
6480
5086
4783
2533
2854
3480
2127
2083
-520
-2619
-2704
-3956
1318
-2248
-5708
1808
1819
3637
6475
4213
5751
6111
5730
6436
4327
4179
2199
4461
3112
2725
1984
989
4743
3135
3155
5425
6895
5811
7189
5552
4647
6716
7026
6937
7382
7662
7315
7173
6800
5618
3210
3981
5225
3646
2322
1181
-104
-1167
-3031
-3408
-4888
-6167
-6687
-8183
-9998
-10436
-11124
-6278
-9919
-13996
-4087
-7123
-3385
-2259
-1606
3439
2447
1664
-367
5376
5465
3883
4970
7469
8387
6376
7168
6039
2209
5150
7431
5560
8807
9733
7536
9025
11696
8754
8879
9481
8975
7901
6650
6639
5649
4270
3701
3778
972
887
-802
-2025
-5248
-7104
-8930
-4978
-6977
-8182
-9239
-10662
-10540
-11619
-4010
-11079
-7377
-5127
-6406
4468
1074
4038
7981
7605
8923
10664
11969
10703
9533
11586
13769
12999
12443
13051
12077
11972
8612
9246
11281
9949
9713
9581
9301
7476
8031
7526
6660
5430
4162
3361
2316
269
-633
-1399
-3797
-3127
-6358
-6139
-7273
-14589
-15289
-16130
-13777
-17548
-15459
-19846
-18871
-14866
-12684
-9162
-13172
-11582
-4410
-503
-569
1827
316
5421
5548
4939
6537
5337
6635
4172
6277
8008
7965
7125
8859
11283
8789
7671
11280
12532
10989
8630
7982
6248
5739
5990
5801
4412
3025
3813
2634
3149
298
1519
-221
-730
1011
-2531
-2364
-6506
-5656
-1483
-4721
-5374
-7999
-7647
-6995
-7425
-5809
-7616
-3667
-7024
-5474
70
1445
3307
1141
2439
5735
4934
5321
8020
5820
7530
6739
7562
8067
8662
9343
8371
8991
6823
7854
6180
6862
5701
4926
5557
2432
2146
679
-782
736
1089
-1040
-1320
-2245
-4065
-2459
97
-1960
-2453
-1740
-1843
-1554
-2153
-4583
-4945
-3786
-5408
-4595
-5858
-6035
-8298
-3508
-785
-8420
-3913
-1551
856
1319
757
2853
3660
4201
3718
4449
2775
5918
5972
8463
7843
6239
13546
11571
8910
9027
8076
9391
6480
10391
13076
7134
9092
7633
7486
9822
7950
8829
8850
9040
7953
7049
8309
6160
4445
3536
2439
518
-1991
-3945
-4466
312
-2331
-3548
-2794
-6282
-6930
-6025
-7618
-4278
-8017
-5758
-1010
-534
657
835
2836
3496
5158
4259
5713
5399
3910
6398
5273
5246
5939
7576
7666
5745
6937
5914
6758
8237
5295
8933
9518
7956
9114
8995
9306
8364
7775
7138
6629
3138
4310
3720
3216
1818
292
1259
-389
-1819
-3623
-5015
-6048
-6975
-10348
-10029
-13237
-14206
-12616
-11248
-11640
-15434
-11285
-8486
-7719
-11729
-9102
-8734
-5094
-3694
-3337
1633
3006
6358
6246
8056
7468
7549
12163
11768
17190
17508
17411
18975
18581
16835
13213
9815
8966
10981
9291
8179
5986
5826
7879
6488
5079
4216
3926
4186
1558
-164
-549
-2815
-4604
-5364
-7980
-8294
-11821
-12622
-13489
-15826
-14283
-14855
-10699
-12271
-13523
-10661
-6135
-3895
-1134
1296
523
1531
4017
9924
11152
12114
12886
13386
15753
17283
13645
16338
14308
11321
12912
11817
12682
11628
11746
10749
10000
8412
7090
5934
6849
4350
1478
709
-1511
-3121
-6007
-7098
-7660
-10996
-12262
-12774
-14915
-14865
-16208
-17704
-18041
-19126
-20344
-23614
-21411
-18464
-19509
-14515
-20490
-16574
-7714
-5277
2139
2194
6502
10852
13433
14479
14583
12235
14135
15500
15131
22347
19895
20444
20763
20808
18191
16433
17059
17448
16369
13740
12353
11623
5103
3113
1582
948
-1454
-2752
-3296
-4316
-4813
-4888
-6830
-7800
-10853
-12258
-14726
-14249
-12086
-11539
-12153
-11780
-13744
-12743
-11197
-10801
-8774
-6004
-3146
-9075
-3795
777
646
5059
7018
9413
10864
14016
13649
16787
16345
16976
16152
16096
16264
14766
14420
13253
12804
10092
8654
7242
2075
1026
478
102
-585
-30
-2074
-1185
-2678
-5692
-3636
-7381
-6988
-3961
-6578
-9059
-9338
-8684
-11544
-9923
-7788
-9450
-9541
-9559
-10582
-11285
-10820
-13530
-15244
-8426
-6136
-1916
-4063
-823
10654
9060
12019
11891
13650
15253
17684
19103
17424
17819
16792
17376
17530
16450
14438
14747
13100
12550
9971
8817
8503
7992
5452
6511
5628
1817
5829
4519
1886
456
2823
-593
-1305
2505
-278
1543
667
-275
48
-1323
-3102
-5202
-3322
-3935
-6179
-5730
-6767
-6846
-6314
-7776
-6818
-5095
-2658
-6197
-3737
2084
3531
6020
3862
8613
9471
8086
9473
8293
7726
7779
7828
6708
7782
6178
4154
6103
2374
1377
2798
1047
25
144
5216
1328
3832
6021
4124
3686
3819
4626
3739
1596
1113
-751
-1204
-1586
-2005
-3601
-4012
-5392
-6539
-7719
-8233
-8786
-9883
-8707
-6803
-9577
-5598
-456
-3414
1990
-6258
-141
4396
4713
4903
2702
4918
4888
7425
6128
9003
8945
6598
6410
10405
9373
9257
10861
8429
8734
10192
11652
8633
8218
8960
7880
7469
9568
6453
3871
6010
6392
5102
3982
4629
2029
333
-840
-2910
-4076
-7660
-7425
-8064
-9700
-10531
-12679
-13678
-14731
-17857
-17547
-16559
-16921
-14694
-12595
-10642
-12685
-8160
-3879
-1850
282
-1449
371
5587
6934
9413
9372
6578
7743
9348
10511
9578
11072
8893
9085
9625
8622
3480
2986
6740
4525
5475
3842
1888
1270
841
142
-441
-3719
-4813
-4878
-6319
-6814
-10003
-10958
-11821
-13342
-12833
-12099
-11455
-11501
-12432
-10506
-8147
-9399
-9960
-8950
-9220
-9382
-9133
-4448
-2988
-2343
1558
3788
4612
6078
12557
12430
14624
14453
14601
15816
14006
16197
11763
12423
13557
12785
13198
11121
10488
10596
10491
10281
8491
7598
5591
4399
2907
-120
-2361
-4827
-4454
-5034
-3978
-4607
-7938
-8783
-8097
-10906
-10398
-10645
-12235
-12829
-14076
-15628
-15892
-6295
-8400
-9739
-9564
-11236
-8505
-2105
-5193
-3306
1438
3342
8733
8154
11755
11560
9802
14707
15100
14682
15020
13908
7791
8272
9035
7340
6095
10613
9187
1645
1242
1867
730
-454
-969
-2014
-3771
-7510
-8982
-9698
-11175
-10625
-8829
-8686
-9861
-10498
-8368
-6997
-11942
-6186
-2487
-1192
-3747
-6061
-1129
-2067
-3425
-3635
-3137
-2758
-2468
666
3764
-3019
272
6476
7521
8856
9178
8173
7953
10115
11169
11701
10181
9455
7896
13448
13040
12142
10961
11104
9282
8217
5721
4016
-1273
-3033
-2291
-4461
-2313
-2746
-5561
-4242
-3840
-4227
-4304
-982
-4156
-4744
-6042
-4826
-617
-2430
-2401
-2863
-2151
-972
-2355
-3590
-3055
-7251
-9751
-5314
-5626
-5333
-1197
-5233
-1653
1762
4219
4421
4729
8371
7063
9400
9235
9490
9336
9395
6149
6667
5636
4706
6047
4361
5449
5005
2016
-869
-1242
705
-1485
-1301
2921
-2326
-2349
-6215
-5832
-837
-2347
-1371
1607
3024
1080
7262
6138
5507
8718
2192
2731
6007
4515
4093
2123
825
831
-1664
-1910
-4718
-2358
-3078
-8517
-1737
-1877
1074
4838
3654
6920
4749
4516
5358
5337
5005
11349
9690
8483
9129
7354
9606
6845
7157
11970
5198
664
4136
380
4249
1377
496
803
633
1391
214
1697
558
3901
-1916
-779
2652
161
639
-1728
-2343
-2839
-3211
-5350
-5805
-7929
-9410
-9289
-10538
-10314
-8775
-10118
-6816
-9015
-8059
-2549
-2419
933
717
931
-124
-1293
4522
5800
5523
5420
7234
9808
6862
8012
4493
5772
9799
6225
8268
2879
1093
5229
2831
2187
3077
2676
-2087
1609
3565
1661
1020
6088
6341
2819
6168
3010
2056
2698
2550
1487
2910
2151
374
-236
-316
-1750
-4321
-5485
-6731
-5758
-5028
-2994
-8592
-1257
1861
168
5276
850
7591
6988
5176
8014
7903
10725
12122
9571
10351
10290
8530
8660
8526
8798
9742
8784
-2573
3913
6014
2472
5590
2111
2373
2508
2693
2122
2726
486
1717
1606
482
-639
-1288
-2041
-2044
-3753
-7336
-7501
-9490
-10247
-12665
-11610
-12978
-13006
-14106
-13478
-16156
-9211
-7845
-16866
-7101
-5893
-6348
-1167
933
1143
4344
3857
5383
6369
6415
12463
13076
7741
6927
10530
6262
8225
4994
6380
2970
-488
3909
4028
4107
6226
5367
5474
10496
8230
8858
6880
6562
7759
5129
6452
4738
3676
-3796
-892
-1547
-1922
-2912
-2640
-4918
-5478
-4021
-7905
-5658
-9305
-7374
-4798
-537
-4287
-2321
4421
4222
7655
4643
7865
7370
5231
5247
8229
6280
8017
9266
7006
7063
5030
4909
3157
4100
3465
3056
-1543
-3150
-1937
5312
4714
4039
-969
-2899
-2161
-2996
-1350
633
669
650
579
-2150
-1202
-4271
-8491
-4511
-7662
-8961
-11882
-10998
-10097
-10634
-9325
-11534
-11900
-13389
-11503
-12340
-6807
-12752
-11598
-4292
-4923
4771
-1909
1617
374
211
738
6298
6830
7714
7094
541
5293
5002
-1478
4447
5627
-292
1239
-2470
-2964
4080
8564
7971
8731
7984
8302
6035
6799
5374
5825
7508
3388
4655
2393
2515
3360
4399
3039
2674
256
-857
-686
-4159
-2646
-4712
-8678
-6018
-5676
-7462
-3139
-9959
-3931
-715
-5788
2719
-1021
55
3051
-175
6841
8243
8139
8132
8367
8715
8757
7088
3781
4091
3895
4701
5220
3141
-747
1282
-540
3630
6298
5730
4746
4463
3247
2088
5443
3769
4455
4641
3546
4017
2187
-569
571
-5771
-6632
-4367
-6945
-6829
-8318
-10044
-10211
-11778
-12008
-11700
-11153
-6511
-12747
-9320
-4901
-3468
1140
-501
-659
1541
2475
3032
3395
558
2485
2458
1538
1941
199
-852
2957
5207
3909
6585
9787
9118
5631
9890
11284
8670
12331
13520
12716
9895
9475
8834
11292
6697
3107
7094
4440
2783
695
-1406
-2007
-2658
-4022
-4771
-7631
-7611
-8411
-9420
-10209
-9560
-12194
-7538
-8132
-12857
-3469
-6335
-1792
1035
511
2387
2324
4372
1005
2305
2880
4399
5499
5581
6435
6003
4192
6330
7943
6103
7162
5850
4409
4229
4319
5483
7695
2771
1585
4294
2290
2406
1672
1069
375
275
-259
-687
-1417
-1969
-2508
-3796
-4615
-6426
-6365
-7071
-7277
-8619
-10224
-10516
-10131
-10422
-8894
-6599
-11036
-7449
-4818
-3671
-3949
-3065
-101
-3506
-2306
-2227
-4228
-3360
6425
7375
9165
11290
13401
14463
12360
12298
12857
11731
4878
9900
10295
9606
11531
11840
10274
9134
8495
7946
8375
7724
7413
4035
3195
4603
3474
1229
-197
-2728
-3349
-5169
-6801
-8360
-8078
-11022
-14915
-13846
-15290
-14190
-19425
-10102
-10801
-16297
-6677
-7677
-4708
-3705
-2426
-548
-180
1679
9119
9418
10804
10039
11850
9113
6841
13163
10655
11811
13687
11694
12035
8650
7654
8162
10037
9265
7065
902
70
1379
1015
-62
-146
-249
-1193
-1823
-1634
-1364
-3391
-5077
-6886
-4598
-8929
-8765
-9724
-10395
-8285
-14540
-13232
-14084
-15619
-12028
-6948
-14282
-10604
-4957
-2960
-302
94
-11
460
5179
-1361
4495
8873
6852
10341
13634
14226
13488
14949
15286
14487
14889
14831
13698
11019
11168
12713
12110
10193
8308
6624
4395
6237
1114
1446
2874
65
-4
-2748
942
-4008
-4378
-2451
-6945
-6619
-9471
-9771
-9812
-9137
-11781
-12221
-12591
-10001
-11530
-5793
-9167
-10557
-1223
-8587
-1
1318
1776
3053
3188
6330
5794
8650
7485
5543
5569
12718
14513
13307
13098
13494
8016
7896
7118
8815
1987
2464
3504
4503
5694
1105
349
867
1254
-2247
-1144
-352
-3587
-2881
-6466
-7221
-4562
-5388
-8518
-8299
-9925
-11325
-10417
-12340
-12136
-14381
-12588
-17529
-17285
-13132
-11413
-16005
-13402
-6515
-7854
-2126
-2433
-872
2415
3631
5147
17935
17053
17181
17060
16447
18100
17355
15013
14310
11399
11210
10476
10054
10078
2851
6767
5544
7608
8032
3125
6362
3970
4226
3280
4015
3304
2847
1745
685
-2129
-3270
-3510
-4667
-3532
-6964
-8781
-7246
-7248
-9920
-9808
-11124
-10052
-9816
-6666
-6334
-11582
-1201
-520
3095
6091
2498
6356
6927
8082
5493
5643
7008
9287
8954
8494
10050
7810
6895
5141
5849
7082
3381
4015
3139
-2017
1321
2851
1822
1940
2599
2003
1418
1268
137
-745
1350
-404
-3519
-1440
-4037
-4482
-5758
-5388
-7193
-9419
-8763
-9874
-10545
-10068
-12395
-11748
-12315
-12321
-7113
-11878
-9698
-5364
-3525
2664
2634
4084
10728
11437
14759
11798
11475
12337
12532
15255
12985
14361
12130
14660
13754
15019
13493
14201
10654
8501
9938
5610
7180
6200
6868
2603
3642
2926
616
1784
701
-17
-1082
-1101
-2829
-2766
-1810
-4180
-3632
-5953
-8595
-9707
-10429
-12076
-15507
-15371
-13877
-15334
-14068
-9021
-17066
-8120
-4951
-6337
-326
-4715
-493
866
2218
3826
1973
6055
9529
9829
12412
13264
11884
13167
12387
13176
10581
12744
5188
5214
11000
2095
3820
5039
2594
1526
3504
-818
1645
1596
-59
442
866
-1351
-2689
-1023
-6811
-7397
-6876
-9550
-13190
-14420
-15900
-16034
-17828
-18077
-17820
-15795
-15368
-10207
-9181
-13581
-1813
1444
1485
972
4658
7655
7610
12830
13602
13703
15245
14396
15570
15492
12581
15388
13925
14210
14506
11149
8978
9926
10764
11332
12489
11275
11719
10335
10457
7962
7668
4915
976
1901
-997
-3324
-5976
-6130
-7952
-9278
-10135
-11661
-12035
-13904
-16604
-15046
-15877
-18537
-18591
-19296
-20370
-18912
-11277
-18058
-12258
-5196
-5224
1486
-1118
2098
5393
6750
8199
9933
11209
12759
11333
9469
11007
10379
9891
10248
9657
9356
8736
6297
6265
5610
3171
3745
4123
2716
886
-203
-1733
-2494
-3954
-6204
-8853
-9929
-11809
-15913
-14564
-9003
-10713
-12889
-18768
-20872
-22354
-20758
-20141
-20165
-18033
-11042
-8348
-4995
153
3389
-4028
6130
4657
3413
9965
7442
13363
13236
16580
18501
18877
18710
20896
19233
18974
15921
15136
10980
11441
13913
9890
8624
5914
4821
5263
5492
2591
2353
-1378
-823
-1962
-6892
-5078
-2991
-4336
-6264
-6659
-8369
-9601
-10078
-7788
-9040
-8547
-8868
-8982
-7563
-8703
-8693
-10286
-8969
-10097
-8323
-8214
-2870
-4735
-4985
2656
972
7234
7075
6954
7881
10469
11264
7223
8754
9670
10100
8717
9419
7782
7423
6530
6297
5907
4320
2948
-2695
-1157
-4146
-2391
-1761
-3521
-5872
-7587
-7172
-11393
-8454
-7625
-8343
-9096
-8971
-9937
-9736
-10483
-11810
-11531
-7587
-11538
-12209
-5998
-7940
-5558
-1951
-1810
-641
623
545
4610
1923
4143
5579
5578
12373
12185
12808
14120
16143
16328
17560
15529
13278
13248
12761
14009
10726
12395
8165
5525
9299
8003
3851
-1235
1131
588
-329
3402
3344
2629
3253
1401
1180
287
1014
-88
203
-3971
-6606
-2223
-5059
-4887
-6121
-5688
-6908
-6827
-6252
-7018
-7042
-9881
-9775
-7260
-7786
-5180
-3445
-8991
-195
2819
2730
5584
3583
7237
5400
7709
7168
4997
5637
1786
6822
6197
2527
3507
2501
2593
3391
5028
6567
4027
752
4267
3558
5234
6594
3742
4290
872
-93
1825
207
-979
-1944
-4340
-4979
-4659
-2616
-2193
-4940
-5822
-2600
861
-884
-724
-2684
-3892
-4261
-4882
-4602
-7059
-1908
-5778
-4886
-476
-1965
3128
1188
817
5917
1921
-1244
3802
8602
9086
4744
5433
9176
8091
7417
8059
8375
11161
12525
10796
6026
7587
9677
9086
7253
4805
3337
1435
2439
-328
-1226
-5240
-5111
-2996
-6302
-6428
-7144
-2123
-3232
-5308
-6470
-7446
-8083
-7618
-6915
-7308
-8343
-10538
-9193
-8183
-8873
-8902
-10744
-4978
-5151
-4428
-3259
-4157
658
1616
5910
4897
5156
4223
12876
12402
14641
14269
10464
13161
14167
6283
6886
7090
2041
3551
3800
1700
155
155
707
-2525
-2423
-3071
-2822
-3010
-4983
-4311
-4872
-4450
-6811
-4366
-467
-2615
-2673
-4581
-5576
-4838
-7719
-7640
-6626
-9619
-8880
-6851
-7097
-5109
-6783
-4337
3104
7221
6070
4913
7736
9738
14398
12865
12954
16573
16828
17102
16627
16359
16568
17298
15277
11227
11658
11799
6727
6060
6349
4841
2797
795
-193
-2483
-3588
-4358
-4756
-5581
-4422
-6621
-8483
-8139
-9918
-11722
-11523
-10479
-10753
-11578
-10742
-10284
-11645
-10937
-10100
-8969
-7941
-4601
-4795
-1186
-4216
-4580
2858
-804
3096
5131
5111
8000
8733
9873
11869
10396
9133
11739
12702
13179
11094
11536
10450
10873
8316
5880
2879
-1862
63
-1968
-2806
-4144
-4319
-6727
-8415
-8968
-10409
-7239
-7479
-4934
-3500
-4398
19
-238
-1903
-1363
-3164
1007
996
-498
935
-860
-2237
-2278
-1472
-4233
-2702
473
3254
-23
603
4504
4588
7814
9448
10890
11572
11704
11756
14712
12494
12631
11111
9264
8549
4440
5233
2382
1623
3119
1531
-3377
-3638
-1106
-4919
-4215
-5426
-5148
-2351
-5745
-5836
-6825
-6355
-6887
-6080
-2359
-3583
-2448
-3143
-2436
-333
-350
-2465
-4906
-1596
-3191
-3487
-5704
-5970
-9037
-11760
-8092
-5624
-6346
-12454
983
2612
4741
6628
4427
7495
7773
7614
8242
7970
7623
8088
6164
6522
5384
4557
3825
-4138
-4925
-2930
-5404
-8169
-6988
-7593
-10033
-10493
-6731
-5131
-4410
-1829
-1653
1009
2518
4695
5938
3104
1539
3965
4967
5088
5007
685
1376
4308
5144
1870
2578
1376
207
-675
-1079
-3305
-2815
-2352
-5132
397
34
3127
3582
2452
3944
5170
3450
3593
4226
1764
1543
3126
5622
2847
2926
2332
-681
-194
4654
3762
1712
5642
5304
5095
5985
5337
7101
6151
4089
5829
5691
5799
3099
1333
5010
4169
3142
3057
2575
1711
33
-1372
-3560
-4287
-6203
-5684
-7251
-8114
-8894
-10691
-10836
-6770
-8140
-13373
-6184
-3775
-1686
-813
-1040
1129
3408
2302
1960
1886
83
2853
4432
4707
2961
3430
3091
4518
4359
2817
1208
-284
2321
4980
5947
1502
3255
9781
7721
8028
6577
5219
11769
9891
9901
7652
2230
2032
1293
1592
215
-776
-1386
-3399
-4538
-6775
-8976
-10193
-14286
-11212
-11815
-12323
-7074
-14091
-12255
-5326
-7037
-1927
-3131
-5303
1477
8634
8373
11441
4941
7700
9704
8153
10015
6133
9515
10288
4597
7416
7159
6169
6892
6103
6642
5727
4069
4827
2951
3024
2643
950
1878
285
-19
-670
-1644
-1458
-3863
-5605
-6164
-7183
-8963
-10948
-12723
-13536
-17003
-18608
-14925
-18509
-19158
-15084
-9571
-7257
-10270
-5999
-4441
-1854
1258
1218
3807
6062
5533
5914
7362
2378
3973
5031
4622
4373
2336
4173
2545
4360
4627
4137
5366
5095
4278
8986
9026
6473
6100
3385
4236
635
1898
912
823
1719
796
698
-752
1452
-3211
-272
-2292
-5884
-5140
-9388
-8598
-8913
-7569
-7231
-5885
-5942
-5097
-1105
-2853
-938
71
1123
4283
5878
9617
7804
8972
12233
12103
12472
11903
10658
9264
11663
10884
9234
8713
7049
7415
5592
4485
3773
2885
2063
1065
365
1149
2132
157
-1482
-1981
-2501
-6161
-3796
-3353
-5718
-4569
-4603
-4599
-6173
-5037
-3478
-2762
-2200
-2961
-2274
-3916
-3641
-7048
-10414
-6316
-4786
-2901
-7946
-6321
-1753
33
576
-1064
99
4895
6747
7119
6352
4846
3791
3385
3220
1748
2404
4277
3366
3971
6053
8898
7662
8712
3567
2798
2792
2438
6044
3932
5427
5806
3642
5397
4523
4997
7900
7983
7236
6514
3349
4317
-1839
-5844
-1100
-631
-2826
-4967
-5447
-5291
-7168
-5714
-5258
-5585
-2829
-6388
-3341
931
1527
2984
3273
3329
2772
5116
5303
5069
5107
5421
4308
4427
3846
4236
3584
2681
4582
2094
3021
3387
2749
1857
2055
4262
1929
3646
4558
3499
5450
5185
4774
345
-1005
241
-909
-1281
-1123
-1809
-3085
-3918
-4233
-4462
-6611
-8923
-10166
-10356
-10583
-11995
-9801
-10611
-8782
-8237
-14720
-6247
-4821
-5443
-3346
-5581
-4627
-5810
-4738
-3890
-3019
-2765
-2655
-1970
3543
5306
3064
9864
12316
9720
10297
9611
11031
12971
15266
15189
9363
10761
13491
12065
10766
11069
10973
9878
9489
7297
7112
3340
2567
4246
3027
-422
-2500
-4063
-6336
-8391
-10347
-11311
-12777
-14139
-14674
-14357
-15812
-11125
-15994
-13147
-7103
-7836
-2872
-4644
-4684
-2621
1709
1215
2761
3536
3071
5359
3825
6085
6977
9394
11969
7040
8247
11299
10314
10257
10940
11009
9634
8491
6472
5788
3550
2859
7586
5757
4541
-3257
-3704
-6055
-7460
-8015
-9597
-11104
-11240
-11475
-12005
-12791
-13288
-13744
-15346
-13944
-15284
-12905
-15417
-14864
-13959
-19731
-11732
-10162
-8843
-7939
-8206
-6574
-5635
-1385
3876
3685
4414
10658
14252
17655
16707
16764
18869
19685
18667
19388
17156
16966
16407
15179
14630
12657
11013
9030
8560
6370
6266
4077
2107
-408
-1315
-52
-205
-1593
-4355
-4811
-3707
-3693
-6291
-6993
-9187
-10660
-12003
-13694
-12674
-14470
-15724
-15030
-7629
-9111
-7631
-1597
-3334
-1153
4155
287
3756
4995
8158
9104
10335
12917
13410
14418
13382
14846
14045
14797
14352
12805
10884
6919
7191
5770
4683
2084
2004
1177
-808
-677
-2538
-5293
-4799
-3722
-6231
-5718
-8243
-8661
-9990
-10767
-10202
-11627
-8972
-10172
-12300
-13338
-13494
-13397
-15451
-18992
-13259
-10571
-10571
-7090
-7752
-11187
-5810
-2365
46
2150
2899
6187
2763
10221
14219
18361
16001
15876
16338
15940
10189
10830
11688
11483
11497
10228
11123
10156
8283
9355
8058
7837
5532
4819
3454
-3349
-485
1102
-1451
-3558
-2972
-3173
-5129
-5033
-6366
-5936
-8398
-5708
-5688
-5374
-6080
-6671
-3558
-5160
-7687
-8042
-6437
-8528
-1488
-8640
-6629
492
-2061
5232
2862
4131
5209
7190
8637
8543
10326
10960
10842
11131
11085
10269
10059
10190
10768
8932
7309
8351
7520
8246
8021
4805
4847
2442
3646
3292
1165
1817
-553
-4607
-1981
1318
-491
-931
-1364
-1224
332
-282
-2331
-4418
-5286
-7552
-9960
-11679
-13961
-14729
-16177
-17037
-14265
-14278
-21814
-12094
-6821
-4862
-340
-1730
5945
7979
8599
11132
10439
11227
11482
11600
11838
13371
14885
11305
16361
14296
11877
13492
10831
11705
11528
8722
2314
3350
5639
7438
5529
4626
2719
1314
4674
1309
889
-198
-1534
-1908
-2974
-5619
-6442
-8240
-10456
-11762
-14930
-15537
-11824
-11960
-17028
-16266
-18081
-7125
-15617
-16720
-10234
-9308
-4272
-3541
-3564
-2037
2260
5850
5474
6212
6231
6354
5351
3090
5899
4992
4622
2574
2880
4042
3165
6023
5465
5462
1757
3054
3522
8803
8218
5325
5229
3802
3167
2605
1530
-5420
-6192
-9176
-9854
-10658
-11283
-11016
-11960
-13884
-15255
-16623
-17790
-16988
-19168
-17163
-17891
-13602
-12569
-15978
-9483
-2861
938
-357
10035
2984
4843
8248
9123
8409
7088
11543
10627
11974
12732
14324
16346
14319
12507
13001
13045
13529
9146
9404
11233
9341
9542
8409
8793
7226
5067
3020
2246
332
244
-873
-2391
-4230
-6983
-5981
-6078
-7634
-7059
-8296
-10466
-10596
-11560
-12732
-11619
-10883
-12277
-11986
-10371
-11646
-11731
-5877
-5933
-3071
-1113
1828
3406
3997
9235
9040
12721
11842
12190
12338
13171
15179
12145
12635
9724
9333
10314
7771
7444
6139
5212
4996
5562
4889
3971
3317
1353
-1878
-2499
-1161
-3695
-4632
-5810
-8116
-8136
-8676
-8144
-9882
-10247
-11277
-13905
-13205
-16593
-16266
-18083
-15882
-12865
-10689
-9315
-3761
-3338
-7447
4190
3694
6881
8674
10727
12753
12759
16473
14916
16908
16139
16501
15945
17731
16936
15302
14660
10564
13062
11686
12430
12166
6931
7831
7946
7367
6175
5362
3970
2323
3565
2889
957
-375
-2268
-1443
-5649
-5974
-8082
-11668
-13275
-13769
-9556
-13123
-12279
-14072
-16605
-15085
-14773
-12983
-14047
-8576
-6265
-12105
-6241
-436
-696
2929
8438
2248
5858
5994
6087
6354
7985
9749
9232
10077
7736
7459
9330
5677
5044
7108
5538
3298
2871
1551
2111
693
-123
-715
-2922
-1852
-4921
-4832
-8800
-9609
-7401
-7451
-7747
-10143
-10443
-11356
-11639
-12737
-11732
-9653
-9258
-8620
-8248
-10179
-4623
-2538
-2743
-3930
-709
-3550
-4682
5101
3557
6404
6984
7651
8953
9815
10311
12086
11843
10615
18136
16932
14329
13652
14308
14917
14871
11402
12170
4846
5202
3937
3863
1482
-1160
1923
721
-376
-35
-1859
-2850
-2723
-5535
-4410
-4186
-3614
-3932
-5855
-6154
-7761
-8513
-9226
-9367
-10515
-11086
-12001
-12474
-12605
-12829
-12170
-14324
-1211
-6988
-5096
-649
-4679
1130
2885
2415
5035
8485
8561
10746
10911
10496
11476
11147
11277
9435
10573
6639
3587
6300
4435
1821
4306
2505
1850
2418
-1555
-1340
-508
-1491
-1277
-1955
-2637
-4221
-7473
-6957
-7689
-10289
-10579
-12413
-11782
-10521
-9502
-8879
-7961
-3292
-1973
-5083
-3859
-6041
-4014
-5684
-4645
1879
-6932
1031
5673
4860
9028
10505
11861
11760
16757
14050
11884
8342
7119
10860
7343
7063
7327
6978
6938
5289
2995
1966
3871
3288
4482
3345
2145
832
-112
-1008
4351
2991
1515
591
-590
-639
-1697
-1750
-2001
-7289
-7494
-6191
-6785
-5450
-5519
-6232
-4857
-4408
-5967
-5343
-7285
-5673
-6455
-4144
-2582
-6720
2859
-2792
-1243
2832
4403
5707
4364
9335
6676
9104
8684
9337
9112
5477
8725
8664
7598
8761
6667
6068
6275
4830
4834
3155
2272
1889
-608
-937
-3160
-4290
-5454
-7905
-1330
-2191
-9657
-8011
-7833
-4827
-3181
-6170
-2998
2073
695
-1643
-1425
-1501
-2307
-5345
-6211
-6790
-3401
-6152
-5715
-7221
-6897
-520
-3963
4265
4683
5545
8287
5057
10743
11636
11215
14126
12452
11452
12099
10529
10237
9781
8679
8831
8568
8025
7260
6529
4951
6035
6326
3604
2341
911
1009
85
-1398
-2030
-2595
-3414
-4569
-4478
-5214
-4905
-7250
-10012
-6509
-6639
-6002
-9778
-8792
-9656
-11955
-11255
-13193
-11352
-11789
-8338
-13014
-9111
-1370
-789
326
2850
3704
4916
7419
6217
8451
9084
9465
7949
9023
9136
8019
8664
7707
7540
7272
5231
4190
5069
4825
3781
1871
1214
-1120
-2664
-4695
-6410
-2011
-3005
-3388
-1746
-866
-2165
5715
1701
1006
-4854
-8105
-4420
-5012
-4332
-7645
-6517
-7991
-9993
-8779
-7353
-11159
-8153
-3944
-6788
-2239
662
2025
882
2608
7514
7874
7435
9330
9180
10359
10860
11203
10378
9563
10795
9938
8139
7951
6832
5159
5055
3507
2524
-629
-561
516
-1949
-2177
-2386
-2153
-3867
-4701
-6609
-7957
-5731
-6769
-4995
-6733
-6145
-7231
-11498
-8406
-8291
-9559
-9305
-10067
-9161
-10171
-9219
-7400
-9621
-5226
-7674
-7147
-1145
-634
3059
5686
5372
5961
8288
8122
7618
8013
7665
8243
9293
7564
7935
5840
4683
5849
6286
3901
1900
925
-1039
-543
-2797
-2522
-5156
-5897
-4793
-3229
-1029
-4441
1252
1396
-5211
1028
676
-629
1662
1863
1587
-59
1259
-492
-1362
-1476
-950
852
-991
-411
-1432
-2182
1381
-1418
2564
5457
6569
9104
8053
9604
10163
9579
7883
9259
10227
10957
10139
9411
8175
-15143
-16404
-17622
-16534
-17009
-14095
-13911
-18746
-11443
-10384
-7424
-2052
-2456
2915
6407
12252
14845
15878
19075
16609
19549
18707
15230
13297
12440
12023
11842
11418
11224
10338
9696
8098
6433
7453
3260
4518
1172
4365
2244
4649
4495
-226
112
-1963
-9687
-6350
-6720
-8463
-5808
-9236
-9918
-10623
-12642
-14495
-8661
-10115
-9933
-10815
-8710
-7906
-5941
-9687
-14379
-7554
-5753
-851
753
887
4168
5448
8721
8297
10546
10016
11171
10791
12630
14183
13528
13148
11370
10703
9827
9078
6869
7198
2380
5440
6741
1335
4175
994
870
772
109
266
-877
-1723
-3364
-3577
-4814
-3907
-4620
-5228
-5219
-6443
-7528
-10505
-11242
-11747
-12615
-15029
-14588
-16022
-12059
-4717
-12015
-6862
-3430
-383
7379
5320
7233
8559
9923
12440
16627
16707
16395
16110
14903
16610
15110
13416
11864
13537
12489
9393
10922
8086
7872
8249
7260
7458
6640
5912
3253
1940
835
1057
-48
-1088
-350
-2237
-4832
-4499
-3790
-6225
-6953
-9620
-11545
-10466
-12085
-13493
-13882
-13632
-9183
-15505
-9682
-5498
-6530
-12171
-8700
-6679
-5177
129
220
2217
993
3895
5177
9556
8999
10415
10291
8194
4820
3991
2611
4848
6062
6312
6674
4655
4226
3467
2133
3993
3596
2646
1417
-1137
-1171
-639
-2979
-4381
-5991
-7361
-5822
-6302
-5726
-6533
-7752
-6838
-9876
-10656
-11132
-12323
-15688
-12725
-12082
-10913
-10359
-6078
-4302
-12096
-1402
-5227
-1291
861
-678
7441
5071
8153
9436
8848
9243
11669
10509
14100
14108
11648
13012
12142
11917
12330
12087
10043
8844
9333
8311
6971
7194
4498
5750
5457
3613
2454
1760
778
-1568
-2554
-4159
-4358
-5791
-5683
-7796
-10385
-11378
-12909
-14838
-15107
-18666
-16415
-18541
-20301
-15515
-17069
-10262
-15492
-12570
-8439
-9634
-6026
-3338
208
-1095
9543
10361
11187
12192
13590
13507
12256
8379
8824
10658
10851
9896
11356
10648
10382
10660
8824
8932
9024
8263
6240
4075
1513
1789
101
-1816
-2197
-6296
-6656
-8727
-11154
-12896
-14638
-15064
-15498
-16935
-15916
-15072
-16044
-12640
-14310
-11559
-9532
-10063
-6661
-3559
-841
-3779
2106
6647
5090
11749
12997
14206
14328
13268
16729
16876
16953
16345
15397
16880
17565
16708
15798
15034
15293
14870
12286
9930
10019
9863
8322
7371
5868
3418
2520
-463
-42
-2168
-2944
-4152
-3998
-4894
-6949
-5946
-10653
-5389
-8850
-11170
-8769
-11955
-12559
-11254
-11288
-10467
-9487
-11051
-9649
-8738
-4600
-5872
-5359
87
1850
2859
4629
5490
6065
8074
9292
9816
11631
11685
12489
12009
10945
11868
10738
8853
7687
8527
6350
5744
4034
2984
1178
485
-1449
-4350
-3070
-6590
-8731
-9525
-7493
-10332
-13158
-11876
-13322
-15491
-13147
-10598
-8818
-7241
-8611
-2946
-5321
-7294
-3305
-7370
182
-1644
-522
1887
3704
5159
1693
7652
8274
11272
14668
14375
13838
14135
16295
16686
17382
17022
16656
14987
15013
7665
6327
6419
4996
5260
4858
4122
2639
2325
923
69
4111
-490
-1487
-263
-4160
-6083
-4466
-3253
-3616
-3080
-3091
-4467
-3856
-3685
-4314
-2779
-3455
-3760
-4714
-4822
-4964
-4409
-4529
-3104
-5276
-5688
-641
-1182
-6052
-4829
31
594
4071
4932
4891
4416
7520
8907
8564
9293
6393
7462
5948
6299
2905
2251
-478
-1325
1603
1564
1878
705
-2113
-2792
-619
-731
-1027
-373
-1868
-2945
-2656
-1661
-6001
-5656
-5553
-4468
-1964
3639
1358
2340
4900
3286
3113
1751
1027
1219
1433
-918
-2218
-3079
-83
-91
-1295
-2911
-1438
2895
3228
4975
4764
5834
5845
7969
7273
8649
4021
6363
8917
3223
4512
2101
60
-292
2984
2816
4700
3548
2517
2281
2143
4488
3055
1116
1727
2738
2832
2130
1091
778
-773
205
-1071
-1177
-1368
-34
-451
-2760
-2520
-4980
-5601
-7768
-7130
-8801
-9866
-12564
-10437
-8171
-7031
-6719
-12126
-6204
-6532
-5176
-5515
77
-49
-2733
3582
1235
2498
3769
5874
8980
9589
8271
7344
6999
9497
8211
7369
6212
5427
6248
4781
4125
3416
2954
2576
4870
6084
6261
6014
9092
7456
4763
6347
4294
4442
2203
3356
1457
-21
-1039
-1973
-3873
-5112
-7477
-9031
-8168
-11518
-8473
-8912
-2914
-11557
-10052
-1397
-3599
-1591
-1686
5026
5528
6772
7793
10999
11262
10928
12851
11952
13372
12585
10242
10460
10244
9616
9415
7588
6571
5118
4386
3207
2726
1235
-315
-1767
-1502
3662
2455
3005
-599
353
-420
-2328
-1778
-3574
-4674
-6090
-7025
-9725
-12175
-9845
-10773
-13709
-10833
-12963
-13315
-9881
-4593
-7661
-10405
-1052
-1526
1519
1458
-2348
1533
4651
10115
7458
9665
8439
8830
10219
8154
7426
6133
5874
4448
4452
3053
2050
487
-59
1808
2663
2312
575
4496
3163
1346
3224
1488
151
206
-1992
-1236
506
-1460
4149
-1327
-2183
-918
-4105
-4568
-2580
-3966
-10764
-9936
-9619
-10177
-9005
-5718
-8078
-8666
-3366
3963
5260
2693
2950
6517
7647
10945
13404
13988
12832
13884
12636
12188
11215
10379
4833
3942
4517
3554
2984
2529
2682
1125
1060
877
-320
469
-1914
-1911
-4147
-2584
-3003
-5309
-4787
-7835
-7486
-4339
-4643
-5145
-3111
-2876
-2105
-3268
-4921
-5506
-4714
-5701
-4947
-5982
-6845
-2490
-2395
-6890
-5863
682
1417
3153
2059
3254
5069
4200
4009
5399
5737
4044
3848
1335
2319
781
1458
803
325
1641
3394
1024
123
4843
2329
7435
4816
4657
6604
3361
7482
8348
9207
9095
7269
8943
7194
6764
8221
5397
7177
5909
4766
3654
1575
1356
1360
-1603
-3271
-4946
-3887
-1618
-65
-5315
-8473
-517
-2724
-828
-467
838
1060
2121
3212
4050
7476
4727
7380
5014
5480
4400
4077
2087
1692
6581
2670
2271
1691
785
3790
4747
6347
7280
6480
5449
7759
8038
5141
6759
6075
5479
5051
3997
2831
1775
36
-1682
-1997
-2663
-4253
-6245
-7724
-9845
-10782
-12808
-13326
-11213
-10739
-12087
-13997
-12381
-11998
-4963
-2402
-3114
-1683
-2755
-1913
-1698
-1176
-809
1452
1979
414
3825
-3961
6253
10268
10487
14106
6092
7495
11061
9734
10920
12025
12679
12933
11827
11583
11288
9731
7446
7959
7722
5229
3183
2692
1436
-12
-846
2481
669
111
-3068
-4548
-6373
-8517
-14809
-18078
-16706
-16420
-16161
-15844
-14657
-9128
-8543
-5261
-3628
-109
-2189
984
558
1002
6359
7557
10808
8954
3639
5519
6058
9006
7831
9261
10619
10205
11063
11699
11247
9034
10441
9746
8196
6504
6130
5574
5886
5909
3060
2097
699
-836
-2583
-3358
-4200
-5583
-6947
-8458
-9910
-10242
-12129
-14239
-14707
-14841
-16619
-18449
-12125
-11945
-15944
-11550
-13325
-8982
-5743
-5741
-2211
-3699
-1847
740
6107
7574
9614
9456
14846
20412
18239
18112
16304
18292
17351
17457
16759
15608
15921
15030
14577
13320
12092
10542
9842
8079
6995
4976
3111
1012
-264
-855
-3704
-4372
-6980
-6780
-8720
-7618
-11219
-12795
-6831
-12929
-13346
-16762
-17800
-12324
-11967
-10052
-8683
-12687
-9957
-3493
-3643
-1782
2593
3811
4015
5999
5061
7317
9878
10694
9414
10343
12192
10507
9727
14876
14219
13439
12844
11185
10281
9496
8653
6909
6317
5028
3655
2077
1225
-469
-1333
-6884
-8551
-9277
-14839
-8920
-10599
-16681
-7861
-11700
-8582
-7891
-9837
-11461
-11122
-10022
-14764
-13853
-14888
-12768
-10598
-7429
-10174
-7401
-2095
13
4645
8377
8002
12650
19105
16667
18159
19640
19234
18517
18327
19288
18963
17926
16587
13769
13000
10715
10494
9356
6980
5168
3649
4330
3025
2709
-2423
2936
810
-3412
-1760
-6927
-5243
-816
-1487
-1569
239
-429
-1800
-2101
-4847
-4733
-3632
-5412
-7761
-6048
-8734
-6545
-5515
-3318
-4661
-7503
-6725
-4396
-1143
806
2663
5398
7589
9377
9643
8834
8523
9383
9988
8805
9385
7969
7071
4970
5108
5060
3706
2372
-87
5527
1623
2097
614
-1728
-1329
-2990
-836
-2411
-1598
-2809
-2595
-3455
-5545
-4306
-5498
-6620
-5868
-6172
-7638
-7917
-10346
-12690
-14124
-16765
-16143
-16897
-13615
-10760
-8135
-8727
-8863
-916
830
4668
6743
6154
7371
8919
11233
11785
10730
11030
13701
11078
10683
8470
11863
14083
9166
10740
8855
10312
10430
9399
11713
10499
9677
9742
8522
7204
6841
6946
6398
6315
5770
3701
2634
1695
-493
-1902
-4061
-5418
-6283
-8963
-10456
-11745
-12839
-14549
-14624
-15147
-14723
-12886
-7663
-10031
-13941
-6454
-4316
-1984
296
3316
3193
5613
4735
5010
11059
5518
7820
9453
6075
9806
11690
10201
10220
10151
10896
11686
11722
10081
8487
9294
9284
8416
6368
5581
4787
4153
2548
104
-874
-2510
-3361
-5328
-6706
-8225
-10186
-12688
-14254
-16779
-18026
-19403
-20534
-19050
-19025
-16509
-19709
-15790
-10062
-7643
-12292
-11318
-7337
-7701
8308
7318
7781
9496
8844
13008
17216
17368
16088
18032
19072
20105
13072
11517
13747
13884
11933
12522
11667
10930
10012
10021
8130
6521
6440
5801
6616
4742
3162
1205
374
-1490
-2210
-2933
-5590
-5414
-8245
-8927
-9358
-11811
-12818
-12405
-14693
-15901
-14460
-18709
-18006
-13853
-13542
-11732
-9660
-13432
-11880
-2885
-399
1933
5410
6493
9799
10171
9487
13533
14842
14662
15254
16002
16752
16466
15665
14704
12873
11291
11542
9709
7658
7302
6520
5122
2919
1356
-676
-1515
-2164
-5481
-6391
-7768
-9090
-9694
-12884
-15180
-16675
-15657
-15684
-16496
-13254
-9681
-11591
-14084
-8621
-7535
-9203
-7822
-7361
-3438
255
-134
-1939
1430
9620
10932
11190
14148
12933
14936
14902
14823
14985
13610
14269
13614
13677
13976
14750
12849
11530
9830
8368
8348
6621
5279
4401
2482
2104
776
439
-838
-2026
-3068
-6309
-7139
-5420
-7199
-9043
-3965
-9033
-7712
-6414
-9048
-5959
-6820
-7109
-8142
-7530
-8576
-9273
-9763
-9896
-8508
-4204
-1817
-6844
-3619
-1052
809
4640
3699
5130
5191
6044
7191
7484
6794
6596
6417
6676
5184
4073
4716
1794
998
6606
5217
3749
770
2334
-6973
-7975
-1868
-2991
-5397
-5761
-1696
-7269
-5883
-6942
-7686
-10322
-8119
-4755
-5379
-5117
-58
3266
1724
3236
1661
1287
424
513
944
-1208
1106
1880
6235
-563
1394
8418
3652
8397
9212
8947
10279
10652
10180
11623
10859
8625
8357
8817
8694
5858
7114
6832
4235
4952
2931
2340
-1246
1877
2808
-284
820
-2170
744
364
1374
2437
611
1325
1625
225
486
-767
-705
-183
-367
-475
-2173
-2815
-4011
-3874
-4587
-6114
-5890
-7232
-8531
-7614
-6499
-4819
-9145
-5848
-5071
-3757
-386
-1588
942
-537
761
664
3580
2034
3238
2234
-1456
1208
2375
7661
5481
251
-3051
-1355
-375
-738
-507
-2202
-1584
-1873
-2804
-2292
-2126
-1684
-2413
-1085
453
-2376
4033
1620
-490
3350
380
1020
910
530
122
-2217
-3196
-4059
-5394
-5129
-7712
-5217
-3618
-1404
-6507
-6788
-84
-2414
2546
5951
4511
4035
5488
5943
12792
11485
10494
10555
6449
12250
11489
9635
8580
7501
7152
4907
9590
9274
8395
7752
8054
7178
6716
6550
5772
5543
4916
3825
3349
2458
1966
898
1106
181
-2121
-2650
-3388
-3371
-4723
-5976
-7701
-10813
-10905
-9894
-18254
-16816
-13973
-11833
-10018
-15453
-11840
-5269
-917
-354
2143
1296
1472
7666
7507
10056
10261
13680
12644
9782
12072
10944
10723
9821
7923
6870
4488
3116
2275
496
-853
-2560
-4235
-266
713
-921
394
1117
547
1406
2349
1204
731
792
-394
-2848
-1240
-3255
-3602
-3099
-5906
-5175
-7620
-7664
-7577
-8277
-5870
-8379
-5443
-8397
-7103
-4190
-2406
3367
4051
7347
6443
11261
9763
12296
13361
12499
14036
11678
12549
10163
11799
10722
8671
6380
4655
4893
2813
2188
2096
334
-442
-430
-128
231
174
-1702
-1989
-2560
-1597
186
-1168
-1726
-2954
-5297
-5029
-6975
-8292
-6639
-8563
-9407
-14224
-11783
-10094
-12179
-10359
-9436
-8263
-2883
-3141
-8565
-239
1524
3534
5887
5795
7989
9072
10312
10024
10054
8512
8714
7340
8261
6578
4325
3776
2879
2328
2306
3744
4755
4191
2118
4464
7705
9234
7934
7393
6041
6458
7352
6859
4730
6981
8545
4908
2273
-1615
2124
14
-322
-323
-990
-3024
-1331
-3625
-5744
-3882
-6094
-4244
-2979
1067
-7275
-4613
1231
822
4236
2206
2769
2768
4139
6224
5958
3850
3344
2930
4367
3758
1627
419
5373
5730
7654
4707
4752
4218
3648
4968
3382
5169
238
5841
5730
2182
2803
652
3806
1552
4487
2986
1128
3046
-3437
-4156
-484
-96
-1008
-2426
-3758
-9515
-9821
-8393
-9136
-11293
-9786
-8638
-8625
-12134
-7633
-4390
-3690
-957
-842
1086
299
-104
381
-1108
255
1448
333
1625
1395
2574
5959
3936
4779
5445
8425
12570
8343
7017
5098
7598
9012
8087
10290
9040
8754
8558
11271
8739
6140
6541
4978
4529
2966
2436
990
896
-98
-1932
-3024
-4973
-6545
-9864
-10529
-12371
-13264
-11838
-9318
-14050
-14421
-9369
-9957
-2893
-4161
-4534
-3764
-3290
-3050
855
2040
2068
3740
-871
10565
6955
7114
7208
7114
10815
8884
4930
4574
7168
5478
5557
7161
8849
9560
3716
3234
3254
897
1352
193
4814
-2527
-5006
-4398
-5754
-4501
-5673
-7136
-7647
-8237
-10292
-14114
-13898
-16588
-18222
-17750
-15485
-15287
-13669
-18477
-15404
-7846
-7332
-6812
-9485
-7084
-5062
-4001
-4125
-4230
1634
7998
11527
10246
15311
11752
13411
16518
14664
15529
13570
14162
15321
12580
13243
11920
13038
13151
10951
9210
6489
5344
3931
6842
5837
4516
3894
-3306
-4602
-4687
-5647
-8678
-8885
-8425
-11188
-10684
-12396
-11157
-12854
-11240
-11650
-8100
-8130
-15206
-5201
-6505
-5236
-3033
-1675
4285
4036
4957
7222
9763
11576
12140
11813
14503
13743
15511
15469
14308
14316
14643
13947
11520
12320
10905
9560
9078
7902
6268
5833
6637
5503
3393
1871
182
-178
-1441
-1203
-2673
-5608
-6282
-4922
-5753
-8659
-7089
-10552
-10715
-11424
-13419
-12577
-14974
-12635
-16795
-11366
-7539
-14141
-8174
-4627
-4298
-204
1570
4494
8767
9094
12395
14835
18823
20026
16962
19388
18236
17976
18366
17247
18828
15472
15225
15910
13117
12771
10943
8514
8019
6231
6423
4127
802
1496
-108
1151
458
152
-538
-4012
-5597
-5169
-4508
-6235
-8531
-7732
-11358
-9978
-7427
-10187
-11499
-11053
-9006
-7941
-6615
-12266
-6678
-4625
-3440
-1277
-154
7260
4843
9074
10310
12801
12313
13225
12888
13144
14834
13656
13613
11044
10133
9900
8702
9665
8448
6582
6935
4495
4844
5151
3097
5219
1747
1322
-722
461
1136
-3318
-1271
-5497
-5264
-4761
-5220
-5618
-7958
-6658
-7290
-9476
-8296
-10719
-11499
-12265
-11500
-12968
-8522
-8208
-13621
-2076
-1893
1313
5227
8490
5986
6823
7090
9407
11842
10545
12918
13083
13567
13255
14587
12058
13036
14836
14108
13876
12703
11393
9725
8100
7707
7060
4260
5495
5722
439
1908
5683
3276
2071
3989
3280
537
841
-2654
-3930
-4770
-7538
-9504
-6603
-6715
-8323
-10127
-9972
-11196
-10030
-10448
-6371
-5841
-9476
-4243
-161
831
1899
5384
6795
6463
9194
10001
10881
13384
13126
12066
11351
11892
11986
9979
8871
7722
7063
8145
8066
8272
3974
6819
9880
3534
4329
6138
4889
-2204
-363
-2472
-2429
-829
-1659
-2691
-4213
-4833
-7052
-7641
-8628
-10035
-12196
-12646
-14808
-13783
-13731
-14895
-14374
-10861
-8350
-7383
-2576
-5023
-1517
2329
6261
7939
9121
12897
11699
16000
15304
15074
12177
14031
17390
14022
15840
13663
12449
15615
15328
11074
12203
12933
12790
11906
11248
9008
6124
10410
8660
7632
6012
3083
3221
1616
860
-334
-2034
-3800
-4176
-3571
-5581
-7347
-7304
-7830
-9293
-10106
-12547
-14873
-14114
-11531
-10652
-9793
-4341
-8826
-8040
878
1191
1875
2472
5777
6759
7638
9293
8160
10746
12887
13687
13192
12946
15469
14804
12385
11999
8098
7181
9679
7384
6451
4814
3600
3904
1779
2029
2038
-417
134
-347
-1794
-4204
-3496
-3336
-7121
-8267
-9669
-12350
-10800
-9791
-10242
-7562
-9043
-8302
-6162
-5415
-5547
-6433
-4480
-1222
-2426
-3234
-1900
1231
3928
1470
6864
8626
6869
11289
13686
12856
15050
13061
10234
13928
13292
11998
10571
9668
9622
7438
7188
6719
5608
6950
5028
3351
2210
-1485
183
-719
-4390
-5541
-6368
-5518
-5986
-8074
-9002
-3004
-4426
-5523
-5683
-6535
-9658
-7670
-10526
-9744
-8459
-9548
-9360
-10205
-9275
-7152
-1720
-8181
-3564
573
2740
4976
8116
8013
7729
13406
10394
11938
11871
13229
11204
12266
12750
12789
14386
10458
10325
8419
7136
9496
7881
5584
4701
2565
1457
1778
850
-192
-1436
-2799
-4237
-5321
-7019
-9348
-8258
-7258
-6741
-5215
-2538
-4272
-2777
-1353
-4687
-1215
-7247
-8001
-4772
-6303
-5802
-2813
-976
-1948
-5307
-1433
3972
3895
5030
7803
8043
9047
11150
12772
13328
12385
12765
11874
14309
14223
11406
12792
11108
10451
9505
8286
7574
6042
5500
3459
3478
857
436
703
-2515
-1850
-2337
-3668
-3572
-4623
-6364
-9054
-8326
-5034
-6280
-4683
-3380
-4525
-3637
-3619
-4253
-6359
-5694
-5085
-7593
-5553
-6096
-3160
-3811
-5742
1530
3754
3561
4031
7432
7403
10248
10970
9640
10503
9818
11300
9013
9878
9606
8185
7544
7805
5487
1324
4775
-566
179
-755
-4237
-413
-4308
-4896
-6539
-6406
-4575
-1833
307
1741
-95
2619
6977
4788
6209
3895
3035
4390
3726
2979
1505
966
-159
995
-366
-2577
-1474
-878
4450
-370
16
3860
2957
6645
7312
8629
10286
10892
10073
10330
9796
10319
9108
9263
8993
6968
6424
4257
2398
5384
4375
508
-2840
-26
197
-1321
-139
-3082
3548
-3248
-2080
-4794
-2727
-2675
-4598
-2762
-5179
-5315
-326
1149
915
-5687
-7111
-8303
-7333
-9595
-9619
-11280
-12723
-12961
-12044
-11067
-9264
-6336
-11507
-6927
-1534
-1186
760
2345
4068
4580
5104
3745
6466
3856
5312
5659
2018
1506
1397
2429
828
913
86
-16
-2859
-3267
-4570
-527
1768
3142
4684
5441
2203
5688
11570
9547
4052
1559
1554
2984
3191
2919
1364
927
-742
-898
-705
-2910
-4541
-5794
-8694
-8981
-10880
-11941
-10250
-7248
-9369
-9970
-5730
-6182
-3309
-1502
757
2160
1655
3237
5007
4705
4448
6664
7059
5659
5300
5677
3540
3134
2005
2809
2488
1448
2819
3216
1976
1865
1851
713
3359
1901
530
810
460
-850
-1
-936
-783
-787
-1891
-654
-2206
-1717
-5500
-6287
-6017
-7608
-7368
-9714
-10722
-11388
-9863
-10317
-7817
-7799
-13491
-5847
-2250
-1220
1247
3479
5062
3891
6237
6055
4891
6977
7513
5478
5701
5654
4392
4552
4264
2008
4325
5857
4802
6025
6917
3889
10281
10514
6517
9809
6173
7389
6227
6983
4585
3038
2777
3029
1763
1602
1711
-1008
291
-6468
-2874
-5448
-6349
-6486
-10591
-10044
-8204
-7810
-8772
-5205
-10980
-6715
-1874
-2239
-1195
616
2470
3540
5215
4339
6958
7262
5613
6993
7430
6502
7303
6030
7992
8575
7756
8457
9228
9616
8809
8608
7463
8190
4781
3767
4748
4363
3707
3609
2153
2047
-308
-2616
-1324
-3934
-4328
-5812
-6621
-9045
-8297
-7555
-10179
-11108
-13082
-12865
-12927
-14398
-12869
-8448
-5162
-10914
-7517
-524
-1417
-929
-1144
30
172
2168
865
978
1737
1848
2599
1527
2839
4118
5989
5035
6688
6163
6411
9468
8102
7646
6488
8623
6983
8760
4596
4412
7118
2413
2966
1000
-691
-1692
-346
3482
2278
1877
171
15
678
-2011
-3389
-3472
-4052
-4902
-4708
-6255
-6318
-6318
-2192
-3672
-8539
623
-1454
2794
5444
5485
6936
6049
4513
3659
5057
5524
2973
2900
6044
5244
5438
4231
5352
5709
1951
4451
1246
3004
2627
432
446
-2313
567
576
1315
1545
1606
833
-237
167
-1163
-3006
-2664
-3644
-5675
-6953
-8230
-8170
-8153
-9388
-9985
-10529
-11824
-11762
-10423
-10032
-8919
-4199
-9432
-7633
-3538
-2705
-1501
-4627
-547
72
767
1239
3737
2851
4190
6087
3822
8476
9088
10712
7402
7558
5450
3943
10418
8263
8523
8129
7371
7816
6789
7715
6838
6155
7191
5416
3864
5531
5032
3604
4614
1858
-64
-1133
-2667
-2950
-2993
-4209
-5616
-7049
-9527
-9143
-10861
-8582
-13910
-8739
-7724
-12138
-7565
-7562
1386
-818
580
1778
2503
6742
6516
5654
5805
6014
3957
6305
9084
11295
8887
9563
9427
7694
10255
9810
8416
8214
9077
8013
6162
6153
6390
7293
5224
4279
3242
2421
4904
3739
1453
939
-1299
-1905
-3576
-4189
-8453
-11791
-11198
-13218
-15650
-17258
-16965
-18552
-16278
-17075
-15081
-18712
-22235
-13027
-10765
-10454
-8237
-6487
-3877
-144
2804
7673
9682
8626
8590
10298
11751
13690
16531
14831
15276
15511
13464
15023
12957
9642
10206
8568
12915
12508
6553
6446
7197
6900
4865
5155
5354
1860
484
197
687
-2307
-3970
-2941
-5412
-5990
-8059
-9959
-12711
-14042
-17459
-17427
-16971
-18900
-15356
-18486
-16474
-9058
-8926
-6176
-4536
-1506
483
1020
6989
7805
9357
10474
11784
13511
14005
15678
13714
14608
12291
10079
12721
10950
10690
9809
7419
7218
5857
4706
1651
-488
2642
809
-1795
-1832
-2601
-3968
-4595
-6760
-7421
-7058
-9936
-11600
-13802
-12056
-14675
-15916
-18745
-21782
-18791
-20028
-20744
-18932
-19045
-13529
-13340
-14289
-5925
-2984
4900
7309
8738
13714
13065
14767
17796
16418
17741
17816
16459
20217
20670
19842
17928
17970
16107
12390
11775
11342
10341
8756
7989
7071
6572
4701
2562
1362
1111
-608
-2868
-5973
-5469
-4057
-8211
-9903
-13787
-12617
-11596
-13142
-12338
-14884
-13527
-11777
-11799
-10925
-12166
-10029
-9034
-4444
-4753
-9108
-1699
1330
4176
5347
5844
8575
11746
11925
14011
15906
14826
13909
9858
11052
11115
9527
8700
6264
4876
10505
9289
7754
7015
6219
5180
3589
3068
-7345
-5840
-2821
-7273
-8077
-11658
-10175
-9819
-5038
-5659
-7301
-6377
-5461
-5903
-8651
-8771
-13731
-8769
-9955
-11085
-12010
-9235
-8970
-5278
-7216
-3939
-1654
-5857
2773
3281
6409
5142
10024
11292
12262
13364
12247
14391
13365
12459
12082
10520
10836
10762
9390
9965
6544
6888
3192
6006
4851
1017
1470
-3104
-1948
-389
-675
-3455
2386
2920
3051
1789
-1554
613
1024
98
-1513
-2162
-9139
-8484
-8377
-9021
-8069
-9714
-9122
-10981
-9549
-10722
-10122
-7629
-1116
-7448
-5326
2899
1164
7131
4181
9382
7919
8399
11460
8973
9628
7672
7551
9093
7203
8295
8908
7479
6582
3135
6076
6417
5655
5911
4879
3844
6083
4029
3534
5679
3314
3607
1906
471
-939
-232
-2269
-2635
-2650
-4795
-4520
-5515
-6704
-8984
-6923
-4661
-6254
-7175
-4482
-6774
-5997
-7860
-7219
-6286
-2964
3217
3836
4643
6921
1650
3036
11519
9931
11785
11215
11213
10066
9121
13188
10624
13377
13966
12743
12208
12362
12355
11800
13053
12656
10454
5022
4537
3270
3345
1994
1441
127
106
-1191
-3066
-4927
-5067
-5673
-2385
-1857
-3244
-4406
-5154
-6578
-6312
-9350
-9253
-10003
-10313
-12057
-9348
-9630
-6980
-7795
-10532
-3903
-6816
1247
-659
-2711
5619
5940
3948
6896
6792
4849
5783
7735
7240
7282
7895
7493
7578
8281
7784
8898
9453
8238
7512
5770
5123
1151
192
1920
-1350
-3840
-4761
-6071
-8122
-9653
-11433
-12331
-12962
-10770
-10447
-5485
-3455
-2901
-2092
-5435
-6185
-11169
-11605
-12515
-12634
-11449
-11345
-4917
-5147
-4346
806
6341
7970
6379
13264
13254
14351
15829
16767
17321
16901
19221
17219
17737
17804
16306
16010
16229
12728
11075
13341
10905
10041
8081
7042
6047
4080
3850
1663
538
-23
-349
-2468
-2890
-4725
-5919
-5886
-8257
-7524
-8143
-8210
-7961
-8488
-9256
-11489
-7835
-8913
-8391
-8083
-10644
-7809
-2904
562
-7928
-1781
2682
2659
8489
9188
11034
12662
14415
12811
15753
13811
11044
12555
13535
13074
12061
11968
10986
9388
6799
7898
5409
3961
2861
-179
-1858
-3610
-5830
-8428
-9458
-11646
-10900
-10624
-9198
-9791
-10754
-9111
-1715
-831
466
843
-825
627
2584
2808
2554
97
-1042
560
351
-45
1766
5900
736
4040
8382
7325
8675
11582
13991
12461
15280
14010
15721
15767
15058
14439
12834
12739
12301
11734
9746
8275
5298
5464
3892
3086
1751
-556
30
-1475
-969
-2570
-2864
-8421
-9656
-5874
-5094
-5988
-5355
-4450
-5302
-4398
-4713
-8081
-485
1395
-259
-2006
-217
-2347
-1946
-2103
-4624
-7084
-6413
-2401
765
-3493
-4061
4552
2704
5897
6480
6592
8470
6382
7697
8537
8025
8088
7038
6082
6176
4035
4674
2013
-430
305
-778
-2421
-2882
-5305
-2984
-1762
-9354
-4135
-1725
-462
622
5306
5608
5007
8541
7676
7705
7351
7451
8090
6480
5086
4783
2533
2854
3480
2127
2083
-520
-2619
-2704
-3956
1318
-2248
-5708
1808
1819
3637
6475
4213
5751
6111
5730
6436
4327
4179
2199
4461
3112
2725
1984
989
4743
3135
3155
5425
6895
5811
7189
5552
4647
6716
7026
6937
7382
7662
7315
7173
6800
5618
3210
3981
5225
3646
2322
1181
-104
-1167
-3031
-3408
-4888
-6167
-6687
-8183
-9998
-10436
-11124
-6278
-9919
-13996
-4087
-7123
-3385
-2259
-1606
3439
2447
1664
-367
5376
5465
3883
4970
7469
8387
6376
7168
6039
2209
5150
7431
5560
8807
9733
7536
9025
11696
8754
8879
9481
8975
7901
6650
6639
5649
4270
3701
3778
972
887
-802
-2025
-5248
-7104
-8930
-4978
-6977
-8182
-9239
-10662
-10540
-11619
-4010
-11079
-7377
-5127
-6406
4468
1074
4038
7981
7605
8923
10664
11969
10703
9533
11586
13769
12999
12443
13051
12077
11972
8612
9246
11281
9949
9713
9581
9301
7476
8031
7526
6660
5430
4162
3361
2316
269
-633
-1399
-3797
-3127
-6358
-6139
-7273
-14589
-15289
-16130
-13777
-17548
-15459
-19846
-18871
-14866
-12684
-9162
-13172
-11582
-4410
-503
-569
1827
316
5421
5548
4939
6537
5337
6635
4172
6277
8008
7965
7125
8859
11283
8789
7671
11280
12532
10989
8630
7982
6248
5739
5990
5801
4412
3025
3813
2634
3149
298
1519
-221
-730
1011
-2531
-2364
-6506
-5656
-1483
-4721
-5374
-7999
-7647
-6995
-7425
-5809
-7616
-3667
-7024
-5474
70
1445
3307
1141
2439
5735
4934
5321
8020
5820
7530
6739
7562
8067
8662
9343
8371
8991
6823
7854
6180
6862
5701
4926
5557
2432
2146
679
-782
736
1089
-1040
-1320
-2245
-4065
-2459
97
-1960
-2453
-1740
-1843
-1554
-2153
-4583
-4945
-3786
-5408
-4595
-5858
-6035
-8298
-3508
-785
-8420
-3913
-1551
856
1319
757
2853
3660
4201
3718
4449
2775
5918
5972
8463
7843
6239
13546
11571
8910
9027
8076
9391
6480
10391
13076
7134
9092
7633
7486
9822
7950
8829
8850
9040
7953
7049
8309
6160
4445
3536
2439
518
-1991
-3945
-4466
312
-2331
-3548
-2794
-6282
-6930
-6025
-7618
-4278
-8017
-5758
-1010
-534
657
835
2836
3496
5158
4259
5713
5399
3910
6398
5273
5246
5939
7576
7666
5745
6937
5914
6758
8237
5295
8933
9518
7956
9114
8995
9306
8364
7775
7138
6629
3138
4310
3720
3216
1818
292
1259
-389
-1819
-3623
-5015
-6048
-6975
-10348
-10029
-13237
-14206
-12616
-11248
-11640
-15434
-11285
-8486
-7719
-11729
-9102
-8734
-5094
-3694
-3337
1633
3006
6358
6246
8056
7468
7549
12163
11768
17190
17508
17411
18975
18581
16835
13213
9815
8966
10981
9291
8179
5986
5826
7879
6488
5079
4216
3926
4186
1558
-164
-549
-2815
-4604
-5364
-7980
-8294
-11821
-12622
-13489
-15826
-14283
-14855
-10699
-12271
-13523
-10661
-6135
-3895
-1134
1296
523
1531
4017
9924
11152
12114
12886
13386
15753
17283
13645
16338
14308
11321
12912
11817
12682
11628
11746
10749
10000
8412
7090
5934
6849
4350
1478
709
-1511
-3121
-6007
-7098
-7660
-10996
-12262
-12774
-14915
-14865
-16208
-17704
-18041
-19126
-20344
-23614
-21411
-18464
-19509
-14515
-20490
-16574
-7714
-5277
2139
2194
6502
10852
13433
14479
14583
12235
14135
15500
15131
22347
19895
20444
20763
20808
18191
16433
17059
17448
16369
13740
12353
11623
5103
3113
1582
948
-1454
-2752
-3296
-4316
-4813
-4888
-6830
-7800
-10853
-12258
-14726
-14249
-12086
-11539
-12153
-11780
-13744
-12743
-11197
-10801
-8774
-6004
-3146
-9075
-3795
777
646
5059
7018
9413
10864
14016
13649
16787
16345
16976
16152
16096
16264
14766
14420
13253
12804
10092
8654
7242
2075
1026
478
102
-585
-30
-2074
-1185
-2678
-5692
-3636
-7381
-6988
-3961
-6578
-9059
-9338
-8684
-11544
-9923
-7788
-9450
-9541
-9559
-10582
-11285
-10820
-13530
-15244
-8426
-6136
-1916
-4063
-823
10654
9060
12019
11891
13650
15253
17684
19103
17424
17819
16792
17376
17530
16450
14438
14747
13100
12550
9971
8817
8503
7992
5452
6511
5628
1817
5829
4519
1886
456
2823
-593
-1305
2505
-278
1543
667
-275
48
-1323
-3102
-5202
-3322
-3935
-6179
-5730
-6767
-6846
-6314
-7776
-6818
-5095
-2658
-6197
-3737
2084
3531
6020
3862
8613
9471
8086
9473
8293
7726
7779
7828
6708
7782
6178
4154
6103
2374
1377
2798
1047
25
144
5216
1328
3832
6021
4124
3686
3819
4626
3739
1596
1113
-751
-1204
-1586
-2005
-3601
-4012
-5392
-6539
-7719
-8233
-8786
-9883
-8707
-6803
-9577
-5598
-456
-3414
1990
-6258
-141
4396
4713
4903
2702
4918
4888
7425
6128
9003
8945
6598
6410
10405
9373
9257
10861
8429
8734
10192
11652
8633
8218
8960
7880
7469
9568
6453
3871
6010
6392
5102
3982
4629
2029
333
-840
-2910
-4076
-7660
-7425
-8064
-9700
-10531
-12679
-13678
-14731
-17857
-17547
-16559
-16921
-14694
-12595
-10642
-12685
-8160
-3879
-1850
282
-1449
371
5587
6934
9413
9372
6578
7743
9348
10511
9578
11072
8893
9085
9625
8622
3480
2986
6740
4525
5475
3842
1888
1270
841
142
-441
-3719
-4813
-4878
-6319
-6814
-10003
-10958
-11821
-13342
-12833
-12099
-11455
-11501
-12432
-10506
-8147
-9399
-9960
-8950
-9220
-9382
-9133
-4448
-2988
-2343
1558
3788
4612
6078
12557
12430
14624
14453
14601
15816
14006
16197
11763
12423
13557
12785
13198
11121
10488
10596
10491
10281
8491
7598
5591
4399
2907
-120
-2361
-4827
-4454
-5034
-3978
-4607
-7938
-8783
-8097
-10906
-10398
-10645
-12235
-12829
-14076
-15628
-15892
-6295
-8400
-9739
-9564
-11236
-8505
-2105
-5193
-3306
1438
3342
8733
8154
11755
11560
9802
14707
15100
14682
15020
13908
7791
8272
9035
7340
6095
10613
9187
1645
1242
1867
730
-454
-969
-2014
-3771
-7510
-8982
-9698
-11175
-10625
-8829
-8686
-9861
-10498
-8368
-6997
-11942
-6186
-2487
-1192
-3747
-6061
-1129
-2067
-3425
-3635
-3137
-2758
-2468
666
3764
-3019
272
6476
7521
8856
9178
8173
7953
10115
11169
11701
10181
9455
7896
13448
13040
12142
10961
11104
9282
8217
5721
4016
-1273
-3033
-2291
-4461
-2313
-2746
-5561
-4242
-3840
-4227
-4304
-982
-4156
-4744
-6042
-4826
-617
-2430
-2401
-2863
-2151
-972
-2355
-3590
-3055
-7251
-9751
-5314
-5626
-5333
-1197
-5233
-1653
1762
4219
4421
4729
8371
7063
9400
9235
9490
9336
9395
6149
6667
5636
4706
6047
4361
5449
5005
2016
-869
-1242
705
-1485
-1301
2921
-2326
-2349
-6215
-5832
-837
-2347
-1371
1607
3024
1080
7262
6138
5507
8718
2192
2731
6007
4515
4093
2123
825
831
-1664
-1910
-4718
-2358
-3078
-8517
-1737
-1877
1074
4838
3654
6920
4749
4516
5358
5337
5005
11349
9690
8483
9129
7354
9606
6845
7157
11970
5198
664
4136
380
4249
1377
496
803
633
1391
214
1697
558
3901
-1916
-779
2652
161
639
-1728
-2343
-2839
-3211
-5350
-5805
-7929
-9410
-9289
-10538
-10314
-8775
-10118
-6816
-9015
-8059
-2549
-2419
933
717
931
-124
-1293
4522
5800
5523
5420
7234
9808
6862
8012
4493
5772
9799
6225
8268
2879
1093
5229
2831
2187
3077
2676
-2087
1609
3565
1661
1020
6088
6341
2819
6168
3010
2056
2698
2550
1487
2910
2151
374
-236
-316
-1750
-4321
-5485
-6731
-5758
-5028
-2994
-8592
-1257
1861
168
5276
850
7591
6988
5176
8014
7903
10725
12122
9571
10351
10290
8530
8660
8526
8798
9742
8784
-2573
3913
6014
2472
5590
2111
2373
2508
2693
2122
2726
486
1717
1606
482
-639
-1288
-2041
-2044
-3753
-7336
-7501
-9490
-10247
-12665
-11610
-12978
-13006
-14106
-13478
-16156
-9211
-7845
-16866
-7101
-5893
-6348
-1167
933
1143
4344
3857
5383
6369
6415
12463
13076
7741
6927
10530
6262
8225
4994
6380
2970
-488
3909
4028
4107
6226
5367
5474
10496
8230
8858
6880
6562
7759
5129
6452
4738
3676
-3796
-892
-1547
-1922
-2912
-2640
-4918
-5478
-4021
-7905
-5658
-9305
-7374
-4798
-537
-4287
-2321
4421
4222
7655
4643
7865
7370
5231
5247
8229
6280
8017
9266
7006
7063
5030
4909
3157
4100
3465
3056
-1543
-3150
-1937
5312
4714
4039
-969
-2899
-2161
-2996
-1350
633
669
650
579
-2150
-1202
-4271
-8491
-4511
-7662
-8961
-11882
-10998
-10097
-10634
-9325
-11534
-11900
-13389
-11503
-12340
-6807
-12752
-11598
-4292
-4923
4771
-1909
1617
374
211
738
6298
6830
7714
7094
541
5293
5002
-1478
4447
5627
-292
1239
-2470
-2964
4080
8564
7971
8731
7984
8302
6035
6799
5374
5825
7508
3388
4655
2393
2515
3360
4399
3039
2674
256
-857
-686
-4159
-2646
-4712
-8678
-6018
-5676
-7462
-3139
-9959
-3931
-715
-5788
2719
-1021
55
3051
-175
6841
8243
8139
8132
8367
8715
8757
7088
3781
4091
3895
4701
5220
3141
-747
1282
-540
3630
6298
5730
4746
4463
3247
2088
5443
3769
4455
4641
3546
4017
2187
-569
571
-5771
-6632
-4367
-6945
-6829
-8318
-10044
-10211
-11778
-12008
-11700
-11153
-6511
-12747
-9320
-4901
-3468
1140
-501
-659
1541
2475
3032
3395
558
2485
2458
1538
1941
199
-852
2957
5207
3909
6585
9787
9118
5631
9890
11284
8670
12331
13520
12716
9895
9475
8834
11292
6697
3107
7094
4440
2783
695
-1406
-2007
-2658
-4022
-4771
-7631
-7611
-8411
-9420
-10209
-9560
-12194
-7538
-8132
-12857
-3469
-6335
-1792
1035
511
2387
2324
4372
1005
2305
2880
4399
5499
5581
6435
6003
4192
6330
7943
6103
7162
5850
4409
4229
4319
5483
7695
2771
1585
4294
2290
2406
1672
1069
375
275
-259
-687
-1417
-1969
-2508
-3796
-4615
-6426
-6365
-7071
-7277
-8619
-10224
-10516
-10131
-10422
-8894
-6599
-11036
-7449
-4818
-3671
-3949
-3065
-101
-3506
-2306
-2227
-4228
-3360
6425
7375
9165
11290
13401
14463
12360
12298
12857
11731
4878
9900
10295
9606
11531
11840
10274
9134
8495
7946
8375
7724
7413
4035
3195
4603
3474
1229
-197
-2728
-3349
-5169
-6801
-8360
-8078
-11022
-14915
-13846
-15290
-14190
-19425
-10102
-10801
-16297
-6677
-7677
-4708
-3705
-2426
-548
-180
1679
9119
9418
10804
10039
11850
9113
6841
13163
10655
11811
13687
11694
12035
8650
7654
8162
10037
9265
7065
902
70
1379
1015
-62
-146
-249
-1193
-1823
-1634
-1364
-3391
-5077
-6886
-4598
-8929
-8765
-9724
-10395
-8285
-14540
-13232
-14084
-15619
-12028
-6948
-14282
-10604
-4957
-2960
-302
94
-11
460
5179
-1361
4495
8873
6852
10341
13634
14226
13488
14949
15286
14487
14889
14831
13698
11019
11168
12713
12110
10193
8308
6624
4395
6237
1114
1446
2874
65
-4
-2748
942
-4008
-4378
-2451
-6945
-6619
-9471
-9771
-9812
-9137
-11781
-12221
-12591
-10001
-11530
-5793
-9167
-10557
-1223
-8587
-1
1318
1776
3053
3188
6330
5794
8650
7485
5543
5569
12718
14513
13307
13098
13494
8016
7896
7118
8815
1987
2464
3504
4503
5694
1105
349
867
1254
-2247
-1144
-352
-3587
-2881
-6466
-7221
-4562
-5388
-8518
-8299
-9925
-11325
-10417
-12340
-12136
-14381
-12588
-17529
-17285
-13132
-11413
-16005
-13402
-6515
-7854
-2126
-2433
-872
2415
3631
5147
17935
17053
17181
17060
16447
18100
17355
15013
14310
11399
11210
10476
10054
10078
2851
6767
5544
7608
8032
3125
6362
3970
4226
3280
4015
3304
2847
1745
685
-2129
-3270
-3510
-4667
-3532
-6964
-8781
-7246
-7248
-9920
-9808
-11124
-10052
-9816
-6666
-6334
-11582
-1201
-520
3095
6091
2498
6356
6927
8082
5493
5643
7008
9287
8954
8494
10050
7810
6895
5141
5849
7082
3381
4015
3139
-2017
1321
2851
1822
1940
2599
2003
1418
1268
137
-745
1350
-404
-3519
-1440
-4037
-4482
-5758
-5388
-7193
-9419
-8763
-9874
-10545
-10068
-12395
-11748
-12315
-12321
-7113
-11878
-9698
-5364
-3525
2664
2634
4084
10728
11437
14759
11798
11475
12337
12532
15255
12985
14361
12130
14660
13754
15019
13493
14201
10654
8501
9938
5610
7180
6200
6868
2603
3642
2926
616
1784
701
-17
-1082
-1101
-2829
-2766
-1810
-4180
-3632
-5953
-8595
-9707
-10429
-12076
-15507
-15371
-13877
-15334
-14068
-9021
-17066
-8120
-4951
-6337
-326
-4715
-493
866
2218
3826
1973
6055
9529
9829
12412
13264
11884
13167
12387
13176
10581
12744
5188
5214
11000
2095
3820
5039
2594
1526
3504
-818
1645
1596
-59
442
866
-1351
-2689
-1023
-6811
-7397
-6876
-9550
-13190
-14420
-15900
-16034
-17828
-18077
-17820
-15795
-15368
-10207
-9181
-13581
-1813
1444
1485
972
4658
7655
7610
12830
13602
13703
15245
14396
15570
15492
12581
15388
13925
14210
14506
11149
8978
9926
10764
11332
12489
11275
11719
10335
10457
7962
7668
4915
976
1901
-997
-3324
-5976
-6130
-7952
-9278
-10135
-11661
-12035
-13904
-16604
-15046
-15877
-18537
-18591
-19296
-20370
-18912
-11277
-18058
-12258
-5196
-5224
1486
-1118
2098
5393
6750
8199
9933
11209
12759
11333
9469
11007
10379
9891
10248
9657
9356
8736
6297
6265
5610
3171
3745
4123
2716
886
-203
-1733
-2494
-3954
-6204
-8853
-9929
-11809
-15913
-14564
-9003
-10713
-12889
-18768
-20872
-22354
-20758
-20141
-20165
-18033
-11042
-8348
-4995
153
3389
-4028
6130
4657
3413
9965
7442
13363
13236
16580
18501
18877
18710
20896
19233
18974
15921
15136
10980
11441
13913
9890
8624
5914
4821
5263
5492
2591
2353
-1378
-823
-1962
-6892
-5078
-2991
-4336
-6264
-6659
-8369
-9601
-10078
-7788
-9040
-8547
-8868
-8982
-7563
-8703
-8693
-10286
-8969
-10097
-8323
-8214
-2870
-4735
-4985
2656
972
7234
7075
6954
7881
10469
11264
7223
8754
9670
10100
8717
9419
7782
7423
6530
6297
5907
4320
2948
-2695
-1157
-4146
-2391
-1761
-3521
-5872
-7587
-7172
-11393
-8454
-7625
-8343
-9096
-8971
-9937
-9736
-10483
-11810
-11531
-7587
-11538
-12209
-5998
-7940
-5558
-1951
-1810
-641
623
545
4610
1923
4143
5579
5578
12373
12185
12808
14120
16143
16328
17560
15529
13278
13248
12761
14009
10726
12395
8165
5525
9299
8003
3851
-1235
1131
588
-329
3402
3344
2629
3253
1401
1180
287
1014
-88
203
-3971
-6606
-2223
-5059
-4887
-6121
-5688
-6908
-6827
-6252
-7018
-7042
-9881
-9775
-7260
-7786
-5180
-3445
-8991
-195
2819
2730
5584
3583
7237
5400
7709
7168
4997
5637
1786
6822
6197
2527
3507
2501
2593
3391
5028
6567
4027
752
4267
3558
5234
6594
3742
4290
872
-93
1825
207
-979
-1944
-4340
-4979
-4659
-2616
-2193
-4940
-5822
-2600
861
-884
-724
-2684
-3892
-4261
-4882
-4602
-7059
-1908
-5778
-4886
-476
-1965
3128
1188
817
5917
1921
-1244
3802
8602
9086
4744
5433
9176
8091
7417
8059
8375
11161
12525
10796
6026
7587
9677
9086
7253
4805
3337
1435
2439
-328
-1226
-5240
-5111
-2996
-6302
-6428
-7144
-2123
-3232
-5308
-6470
-7446
-8083
-7618
-6915
-7308
-8343
-10538
-9193
-8183
-8873
-8902
-10744
-4978
-5151
-4428
-3259
-4157
658
1616
5910
4897
5156
4223
12876
12402
14641
14269
10464
13161
14167
6283
6886
7090
2041
3551
3800
1700
155
155
707
-2525
-2423
-3071
-2822
-3010
-4983
-4311
-4872
-4450
-6811
-4366
-467
-2615
-2673
-4581
-5576
-4838
-7719
-7640
-6626
-9619
-8880
-6851
-7097
-5109
-6783
-4337
3104
7221
6070
4913
7736
9738
14398
12865
12954
16573
16828
17102
16627
16359
16568
17298
15277
11227
11658
11799
6727
6060
6349
4841
2797
795
-193
-2483
-3588
-4358
-4756
-5581
-4422
-6621
-8483
-8139
-9918
-11722
-11523
-10479
-10753
-11578
-10742
-10284
-11645
-10937
-10100
-8969
-7941
-4601
-4795
-1186
-4216
-4580
2858
-804
3096
5131
5111
8000
8733
9873
11869
10396
9133
11739
12702
13179
11094
11536
10450
10873
8316
5880
2879
-1862
63
-1968
-2806
-4144
-4319
-6727
-8415
-8968
-10409
-7239
-7479
-4934
-3500
-4398
19
-238
-1903
-1363
-3164
1007
996
-498
935
-860
-2237
-2278
-1472
-4233
-2702
473
3254
-23
603
4504
4588
7814
9448
10890
11572
11704
11756
14712
12494
12631
11111
9264
8549
4440
5233
2382
1623
3119
1531
-3377
-3638
-1106
-4919
-4215
-5426
-5148
-2351
-5745
-5836
-6825
-6355
-6887
-6080
-2359
-3583
-2448
-3143
-2436
-333
-350
-2465
-4906
-1596
-3191
-3487
-5704
-5970
-9037
-11760
-8092
-5624
-6346
-12454
983
2612
4741
6628
4427
7495
7773
7614
8242
7970
7623
8088
6164
6522
5384
4557
3825
-4138
-4925
-2930
-5404
-8169
-6988
-7593
-10033
-10493
-6731
-5131
-4410
-1829
-1653
1009
2518
4695
5938
3104
1539
3965
4967
5088
5007
685
1376
4308
5144
1870
2578
1376
207
-675
-1079
-3305
-2815
-2352
-5132
397
34
3127
3582
2452
3944
5170
3450
3593
4226
1764
1543
3126
5622
2847
2926
2332
-681
-194
4654
3762
1712
5642
5304
5095
5985
5337
7101
6151
4089
5829
5691
5799
3099
1333
5010
4169
3142
3057
2575
1711
33
-1372
-3560
-4287
-6203
-5684
-7251
-8114
-8894
-10691
-10836
-6770
-8140
-13373
-6184
-3775
-1686
-813
-1040
1129
3408
2302
1960
1886
83
2853
4432
4707
2961
3430
3091
4518
4359
2817
1208
-284
2321
4980
5947
1502
3255
9781
7721
8028
6577
5219
11769
9891
9901
7652
2230
2032
1293
1592
215
-776
-1386
-3399
-4538
-6775
-8976
-10193
-14286
-11212
-11815
-12323
-7074
-14091
-12255
-5326
-7037
-1927
-3131
-5303
1477
8634
8373
11441
4941
7700
9704
8153
10015
6133
9515
10288
4597
7416
7159
6169
6892
6103
6642
5727
4069
4827
2951
3024
2643
950
1878
285
-19
-670
-1644
-1458
-3863
-5605
-6164
-7183
-8963
-10948
-12723
-13536
-17003
-18608
-14925
-18509
-19158
-15084
-9571
-7257
-10270
-5999
-4441
-1854
1258
1218
3807
6062
5533
5914
7362
2378
3973
5031
4622
4373
2336
4173
2545
4360
4627
4137
5366
5095
4278
8986
9026
6473
6100
3385
4236
635
1898
912
823
1719
796
698
-752
1452
-3211
-272
-2292
-5884
-5140
-9388
-8598
-8913
-7569
-7231
-5885
-5942
-5097
-1105
-2853
-938
71
1123
4283
5878
9617
7804
8972
12233
12103
12472
11903
10658
9264
11663
10884
9234
8713
7049
7415
5592
4485
3773
2885
2063
1065
365
1149
2132
157
-1482
-1981
-2501
-6161
-3796
-3353
-5718
-4569
-4603
-4599
-6173
-5037
-3478
-2762
-2200
-2961
-2274
-3916
-3641
-7048
-10414
-6316
-4786
-2901
-7946
-6321
-1753
33
576
-1064
99
4895
6747
7119
6352
4846
3791
3385
3220
1748
2404
4277
3366
3971
6053
8898
7662
8712
3567
2798
2792
2438
6044
3932
5427
5806
3642
5397
4523
4997
7900
7983
7236
6514
3349
4317
-1839
-5844
-1100
-631
-2826
-4967
-5447
-5291
-7168
-5714
-5258
-5585
-2829
-6388
-3341
931
1527
2984
3273
3329
2772
5116
5303
5069
5107
5421
4308
4427
3846
4236
3584
2681
4582
2094
3021
3387
2749
1857
2055
4262
1929
3646
4558
3499
5450
5185
4774
345
-1005
241
-909
-1281
-1123
-1809
-3085
-3918
-4233
-4462
-6611
-8923
-10166
-10356
-10583
-11995
-9801
-10611
-8782
-8237
-14720
-6247
-4821
-5443
-3346
-5581
-4627
-5810
-4738
-3890
-3019
-2765
-2655
-1970
3543
5306
3064
9864
12316
9720
10297
9611
11031
12971
15266
15189
9363
10761
13491
12065
10766
11069
10973
9878
9489
7297
7112
3340
2567
4246
3027
-422
-2500
-4063
-6336
-8391
-10347
-11311
-12777
-14139
-14674
-14357
-15812
-11125
-15994
-13147
-7103
-7836
-2872
-4644
-4684
-2621
1709
1215
2761
3536
3071
5359
3825
6085
6977
9394
11969
7040
8247
11299
10314
10257
10940
11009
9634
8491
6472
5788
3550
2859
7586
5757
4541
-3257
-3704
-6055
-7460
-8015
-9597
-11104
-11240
-11475
-12005
-12791
-13288
-13744
-15346
-13944
-15284
-12905
-15417
-14864
-13959
-19731
-11732
-10162
-8843
-7939
-8206
-6574
-5635
-1385
3876
3685
4414
10658
14252
17655
16707
16764
18869
19685
18667
19388
17156
16966
16407
15179
14630
12657
11013
9030
8560
6370
6266
4077
2107
-408
-1315
-52
-205
-1593
-4355
-4811
-3707
-3693
-6291
-6993
-9187
-10660
-12003
-13694
-12674
-14470
-15724
-15030
-7629
-9111
-7631
-1597
-3334
-1153
4155
287
3756
4995
8158
9104
10335
12917
13410
14418
13382
14846
14045
14797
14352
12805
10884
6919
7191
5770
4683
2084
2004
1177
-808
-677
-2538
-5293
-4799
-3722
-6231
-5718
-8243
-8661
-9990
-10767
-10202
-11627
-8972
-10172
-12300
-13338
-13494
-13397
-15451
-18992
-13259
-10571
-10571
-7090
-7752
-11187
-5810
-2365
46
2150
2899
6187
2763
10221
14219
18361
16001
15876
16338
15940
10189
10830
11688
11483
11497
10228
11123
10156
8283
9355
8058
7837
5532
4819
3454
-3349
-485
1102
-1451
-3558
-2972
-3173
-5129
-5033
-6366
-5936
-8398
-5708
-5688
-5374
-6080
-6671
-3558
-5160
-7687
-8042
-6437
-8528
-1488
-8640
-6629
492
-2061
5232
2862
4131
5209
7190
8637
8543
10326
10960
10842
11131
11085
10269
10059
10190
10768
8932
7309
8351
7520
8246
8021
4805
4847
2442
3646
3292
1165
1817
-553
-4607
-1981
1318
-491
-931
-1364
-1224
332
-282
-2331
-4418
-5286
-7552
-9960
-11679
-13961
-14729
-16177
-17037
-14265
-14278
-21814
-12094
-6821
-4862
-340
-1730
5945
7979
8599
11132
10439
11227
11482
11600
11838
13371
14885
11305
16361
14296
11877
13492
10831
11705
11528
8722
2314
3350
5639
7438
5529
4626
2719
1314
4674
1309
889
-198
-1534
-1908
-2974
-5619
-6442
-8240
-10456
-11762
-14930
-15537
-11824
-11960
-17028
-16266
-18081
-7125
-15617
-16720
-10234
-9308
-4272
-3541
-3564
-2037
2260
5850
5474
6212
6231
6354
5351
3090
5899
4992
4622
2574
2880
4042
3165
6023
5465
5462
1757
3054
3522
8803
8218
5325
5229
3802
3167
2605
1530
-5420
-6192
-9176
-9854
-10658
-11283
-11016
-11960
-13884
-15255
-16623
-17790
-16988
-19168
-17163
-17891
-13602
-12569
-15978
-9483
-2861
938
-357
10035
2984
4843
8248
9123
8409
7088
11543
10627
11974
12732
14324
16346
14319
12507
13001
13045
13529
9146
9404
11233
9341
9542
8409
8793
7226
5067
3020
2246
332
244
-873
-2391
-4230
-6983
-5981
-6078
-7634
-7059
-8296
-10466
-10596
-11560
-12732
-11619
-10883
-12277
-11986
-10371
-11646
-11731
-5877
-5933
-3071
-1113
1828
3406
3997
9235
9040
12721
11842
12190
12338
13171
15179
12145
12635
9724
9333
10314
7771
7444
6139
5212
4996
5562
4889
3971
3317
1353
-1878
-2499
-1161
-3695
-4632
-5810
-8116
-8136
-8676
-8144
-9882
-10247
-11277
-13905
-13205
-16593
-16266
-18083
-15882
-12865
-10689
-9315
-3761
-3338
-7447
4190
3694
6881
8674
10727
12753
12759
16473
14916
16908
16139
16501
15945
17731
16936
15302
14660
10564
13062
11686
12430
12166
6931
7831
7946
7367
6175
5362
3970
2323
3565
2889
957
-375
-2268
-1443
-5649
-5974
-8082
-11668
-13275
-13769
-9556
-13123
-12279
-14072
-16605
-15085
-14773
-12983
-14047
-8576
-6265
-12105
-6241
-436
-696
2929
8438
2248
5858
5994
6087
6354
7985
9749
9232
10077
7736
7459
9330
5677
5044
7108
5538
3298
2871
1551
2111
693
-123
-715
-2922
-1852
-4921
-4832
-8800
-9609
-7401
-7451
-7747
-10143
-10443
-11356
-11639
-12737
-11732
-9653
-9258
-8620
-8248
-10179
-4623
-2538
-2743
-3930
-709
-3550
-4682
5101
3557
6404
6984
7651
8953
9815
10311
12086
11843
10615
18136
16932
14329
13652
14308
14917
14871
11402
12170
4846
5202
3937
3863
1482
-1160
1923
721
-376
-35
-1859
-2850
-2723
-5535
-4410
-4186
-3614
-3932
-5855
-6154
-7761
-8513
-9226
-9367
-10515
-11086
-12001
-12474
-12605
-12829
-12170
-14324
-1211
-6988
-5096
-649
-4679
1130
2885
2415
5035
8485
8561
10746
10911
10496
11476
11147
11277
9435
10573
6639
3587
6300
4435
1821
4306
2505
1850
2418
-1555
-1340
-508
-1491
-1277
-1955
-2637
-4221
-7473
-6957
-7689
-10289
-10579
-12413
-11782
-10521
-9502
-8879
-7961
-3292
-1973
-5083
-3859
-6041
-4014
-5684
-4645
1879
-6932
1031
5673
4860
9028
10505
11861
11760
16757
14050
11884
8342
7119
10860
7343
7063
7327
6978
6938
5289
2995
1966
3871
3288
4482
3345
2145
832
-112
-1008
4351
2991
1515
591
-590
-639
-1697
-1750
-2001
-7289
-7494
-6191
-6785
-5450
-5519
-6232
-4857
-4408
-5967
-5343
-7285
-5673
-6455
-4144
-2582
-6720
2859
-2792
-1243
2832
4403
5707
4364
9335
6676
9104
8684
9337
9112
5477
8725
8664
7598
8761
6667
6068
6275
4830
4834
3155
2272
1889
-608
-937
-3160
-4290
-5454
-7905
-1330
-2191
-9657
-8011
-7833
-4827
-3181
-6170
-2998
2073
695
-1643
-1425
-1501
-2307
-5345
-6211
-6790
-3401
-6152
-5715
-7221
-6897
-520
-3963
4265
4683
5545
8287
5057
10743
11636
11215
14126
12452
11452
12099
10529
10237
9781
8679
8831
8568
8025
7260
6529
4951
6035
6326
3604
2341
911
1009
85
-1398
-2030
-2595
-3414
-4569
-4478
-5214
-4905
-7250
-10012
-6509
-6639
-6002
-9778
-8792
-9656
-11955
-11255
-13193
-11352
-11789
-8338
-13014
-9111
-1370
-789
326
2850
3704
4916
7419
6217
8451
9084
9465
7949
9023
9136
8019
8664
7707
7540
7272
5231
4190
5069
4825
3781
1871
1214
-1120
-2664
-4695
-6410
-2011
-3005
-3388
-1746
-866
-2165
5715
1701
1006
-4854
-8105
-4420
-5012
-4332
-7645
-6517
-7991
-9993
-8779
-7353
-11159
-8153
-3944
-6788
-2239
662
2025
882
2608
7514
7874
7435
9330
9180
10359
10860
11203
10378
9563
10795
9938
8139
7951
6832
5159
5055
3507
2524
-629
-561
516
-1949
-2177
-2386
-2153
-3867
-4701
-6609
-7957
-5731
-6769
-4995
-6733
-6145
-7231
-11498
-8406
-8291
-9559
-9305
-10067
-9161
-10171
-9219
-7400
-9621
-5226
-7674
-7147
-1145
-634
3059
5686
5372
5961
8288
8122
7618
8013
7665
8243
9293
7564
7935
5840
4683
5849
6286
3901
1900
925
-1039
-543
-2797
-2522
-5156
-5897
-4793
-3229
-1029
-4441
1252
1396
-5211
1028
676
-629
1662
1863
1587
-59
1259
-492
-1362
-1476
-950
852
-991
-411
-1432
-2182
1381
-1418
2564
5457
6569
9104
8053
9604
10163
9579
7883
9259
10227
10957
10139
9411
8175
