-486
-540
-351
-254
-18
-401
59
-92
-58
-238
123
-143
222
-170
111
80
254
242
179
473
94
330
-22
307
-4
405
222
629
264
617
196
229
287
96
-52
227
148
-62
139
52
282
-232
293
-70
292
-36
213
-145
306
-174
36
41
-57
18
-83
71
-31
26
-214
-4
-474
-348
-637
-378
-603
-279
-758
-334
-533
-406
-698
-386
-282
-423
-164
-61
-134
64
215
77
791
349
934
467
930
316
610
74
166
90
91
128
213
503
513
807
664
1092
568
959
340
765
359
491
417
663
398
669
417
408
200
-135
-194
-590
-548
-956
-797
-1061
-685
-1267
-849
-1181
-964
-1125
-819
-1010
-808
-1095
-855
-1108
-1223
-1025
-1264
-877
-1209
-785
-1032
-578
-684
-355
-683
29
-240
-41
-289
7
-201
-192
-146
10
217
206
720
285
734
146
510
-9
115
-71
279
-208
206
-64
206
26
-50
385
122
314
201
312
-64
294
-421
-64
-363
-178
-454
-110
-331
52
-274
-58
129
246
215
85
520
399
508
301
870
367
833
386
730
738
1047
726
1114
998
1131
950
1023
1117
757
820
447
456
-115
55
-390
256
-186
370
445
681
485
726
542
587
440
358
423
195
534
-31
299
106
175
-147
188
22
262
-163
143
-62
-71
-163
89
301
421
381
517
595
92
276
-8
180
-84
329
164
592
31
400
-94
-150
-171
-198
-409
-196
-333
-300
-343
-480
-23
-619
-122
-273
27
-644
-132
-694
-412
-746
-407
-441
-327
-280
-272
-315
-430
-343
-667
-393
-912
-382
-987
-572
-713
-489
-736
-153
-587
-184
-259
-104
66
72
324
375
591
402
804
428
732
233
695
226
384
125
209
-220
111
-123
58
140
233
238
92
419
157
120
50
183
-295
-6
-384
-183
-557
-348
-695
-203
-839
-445
-793
-597
-630
-520
-387
-491
-228
-515
-257
-598
-155
-623
-99
-457
115
-201
61
-290
215
-294
-215
-202
-492
-540
-443
-424
-419
-23
-302
181
154
317
-201
248
-258
8
-574
22
-46
434
336
771
862
877
955
909
1066
1009
1003
686
1140
468
737
359
680
261
649
73
520
77
348
197
488
635
562
576
593
466
80
257
-336
-8
-575
54
-555
-108
-386
15
-355
27
-306
-30
-280
-460
-537
-544
-630
-718
-420
-745
-94
-552
-41
-513
60
-608
-169
-673
-464
-908
-652
-948
-827
-677
-750
-701
-775
-404
-715
-305
-469
25
-430
182
-424
306
-121
269
261
531
465
843
695
708
703
457
627
275
422
363
675
149
950
303
848
565
815
572
997
487
661
550
532
573
416
524
571
727
443
627
298
610
-38
381
-138
200
-259
97
-282
-102
-302
-161
-530
-405
-525
-663
-739
-826
-761
-1240
-706
-1306
-799
-1245
-694
-924
-558
-895
-341
-642
-315
-504
-226
-183
-245
-55
-99
78
52
214
-269
256
-252
94
-326
93
-433
-140
-258
190
-165
215
504
712
634
639
676
457
576
156
476
234
615
382
852
558
767
443
668
32
365
-88
-48
-88
-200
-225
-246
-194
-274
-192
-364
19
-387
-219
-506
-223
-808
-470
-852
-636
-968
-575
-711
-586
-582
-618
-628
-707
-832
-997
-914
-1168
-932
-1236
-854
-1124
-823
-977
-624
-772
-380
-584
-85
-266
131
38
443
383
498
738
556
691
292
483
-123
224
-221
138
-37
465
271
760
244
580
260
194
149
238
240
237
612
462
790
514
769
538
617
179
663
4
499
28
239
-2
373
128
326
230
227
274
7
206
-190
115
-358
-15
-385
4
-304
327
-109
350
132
132
-48
44
-198
113
-40
14
185
-177
326
0
442
284
764
592
1118
719
1188
844
1129
988
1044
821
1081
642
640
642
486
647
334
518
126
455
-55
292
-162
261
-105
335
-6
310
42
170
6
291
178
33
312
54
198
-197
138
-330
-66
-311
31
-444
97
-187
-47
-229
-71
-236
-82
-278
-77
-43
-119
-39
-275
-142
-587
-293
-673
-338
-797
-321
-802
-290
-461
-344
-449
-77
-223
-120
-238
-317
-78
-418
-83
-272
17
-238
143
-123
-18
-367
28
-584
-335
-523
-333
-485
-278
-155
-83
-89
0
182
-189
-59
-282
-146
-494
-4
-197
242
-36
437
167
387
131
317
84
197
82
-93
-59
-59
-9
-193
52
-199
290
-249
289
-21
326
-5
350
126
116
-164
106
-208
-218
-40
-216
28
-80
257
-21
296
140
474
84
678
266
556
302
473
262
407
178
549
569
313
681
404
520
142
434
30
178
-101
137
-218
172
-192
75
-82
276
14
224
293
350
335
128
436
-1
200
-183
300
-123
192
-163
341
-176
-48
-257
-101
-202
-214
-166
-166
-92
-248
-226
-535
-137
-648
-365
-727
-126
-584
-426
-730
-543
-915
-1030
-1124
-1095
-1141
-1109
-962
-1088
-616
-780
-337
-336
94
-142
265
4
334
0
200
22
247
97
238
396
386
414
334
539
76
175
-83
457
29
297
211
546
163
381
-30
229
15
-38
78
30
208
149
295
118
444
14
438
103
546
12
245
-17
9
-390
-100
-154
-125
-129
-287
24
-405
-358
-629
-308
-783
-371
-709
-435
-692
-508
-558
-430
-439
-311
-405
-220
-242
-340
-77
-300
83
-255
125
109
377
376
642
669
931
693
901
793
746
619
677
463
489
574
314
643
256
538
309
323
200
326
-122
282
76
158
205
382
748
508
545
583
540
22
211
-210
-162
-318
-382
-327
-243
-440
-259
-309
-275
-219
-359
-345
-434
-521
-712
-820
-997
-890
-1214
-1142
-1137
-1072
-1238
-1168
-1122
-1040
-1216
-1074
-1000
-1030
-876
-1065
-748
-868
-786
-932
-714
-716
-801
-725
-497
-430
-226
-90
-81
179
133
146
254
439
170
410
171
329
205
129
231
241
222
245
188
276
350
78
454
249
336
295
420
400
616
497
816
730
634
655
653
638
519
553
490
481
166
482
135
328
269
444
348
524
360
436
239
174
122
5
95
-12
254
-52
114
-81
169
-123
273
63
287
179
100
188
5
-15
217
328
386
650
443
766
486
617
390
509
329
562
307
680
506
497
596
499
401
338
211
108
335
12
385
125
440
350
469
271
555
-1
275
-27
-23
-101
-107
48
-189
68
-81
35
-450
-159
-695
-300
-793
-574
-744
-457
-559
-610
-656
-574
-534
-898
-622
-880
-768
-927
-784
-1126
-787
-1244
-1006
-1218
-882
-970
-766
-614
-517
-264
-280
-261
-213
61
-95
134
125
422
332
589
445
899
517
737
483
491
298
66
10
30
64
16
357
146
450
152
601
415
540
481
619
446
558
212
438
388
163
414
386
540
396
617
431
698
307
438
276
219
-12
-10
-169
-32
-172
71
132
115
278
138
216
-33
176
30
270
-9
428
159
359
104
311
315
220
364
263
369
211
328
200
462
283
689
655
841
776
1179
865
967
739
715
662
516
454
338
367
251
304
-105
283
-176
9
-122
-18
-115
185
-35
277
148
191
184
87
267
3
237
87
388
93
429
165
366
-7
73
19
-77
-169
-97
-233
-249
-264
-532
-447
-696
-466
-775
-379
-602
-435
-596
-482
-778
-721
-802
-1007
-849
-902
-909
-824
-591
-739
-399
-644
-418
-515
-515
-724
-540
-657
-618
-556
-449
-463
-244
-202
-320
-147
-351
-302
-571
-411
-572
-343
-566
-336
-444
-377
-533
-617
-497
-516
-483
-166
-111
54
441
223
513
259
458
236
347
178
333
100
43
18
-145
-219
-224
-84
-13
83
287
423
211
520
110
151
-125
-112
-390
-372
-468
-482
-629
-464
-389
-402
-297
-249
6
-154
170
46
407
238
449
585
661
548
788
744
667
569
622
349
59
249
-207
-163
-216
-78
-197
-15
-10
138
-86
38
38
158
-101
93
182
133
191
95
407
112
423
275
234
171
229
-83
-5
-135
98
-86
-156
-76
-158
-344
-523
-520
-696
-631
-850
-509
-715
-612
-688
-578
-741
-520
-666
-567
-599
-522
-730
-793
-586
-971
-765
-1002
-776
-887
-615
-706
-358
-349
-105
-32
100
199
239
581
638
794
996
1343
1017
1255
983
821
446
418
150
155
286
275
326
303
446
380
367
422
434
160
263
230
350
249
371
457
648
386
491
569
418
313
315
241
96
45
-200
12
-129
-123
-145
87
-25
63
-103
-30
152
-126
-201
-140
-362
-529
-545
-758
-514
-617
-359
-280
-175
-69
-88
-33
75
-3
159
241
228
354
368
288
353
560
499
782
819
1048
934
895
883
844
644
632
552
609
398
251
180
174
95
-106
212
174
472
361
740
940
847
586
753
622
278
172
406
281
195
352
470
482
205
405
166
343
37
-172
-170
-141
-522
-438
-487
-559
-571
-653
-613
-659
-789
-828
-655
-733
-652
-725
-441
-542
-388
-567
-247
-277
-320
-231
11
-50
-215
-85
-187
-191
-366
-205
-388
-262
-343
-98
-208
-124
-158
-77
-221
-173
-188
-156
-154
-66
-90
-119
48
-4
242
-27
404
326
310
315
506
355
595
499
574
660
510
297
341
264
71
245
132
277
247
72
23
299
-81
9
-239
93
-150
-54
-156
-35
-135
-92
-119
-93
105
-54
156
40
279
-70
245
-59
184
-112
-7
-69
69
-33
107
404
464
535
740
846
755
871
825
978
645
799
559
711
563
709
406
719
323
431
307
275
124
231
111
249
163
-51
408
16
458
125
418
404
494
223
587
107
324
-25
-5
-87
-128
-356
-420
-515
-713
-537
-1000
-640
-852
-620
-964
-934
-1071
-996
-1393
-892
-976
-672
-809
-382
-632
-621
-798
-878
-807
-1004
-785
-952
-419
-715
-201
-338
24
-175
237
-60
475
223
351
308
434
335
511
537
565
645
291
562
21
153
-394
-62
-439
29
-373
157
-162
222
3
-27
-55
-118
-145
-95
190
113
417
326
727
231
609
344
690
233
679
220
452
58
173
-21
119
-86
-93
7
-292
-205
-454
-313
-822
-351
-703
-301
-589
-74
-381
110
-106
158
12
376
204
228
178
10
-12
-254
92
-150
288
36
526
41
467
28
134
-220
-63
-308
-8
-208
-15
59
-57
73
-191
-93
-222
-71
-214
59
-118
163
-281
-70
-342
-230
-343
120
-275
183
157
134
117
153
90
-75
-45
-250
-143
-559
-484
-996
-702
-1159
-1072
-1161
-968
-1179
-861
-1014
-751
-777
-785
-698
-581
-645
-613
-642
-836
-671
-992
-705
-854
-625
-633
-338
-533
-134
-469
-283
-542
-593
-678
-573
-583
-463
-378
-211
-99
-262
79
-156
195
43
-4
-128
12
-318
-246
-434
20
-182
54
266
328
395
313
340
346
139
0
346
262
311
472
663
494
605
412
557
269
445
233
289
113
131
17
-42
-74
-154
-322
-189
-261
-406
-245
-250
-242
-383
-141
-381
-259
-396
-141
-307
-155
-289
-70
-183
77
82
350
331
523
719
670
835
805
945
759
1088
679
787
539
672
387
445
209
439
331
307
177
311
240
-74
11
18
-2
49
271
184
493
441
653
381
786
470
640
497
754
599
665
642
630
488
329
366
255
259
98
317
-149
66
-162
-319
-461
-84
-550
-324
-384
-290
-561
-369
-320
-500
-340
-417
-324
-396
-399
-530
-201
-558
-444
-505
-221
-532
-242
-139
93
-64
186
245
300
427
362
442
441
565
278
443
356
426
194
444
395
528
341
611
587
563
303
426
410
180
260
262
270
204
536
362
531
550
611
519
524
535
543
238
392
264
220
97
182
192
146
191
173
250
-67
-40
-28
-125
-303
-91
-238
-289
-389
-498
-599
-487
-495
-490
-284
-138
-182
-16
-53
-16
-59
-291
-130
-217
-225
-206
-21
-6
-21
-16
85
-2
-83
-127
22
39
132
161
321
437
338
378
389
417
250
234
164
211
100
108
253
159
289
428
294
372
297
128
239
168
-11
113
62
31
-126
-55
-135
-142
-82
-150
-22
-167
-31
-196
-230
-258
-475
-572
-665
-800
-787
-863
-778
-763
-632
-680
-639
-509
-545
-488
-417
-402
-330
-209
-409
-186
-279
-341
-295
-354
-392
-327
-505
-346
-218
-299
-169
-217
-195
-146
-261
-143
-125
-194
-31
-76
-54
116
88
43
367
288
320
477
437
393
427
390
415
252
391
423
291
380
348
247
137
106
-50
-209
-333
-405
-517
-610
-645
-737
-733
-766
-851
-757
-915
-816
-954
-946
-1008
-960
-1137
-1039
-770
-869
-629
-456
-403
-349
-289
-427
-362
-458
-457
-594
-392
-489
-411
-272
-154
-13
35
166
214
228
207
299
152
224
276
168
250
414
287
407
379
307
238
189
95
25
56
224
267
436
409
626
613
441
555
514
491
471
499
476
610
351
455
274
289
91
40
20
-129
-280
-240
-361
-375
-419
-525
-424
-474
-350
-494
-335
-316
-259
-350
-273
-461
-398
-555
-497
-476
-385
-283
-6
59
153
177
227
363
193
351
283
515
353
671
505
515
573
504
378
469
402
457
404
421
516
500
424
468
515
272
508
383
329
269
251
175
387
236
501
406
663
539
457
604
465
381
463
499
472
721
529
579
515
366
196
1
-191
-266
-473
-441
-693
-671
-765
-715
-742
-500
-488
-314
-320
-130
-185
-275
-91
-132
-156
-161
103
-102
36
-32
118
-50
74
60
127
66
331
99
252
302
260
294
250
319
420
361
404
606
266
549
410
471
299
395
263
573
291
539
560
564
596
629
683
638
700
597
490
373
275
5
165
-253
-152
-325
-299
-559
-318
-730
-503
-658
-714
-796
-872
-739
-938
-787
-636
-585
-729
-313
-497
-409
-385
-351
-568
-354
-604
-415
-536
-294
-261
-253
-144
54
-127
-206
-104
-167
-83
-219
22
51
331
170
418
366
437
222
385
220
162
150
178
113
313
343
314
390
495
384
344
486
255
571
524
591
481
718
410
555
512
451
555
554
489
607
455
421
336
167
134
-18
-119
-216
-361
-334
-310
-552
-312
-460
-383
-385
-277
-481
-300
-317
-288
-354
-260
-158
-165
-116
-76
-175
-160
-166
-179
-322
-243
-105
-137
51
111
190
128
253
45
193
-117
25
-90
25
-112
68
-173
-68
-84
-105
-145
-105
-61
-135
-44
-168
177
47
280
281
495
192
589
211
352
143
323
70
189
13
185
187
-155
260
4
14
-92
-24
-334
-190
-499
-328
-635
-395
-579
-404
-740
-498
-812
-736
-748
-721
-782
-650
-643
-830
-618
-757
-506
-588
-217
-240
253
-276
220
-146
75
-303
-10
14
100
101
502
408
425
496
332
405
248
493
171
589
194
649
246
630
365
764
291
767
509
679
534
865
719
644
936
723
716
508
747
120
414
-149
218
-350
72
-289
224
-294
64
-266
-170
-439
-200
-337
-407
-260
-441
-323
-781
-323
-895
-527
-804
-280
-782
-108
-522
3
-352
-76
-498
-296
-498
-421
-379
-397
-112
-275
-168
-368
-15
-464
41
-416
267
-167
399
71
546
120
651
374
536
309
513
467
225
496
314
567
349
797
417
846
211
761
116
388
-31
436
-38
447
191
229
81
200
3
-167
-8
-168
34
-308
186
-449
67
-635
-270
-865
-528
-1074
-581
-1058
-595
-785
-839
-626
-766
-730
-759
-543
-640
-358
-646
-106
-607
-161
-472
-82
-380
113
-278
74
-322
-299
-411
-455
-432
-52
-71
118
322
161
277
-219
228
-194
162
80
444
199
679
314
658
360
634
518
674
702
896
880
931
1021
927
1047
948
1217
935
1158
915
1056
439
628
152
228
-107
32
-390
-173
-495
-430
-590
-439
-496
-477
-397
-572
-573
-1043
-967
-1332
-1090
-1477
-793
-1056
-630
-753
-443
-788
-490
-759
-389
-420
-390
-46
-17
-57
-143
77
-340
-153
-364
-89
-552
-108
-424
-189
-326
-184
-494
-260
-434
-234
-291
-217
-34
71
12
201
400
172
604
472
990
548
869
818
962
792
1167
851
1143
818
856
691
438
378
384
299
203
288
16
161
-261
-31
-450
-244
-438
-273
-465
-359
-692
-550
-732
-726
-957
-878
-968
-886
-772
-851
-492
-646
-408
-399
-315
-453
-123
-232
43
-186
267
24
49
50
158
147
294
398
503
488
507
551
336
677
353
554
587
576
435
583
397
621
531
655
737
889
959
1092
938
953
921
670
678
519
508
531
617
617
747
575
652
478
464
189
214
107
80
-40
-115
-142
-321
-434
-530
-589
-741
-854
-815
-932
-1005
-996
-958
-1023
-1023
-1092
-1035
-1004
-1172
-1032
-1125
-991
-1000
-754
-745
-395
-422
-207
-159
-85
-93
-75
104
165
82
369
433
299
605
419
605
574
692
685
693
676
870
583
655
452
466
222
241
342
330
350
433
551
363
437
308
251
177
190
28
102
-39
161
-55
94
-76
-119
-306
-267
-470
-419
-501
-455
-267
-418
-335
-427
-285
-407
-266
-376
-18
-362
-17
-135
-295
-168
-198
-271
-100
-44
-102
123
99
177
326
334
441
612
246
509
243
133
12
92
267
201
388
620
610
742
656
593
682
548
579
689
762
971
1094
1133
1317
1122
1153
1004
856
848
623
499
653
481
473
551
349
272
121
-18
-172
-281
-298
-283
-334
-200
-127
-234
-15
-257
-170
-306
-532
-681
-773
-912
-870
-760
-733
-466
-439
-146
-354
-92
-131
-269
-201
-237
-531
-228
-516
-418
-198
-466
-493
-481
-622
-671
-732
-763
-644
-888
-599
-858
-654
-699
-451
-411
-22
-143
306
202
314
447
298
550
585
503
563
688
309
670
279
333
190
346
-48
323
-105
95
-22
-79
-155
-186
-220
-282
-449
-588
-506
-942
-847
-1134
-796
-1245
-864
-1112
-817
-1185
-836
-1260
-999
-1223
-1091
-958
-985
-747
-792
-446
-689
-208
-522
-176
-477
21
-251
-3
18
432
146
534
471
469
427
264
341
283
213
192
195
-71
248
-237
41
-278
124
-234
168
17
500
223
663
763
662
734
693
627
343
569
138
260
4
168
-38
169
-107
238
-82
-11
-213
-54
-477
-247
-322
-357
-474
-428
-560
-717
-644
-820
-558
-972
-467
-810
-519
-782
-548
-878
-623
-851
-500
-619
-541
-123
-150
-75
-14
72
92
236
61
509
451
736
633
937
586
814
593
608
483
501
417
577
528
587
728
745
1120
946
1148
979
1099
792
841
685
746
615
768
830
750
819
726
604
517
520
452
453
685
692
669
800
622
469
399
180
-24
62
-209
-363
-464
-657
-725
-805
-777
-655
-720
-617
-650
-634
-596
-631
-562
-407
-615
-346
-445
-427
-473
-373
-323
-416
-215
-187
-188
-148
-129
-427
-133
-411
-329
-407
-91
-58
166
364
531
497
473
536
441
163
280
217
73
301
87
365
187
425
296
573
348
487
376
497
335
166
275
352
71
233
399
49
185
-30
-20
-477
-305
-577
-647
-679
-427
-661
-442
-441
-409
-542
-495
-451
-464
-419
-416
-225
-387
-270
-455
-287
-353
-139
-157
83
123
263
19
6
25
16
-27
59
124
205
156
258
164
-4
38
-75
27
-148
-8
170
368
298
813
888
999
1088
1316
1190
1475
1261
1254
1334
1108
1330
1150
1110
1237
1195
1069
1078
734
584
170
195
147
76
108
349
228
349
211
202
20
-9
-130
-230
-306
-469
-587
-820
-681
-835
-658
-816
-627
-707
-749
-874
-859
-920
-852
-1021
-865
-901
-1002
-819
-889
-954
-961
-845
-972
-958
-837
-681
-783
-582
-363
-276
-419
-89
-209
-86
-123
-197
-126
-435
-399
-259
-393
-44
310
420
771
896
939
751
548
324
184
83
22
29
305
141
365
277
407
263
343
326
253
308
82
2
-47
-96
-368
-172
-305
-205
-480
-386
-735
-871
-1044
-1120
-903
-872
-822
-713
-698
-720
-736
-862
-686
-633
-509
-398
-227
-353
-157
-210
-142
-38
110
195
427
500
664
733
784
688
486
385
278
232
150
358
312
475
420
481
435
506
476
581
574
578
610
638
517
609
550
767
883
835
1035
911
992
737
783
705
754
633
726
576
506
206
-20
-271
-318
-608
-731
-501
-694
-610
-676
-608
-715
-580
-674
-458
-548
-624
-532
-569
-807
-654
-861
-806
-728
-725
-604
-554
-229
-180
17
-24
58
-6
-211
-403
-269
-447
-338
-322
-110
-189
-88
-104
-85
-83
-93
-191
-229
-150
-91
-115
-139
303
252
496
413
551
494
513
245
588
280
585
449
472
564
419
361
186
261
-47
205
-85
49
-183
28
-381
-127
-482
-357
-457
-408
-377
-489
-538
-571
-665
-851
-683
-866
-659
-774
-397
-654
-261
-532
-196
-406
-168
-226
-190
-219
-118
-132
-223
-156
-224
-161
-330
35
-230
89
3
356
69
437
385
583
575
795
656
869
572
644
562
432
637
646
922
670
1107
769
1040
560
999
670
845
718
979
661
646
452
283
97
8
-18
-207
65
-176
102
-124
225
-172
186
-347
-238
-537
-553
-887
-761
-961
-767
-905
-844
-829
-880
-752
-923
-690
-1002
-523
-794
-365
-712
76
-175
89
-101
141
-2
220
-154
120
344
126
484
174
511
147
434
104
611
139
646
244
475
131
286
-22
55
96
147
326
413
626
291
568
122
420
-176
75
-190
187
-188
383
-23
306
171
124
32
-143
-25
-300
-215
-352
-120
-632
-212
-764
-494
-917
-828
-1008
-780
-1146
-911
-1054
-902
-951
-1009
-856
-957
-582
-700
-334
-590
-330
-728
-340
-713
-424
-464
-214
208
172
89
531
413
399
569
499
693
518
467
381
430
31
529
315
602
695
823
696
870
783
737
644
621
654
450
508
519
669
538
752
786
834
657
903
749
688
516
476
173
-107
-125
-218
-356
-39
42
112
167
20
-7
-257
-152
-120
-111
-77
196
32
-67
-5
-236
-456
-294
-523
-371
-394
-261
-238
-177
-5
-112
-89
-13
3
60
140
74
241
209
103
148
226
106
222
154
773
618
627
842
1036
916
753
828
903
997
1021
1194
1040
1109
721
791
558
555
485
388
336
587
163
151
395
175
283
282
221
13
-265
-473
-424
-738
-393
-340
-83
-179
-32
-214
-132
-387
-444
-423
-684
-544
-829
-695
-966
-796
-1020
-685
-911
-651
-625
-448
-532
-406
-195
-562
-298
-620
-599
-638
-630
-759
-331
-560
-330
-501
-214
-284
-216
-13
235
321
310
600
253
427
83
66
-194
25
-116
233
84
518
249
476
600
537
777
723
1041
839
872
351
674
106
416
124
364
366
265
85
32
-291
-316
-215
-457
-247
-525
-354
-891
-543
-1056
-925
-956
-693
-927
-579
-646
-841
-837
-1130
-959
-1162
-1277
-1119
-592
-712
-195
-262
-10
-449
-412
-713
-769
-622
-413
-215
-98
98
-44
-133
-256
-369
-374
-280
-409
-55
-265
-189
-278
65
-12
240
333
543
761
719
796
905
1086
1089
1172
1057
1231
1039
888
940
903
535
648
445
497
459
293
455
651
414
383
543
251
64
-138
-261
-436
-458
-774
-748
-728
-763
-801
-620
-394
-257
-218
-212
-91
-436
-522
-675
-664
-670
-794
-441
-434
-454
-276
-382
-384
-190
-276
-253
-191
-223
-295
-407
-444
-462
-364
-322
-229
-5
267
173
452
643
365
418
354
257
267
256
206
333
393
411
340
379
542
291
415
495
527
536
438
469
426
161
99
70
-206
-205
-433
-457
-501
-534
-555
-417
-328
-264
-215
-174
-339
-496
-656
-590
-660
-708
-332
-389
-183
-272
-235
-498
-356
-386
-362
-160
-8
96
133
243
290
523
327
471
642
569
420
485
264
261
8
7
25
-152
77
232
382
552
589
576
652
610
519
353
598
789
817
893
1098
1177
1099
1102
1138
1036
836
815
720
528
471
469
384
243
287
231
2
27
156
-51
0
2
-28
-184
-328
-281
-373
-633
-576
-264
-592
-596
-579
-581
-620
-541
-409
-87
-56
281
298
259
282
20
-18
-366
-356
-495
-575
-704
-416
-374
-188
163
452
230
298
190
-24
-255
-330
-168
-208
77
8
407
161
358
327
207
282
454
365
488
613
694
641
566
765
429
519
420
556
284
385
196
226
100
4
-59
-182
-367
-516
-562
-973
-996
-975
-978
-1163
-881
-1162
-1167
-1158
-992
-1149
-946
-817
-700
-680
-758
-550
-932
-976
-1083
-916
-1140
-955
-634
-282
-243
174
355
397
586
606
580
501
657
611
783
617
915
723
779
618
622
563
331
365
467
512
434
588
426
684
495
637
736
944
850
755
620
534
162
63
130
-21
146
22
385
208
312
277
173
-5
-30
-236
-300
-249
-346
-341
-308
-116
-349
-311
-520
-273
-509
-475
-463
-545
-442
-560
-400
-418
-343
-291
-179
-332
-174
-392
-329
-346
-168
-153
-36
92
191
310
236
459
330
500
306
379
223
286
247
387
445
559
618
632
641
457
459
310
243
227
168
-70
208
216
281
309
588
429
411
323
458
229
69
253
-6
153
34
48
-106
22
-141
31
-189
-187
-222
-429
-402
-538
-459
-607
-369
-268
-331
-333
-306
-505
-483
-848
-787
-763
-941
-846
-851
-741
-779
-620
-680
-548
-676
-477
-542
-589
-361
-440
-541
-535
-439
-434
-140
-85
348
287
358
206
231
6
-61
192
287
583
720
1079
962
1097
854
794
687
871
581
692
822
884
896
947
964
879
864
535
825
630
549
468
577
39
147
-105
-192
-189
-326
-214
-88
-179
-383
-179
-547
-479
-791
-737
-808
-822
-740
-637
-631
-490
-376
-483
-429
-380
-412
-558
-476
-377
-373
-350
-166
-168
-42
-218
-168
-218
-273
-300
-378
-227
-136
-142
-25
187
167
320
200
240
183
58
-24
163
371
526
742
776
1007
829
961
926
874
858
677
451
347
77
-18
121
91
140
26
169
-144
-179
-619
-602
-730
-863
-885
-1026
-978
-969
-800
-844
-424
-713
-618
-560
-642
-849
-920
-818
-743
-968
-872
-640
-754
-636
-528
-465
-497
-361
-400
-392
-333
-173
-152
-119
-243
-25
-221
-261
-110
-306
-353
-258
-402
-378
-467
-574
-537
-691
-517
-479
-482
-337
67
44
113
253
357
167
102
172
395
375
569
779
884
758
677
771
496
351
440
411
126
456
262
250
245
236
-24
39
-58
-92
-402
-319
-425
-562
-524
-750
-447
-561
-521
-563
-308
-790
-651
-820
-754
-836
-724
-648
-366
-302
-186
-102
-119
6
-293
-194
-436
-102
-269
-70
121
375
369
735
510
904
737
808
852
689
697
501
624
639
778
543
959
536
910
655
761
750
919
824
1065
783
980
1123
878
1073
866
718
273
402
-282
-126
-489
-277
-399
-312
-588
-359
-530
-678
-565
-591
-498
-568
-465
-589
-233
-362
-25
-358
129
35
204
29
237
202
-78
-40
-46
-204
-245
46
111
277
202
442
214
401
42
337
232
400
242
275
285
219
185
82
142
149
235
-10
295
199
166
246
428
449
606
438
749
524
720
689
636
680
648
685
596
645
614
690
713
794
635
817
495
590
283
197
-8
-313
-535
-573
-791
-822
-660
-728
-486
-382
-327
-409
-474
-455
-421
-536
-216
-246
-18
163
176
245
510
420
224
240
148
-2
-23
68
125
225
119
183
151
116
59
359
240
248
214
7
19
-162
-342
-243
58
-7
71
102
306
182
192
250
124
256
168
268
453
640
674
860
904
884
751
589
467
352
185
-80
-42
-311
-356
-318
-333
-395
-409
-464
-671
-866
-1000
-1159
-1182
-1049
-956
-864
-781
-780
-950
-1025
-1268
-1215
-1176
-1072
-882
-554
-377
-318
-150
-63
-37
-37
-65
-111
-28
-27
-79
39
156
180
295
374
572
517
634
521
518
417
309
289
344
134
168
195
92
260
49
256
136
69
53
-72
-279
-110
-308
-185
-138
11
15
83
316
208
289
109
158
-33
-38
-157
-50
-417
-347
-407
-488
-648
-828
-702
-841
-940
-774
-580
-727
-484
-626
-673
-743
-675
-722
-551
-512
-343
-334
-549
-587
-709
-730
-689
-341
-205
165
274
326
459
419
279
345
437
410
611
633
800
929
864
763
784
612
484
476
455
656
687
689
882
897
885
1013
930
1081
838
806
640
284
115
-35
-60
-105
-91
-50
-138
-178
48
-107
-11
-29
163
84
2
47
-93
-170
-271
-175
-168
-301
-271
-135
-348
-265
-183
-252
-279
-203
-391
-303
-154
-123
47
98
169
-35
63
-171
-266
-333
-400
-302
-220
-193
-182
-338
-689
-599
-736
-603
-615
-189
29
301
391
631
824
824
926
987
1059
841
1157
750
654
535
481
363
472
517
899
802
721
722
611
431
321
336
190
217
-126
123
-462
-233
-375
-301
-171
-10
-152
1
-314
-552
-568
-875
-650
-886
-732
-854
-647
-926
-520
-947
-840
-922
-913
-1097
-1034
-710
-696
-541
-414
-135
-199
-82
-138
389
112
616
558
673
687
636
446
634
341
366
432
120
365
-86
-33
-117
15
-168
93
-75
419
233
398
511
449
446
507
550
488
652
418
744
326
515
220
161
37
65
-39
68
197
67
40
58
161
-114
-63
-96
53
-58
-158
-348
-516
-831
-887
-924
-1035
-904
-747
-586
-588
-556
-363
-541
-499
-358
-386
-252
-139
-113
-50
-133
-67
-68
-215
-34
-88
29
-31
135
-116
34
-128
-77
-79
-43
0
23
79
-89
-119
-151
-178
-414
-30
-335
-10
-58
150
95
445
253
497
425
554
670
571
640
489
547
320
538
39
301
57
171
-257
-2
-477
-359
-576
-308
-424
-192
-232
-273
57
-113
106
83
293
-122
236
-444
-114
-621
-392
-718
-339
-770
-515
-486
-200
-300
-257
-144
-538
-363
-737
-247
-605
1
-260
384
-8
475
176
361
208
467
169
280
370
318
209
221
553
66
426
0
458
-133
317
199
226
-76
226
-127
-13
-99
47
22
130
50
202
147
20
336
0
245
-106
79
-135
-27
-242
41
-497
-271
-605
-364
-612
-404
-447
-197
-134
0
207
37
375
326
500
366
567
118
361
138
460
148
652
463
640
445
498
439
303
332
349
347
132
388
201
350
140
326
178
314
134
454
248
370
273
297
39
176
113
96
318
411
654
538
758
545
669
503
604
418
475
447
406
283
248
204
122
-23
-109
-131
-354
-578
-514
-635
-845
-804
-1030
-897
-947
-906
-700
-671
-676
-618
-538
-477
-482
-315
-322
-325
-157
-62
-138
-147
90
235
244
419
592
705
877
793
887
742
552
477
275
132
117
-85
-97
-74
-168
51
32
231
77
270
302
351
252
252
102
-69
-106
-167
-267
-464
-248
-328
-199
-289
11
-164
30
-144
-24
-144
-224
-367
-241
-470
-448
-505
-685
-526
-714
-456
-777
-418
-668
-363
-660
-381
-713
-596
-741
-780
-725
-826
-754
-613
-686
-772
-521
-823
-447
-585
-341
-389
-87
-309
-66
-370
35
-107
-138
28
0
-18
-24
146
234
182
147
308
54
192
-5
181
11
53
-104
-27
-290
37
-106
8
190
410
370
487
503
537
552
471
548
278
413
243
161
31
73
-68
76
-180
52
-140
-13
-214
-110
-382
-453
-396
-419
-497
-390
-383
-536
-503
-648
-507
-712
-679
-804
-585
-731
-536
-537
-350
-432
-67
-375
-66
-215
-58
-62
-63
54
111
119
37
245
-51
273
-5
215
102
424
96
462
289
427
347
444
391
440
424
502
686
493
665
741
833
555
743
409
422
60
270
34
264
217
222
218
246
134
264
247
217
236
235
147
61
-36
-268
-111
-468
-482
-552
-630
-814
-396
-499
-128
-132
212
255
293
232
248
-78
-99
-133
-381
-335
-291
-184
-130
180
14
428
436
395
279
473
53
234
-7
68
-71
64
-34
25
-127
8
216
-30
293
217
388
213
293
372
450
285
686
403
650
541
708
596
619
547
817
677
749
792
765
847
546
700
437
395
193
275
2
169
-94
43
-243
-75
-331
-189
-276
-310
-337
-340
-445
-508
-487
-646
-649
-590
-596
-681
-433
-574
-353
-439
-231
-362
-127
-265
50
-165
164
71
158
8
47
39
53
-15
100
-60
-154
29
-270
53
-168
171
-17
240
193
369
86
565
137
350
355
347
297
531
366
651
618
435
852
660
916
587
872
537
611
247
451
45
264
10
195
51
202
-114
-17
-177
-248
-345
-534
-367
-450
-362
-452
-94
-485
-107
-413
-48
-478
-105
-262
41
-72
204
80
106
162
32
1
-51
-78
-206
-192
-366
-33
-369
64
-161
215
-73
148
-191
38
-352
-310
-350
-335
-160
-223
-63
-2
64
-8
154
-20
123
-37
104
-146
55
-214
-175
-183
-191
-404
-164
-325
-208
-301
-378
-482
-537
-703
-790
-729
-777
-495
-638
-391
-475
-483
-612
-745
-700
-675
-821
-614
-670
-498
-546
-471
-503
-235
-265
-140
46
97
137
47
26
67
11
-43
193
224
275
278
401
235
273
321
402
459
553
581
717
549
542
516
372
400
568
375
597
614
467
314
440
297
230
288
391
468
306
530
356
290
152
92
-256
-125
-365
-230
-470
-317
-321
-278
-371
-293
-494
-467
-399
-544
-376
-510
-481
-581
-557
-705
-406
-642
-248
-314
-169
-337
-73
-234
-200
-282
126
117
93
519
457
604
493
658
575
568
433
704
523
920
718
878
671
695
460
379
317
331
255
36
76
158
131
37
340
283
392
327
453
276
405
280
413
273
504
488
644
702
765
736
557
390
354
245
81
180
176
168
-15
7
-202
-156
-312
-103
-290
-51
-80
-299
-291
-285
-408
-444
-443
-382
-225
-149
51
320
386
241
459
309
78
-58
-38
-99
-54
-2
118
241
306
262
177
217
237
103
186
339
279
101
294
92
56
-16
103
133
26
161
-34
54
-138
-1
-73
-120
-44
103
-75
-178
-85
-53
-133
73
-23
-22
-82
-191
-359
-480
-496
-592
-554
-808
-579
-877
-957
-1051
-956
-1118
-895
-846
-793
-578
-530
-639
-591
-629
-879
-917
-1049
-1140
-1171
-943
-882
-491
-501
-255
-130
-147
-413
-262
-530
-511
-488
-379
-338
-254
-95
-67
-84
-193
107
-65
242
95
221
204
266
324
355
506
704
557
730
604
608
586
493
636
627
483
453
486
295
255
134
394
221
330
191
119
-13
31
-201
-125
-315
-220
-268
-381
-313
-353
-478
-559
-448
-697
-645
-678
-526
-656
-601
-669
-374
-658
-446
-366
-306
-266
-116
-144
-18
122
154
179
116
331
-25
130
76
104
90
101
109
95
-89
-11
-232
-29
-72
-98
-163
-77
105
13
38
279
358
161
237
297
314
181
331
348
468
285
475
518
516
617
649
646
621
602
508
362
309
160
135
-47
-66
-274
-181
-302
-379
-190
-243
-117
-58
107
78
185
85
128
-16
-84
-209
-41
-226
-103
-165
51
-97
18
173
313
429
336
545
547
419
302
564
361
466
363
465
329
298
108
209
-50
75
-33
89
-63
116
158
120
272
295
394
96
345
172
298
326
548
597
800
566
813
384
307
75
104
-9
-36
-1
145
130
-24
17
-155
-36
-587
-487
-524
-667
-669
-409
-812
-283
-529
-490
-436
-407
-495
-437
-498
-265
-335
-397
-158
-305
-139
-245
-94
-175
-27
-151
206
-113
110
-94
25
-99
-109
-224
25
-162
74
134
-4
241
152
246
47
124
149
294
40
596
379
488
576
649
326
475
180
356
52
105
186
18
160
154
117
85
145
-96
53
-80
76
-217
-110
-302
-221
-742
-336
-653
-517
-556
-511
-435
-405
-208
-148
-91
-61
203
-84
115
-135
-35
-143
-34
-221
50
-81
217
158
322
442
390
464
480
244
376
228
74
113
-163
18
-144
-174
-271
-155
-266
-238
-408
-73
-178
46
58
215
399
378
173
227
181
176
132
155
343
322
211
255
223
44
188
-212
-4
-198
-130
-204
-156
-257
-149
-340
-332
-384
-529
-539
-452
-562
-600
-611
-729
-662
-690
-592
-731
-473
-426
-366
-535
-302
-420
-293
-313
-207
-135
-60
101
99
35
308
257
212
418
437
529
336
367
334
299
70
321
367
379
502
627
635
591
553
507
410
465
419
557
720
784
718
803
722
538
610
440
466
569
495
427
612
405
256
262
184
40
80
101
-91
-155
-174
-462
-576
-614
-606
-699
-737
-683
-493
-644
-706
-439
-637
-588
-470
-454
-438
-355
-426
-456
-382
-294
-102
-155
-77
164
2
23
-15
-186
-61
-142
-75
-41
118
302
147
259
223
150
-36
-44
-105
0
-47
98
177
153
376
434
302
332
380
263
442
437
655
542
567
576
522
258
159
217
241
0
115
9
-117
-209
-215
-232
-338
-375
-374
-346
-477
-287
-462
-549
-603
-622
-851
-753
-798
-601
-734
-599
-562
-431
-413
-218
-82
69
101
139
144
105
83
-81
185
66
205
111
377
183
189
145
198
121
186
46
279
368
311
402
479
481
642
610
595
813
696
803
753
814
865
988
942
1215
1003
1115
972
797
691
659
468
469
226
298
165
55
10
-64
-349
-522
-578
-858
-862
-989
-737
-968
-818
-829
-768
-929
-950
-881
-880
-1001
-718
-842
-709
-616
-540
-684
-534
-469
-369
-266
-255
-16
-97
-212
-348
-379
-683
-633
-689
-430
-522
-146
-214
24
42
122
28
129
7
-23
-54
-221
-134
-69
-140
-35
234
-23
315
282
345
336
426
496
659
561
773
557
640
614
536
334
230
209
186
216
209
366
323
216
117
-128
-412
-342
-312
-270
-225
-124
-244
-256
-565
-701
-953
-799
-860
-680
-564
-331
-132
-153
-57
114
-97
-6
-3
-62
136
33
37
94
122
-38
28
-195
-198
-304
-283
-251
-176
-35
143
167
368
93
268
109
10
-24
31
-73
-38
37
186
285
252
430
302
389
241
368
183
507
347
400
343
301
146
71
-17
133
36
70
106
84
-56
-73
-157
-244
-322
-428
-355
-715
-528
-687
-639
-684
-653
-741
-528
-597
-281
-347
-164
-16
135
102
236
239
152
211
-13
13
17
57
51
188
216
455
378
385
210
356
-43
-19
6
109
49
312
354
407
604
511
595
675
436
419
462
364
510
373
555
713
649
524
627
471
539
125
127
15
107
-46
-80
-108
-22
-287
-351
-466
-640
-664
-869
-782
-773
-753
-809
-655
-735
-661
-797
-711
-889
-725
-912
-675
-659
-487
-456
-261
-186
-170
32
32
18
76
89
-4
-27
-110
-3
-272
-155
-182
-170
-198
46
23
289
234
353
320
389
363
392
429
637
765
660
812
767
801
676
667
563
690
412
545
442
386
394
340
355
318
319
378
308
257
129
-88
-304
-351
-601
-611
-627
-623
-501
-666
-383
-419
-414
-370
-232
-356
-368
-493
-520
-361
-399
-316
-101
-60
183
217
331
280
167
229
18
74
-88
81
214
286
428
621
752
605
565
597
317
279
236
357
444
428
644
592
702
564
522
571
468
392
390
286
211
221
192
180
278
437
395
372
339
244
11
22
-106
-23
-27
99
101
93
21
-267
-319
-610
-719
-959
-852
-798
-767
-695
-579
-523
-501
-700
-605
-689
-751
-822
-767
-776
-999
-824
-849
-878
-751
-580
-501
-327
-368
-163
-365
-253
-421
-414
-501
-611
-448
-478
-448
-258
-132
89
196
167
364
359
441
436
645
786
956
915
1303
1206
1132
1022
1091
936
739
747
615
684
754
647
692
758
598
507
311
342
196
33
-141
-151
-302
-429
-578
-478
-673
-543
-602
-502
-520
-476
-548
-528
-447
-612
-558
-592
-585
-574
-480
-550
-122
-124
-62
130
258
119
164
-63
42
-25
23
90
292
465
472
558
405
232
0
-147
-325
-79
-77
172
352
640
570
637
628
603
476
521
453
513
456
359
472
422
555
529
643
585
639
605
496
318
388
240
148
153
163
-90
-83
-308
-519
-497
-727
-633
-846
-774
-467
-505
-499
-330
-212
-432
-570
-525
-671
-545
-604
-546
-307
-325
-302
-261
-276
-285
-122
-160
-167
66
-83
-161
-248
-319
-368
-291
-443
-266
12
-82
-13
2
-86
-94
-123
-203
-85
-91
64
164
328
343
417
487
589
470
581
575
561
556
648
635
618
730
569
707
738
837
692
764
732
655
336
190
236
26
-148
-153
-88
-237
-237
-246
-433
-177
-175
-215
-290
-198
-345
-642
-716
-771
-746
-806
-478
-323
-67
-48
179
57
-116
-46
-178
-167
-163
-133
-67
-193
20
-82
87
-9
-6
92
-148
-9
3
103
124
381
253
311
286
230
295
274
232
420
516
599
602
785
670
764
809
587
634
504
328
180
142
0
90
-10
-29
26
-156
-238
-296
-369
-338
-512
-504
-472
-530
-781
-687
-829
-799
-620
-625
-454
-347
-487
-384
-534
-597
-485
-546
-490
-253
-242
-268
-39
-73
-54
-251
-147
-362
-344
-630
-364
-387
-296
-100
176
145
171
193
-91
-107
-181
-295
-234
48
-69
306
221
401
473
451
267
498
295
328
310
506
546
717
754
695
685
533
379
68
126
126
131
93
385
227
294
61
110
-44
-61
-244
-34
-253
-154
-380
-567
-562
-701
-783
-702
-501
-372
-271
-323
11
-154
-131
-173
39
-323
-319
-476
-268
-572
-536
-515
-364
-332
-210
-79
95
127
229
319
189
454
199
291
100
218
-8
110
0
93
-148
172
228
260
512
692
627
737
703
316
291
144
-13
-38
27
-88
196
56
172
126
113
45
118
-141
-315
-433
-490
-772
-767
-743
-661
-468
-492
-274
-239
-288
-170
-129
-162
-43
-145
-115
-176
-367
-372
-384
-607
-323
-265
-411
-381
-312
-494
-407
-466
-513
-456
-279
-185
-58
157
357
396
359
455
240
170
83
219
220
267
558
654
830
961
1114
1196
1130
1093
1057
965
759
993
754
891
916
938
836
881
853
629
394
344
243
-38
91
-81
36
-9
-147
-268
-154
-541
-394
-391
-506
-337
-337
-558
-381
-568
-544
-543
-704
-590
-784
-700
-698
-710
-619
-453
-518
-362
-310
-243
-290
-123
-235
-110
-142
-229
-353
-323
-481
-533
-516
-461
-359
-236
62
163
302
341
250
262
207
-13
128
161
340
251
540
482
604
617
578
400
510
383
245
285
305
264
233
220
55
117
-59
-90
-335
-235
-487
-486
-704
-543
-633
-400
-387
-204
-96
-145
20
52
-21
-127
17
-358
-320
-641
-757
-1052
-791
-839
-647
-580
-346
-233
-336
-303
-381
-488
-483
-271
-246
-42
103
362
313
443
263
554
269
391
245
287
182
239
235
226
405
356
492
362
613
431
396
394
538
452
868
780
1108
997
1317
1128
1183
1006
966
950
644
606
414
480
188
386
21
220
-86
19
-234
-213
-502
-261
-557
-468
-498
-477
-385
-332
-211
-118
22
-46
-51
-245
-103
-655
-437
-777
-512
-776
-587
-642
-485
-853
-583
-668
-750
-783
-636
-610
-696
-375
-511
-238
-300
106
-161
124
104
255
-80
155
-64
-21
-111
-46
-45
89
180
236
315
373
416
363
382
363
580
329
646
400
405
105
105
-161
-181
-285
-280
-536
-416
-483
-708
-638
-557
-585
-572
-391
-292
-101
-106
-19
228
265
56
355
196
217
157
131
-6
90
-83
-132
-203
-154
-397
-331
-430
-385
-388
-387
-278
-244
-215
-232
-65
-338
-291
-419
-278
-433
-431
-302
-89
100
445
560
892
913
895
681
588
285
230
12
260
532
397
723
768
865
676
742
492
654
594
538
499
538
478
406
261
462
260
388
339
368
355
148
-21
11
-116
-220
-67
-356
-164
-254
-150
-347
-181
-280
-329
-381
-293
-471
-251
-254
-147
-134
-135
-140
-37
-78
-298
-74
-261
-292
-276
-185
-164
142
55
364
363
668
630
414
422
374
180
201
236
526
566
441
791
603
424
344
350
215
210
206
324
284
327
373
289
277
465
237
155
295
160
-16
-41
-144
-93
-385
-404
-238
-350
-321
-362
-170
-269
-314
-279
-319
-374
-272
-313
-409
-327
-462
-570
-557
-639
-620
-728
-390
-324
-380
-324
-331
-490
-508
-487
-540
-312
-168
-107
-54
156
35
38
107
132
167
384
312
453
603
457
256
334
282
183
192
100
395
402
282
357
445
436
415
332
421
291
153
20
-121
-145
-201
-364
-125
-109
-215
-70
-97
-107
-261
-401
-406
-486
-707
-494
-419
-253
-119
-168
109
202
132
178
202
99
-19
-165
-82
-246
-306
-185
-216
-228
-189
-161
-185
-142
-342
-299
-463
-510
-558
-619
-518
-259
-255
40
119
269
381
204
517
378
393
519
630
545
858
621
675
624
472
454
388
293
324
214
201
166
133
241
60
271
260
189
58
225
-52
58
-149
-2
15
-104
-108
-92
-351
-307
-494
-802
-539
-762
-662
-625
-647
-624
-422
-756
-427
-541
-397
-306
-334
-315
-415
-609
-831
-851
-913
-936
-978
-592
-441
-384
-275
-82
-213
-188
-385
-376
-532
-546
-645
-563
-590
-557
-282
-164
104
218
416
556
625
576
535
509
641
495
754
650
712
751
599
688
618
496
454
412
248
352
164
173
301
365
369
298
370
386
160
62
-82
21
-38
-178
-43
-1
-71
0
98
-56
159
17
-53
-230
-174
-371
-334
-356
-192
-120
-205
99
19
-60
-251
-161
-251
-338
-353
57
-46
251
193
444
489
552
454
563
523
370
448
345
686
600
713
954
1209
828
1162
733
908
481
357
264
279
-26
87
35
-15
146
-87
-26
-129
237
-299
-54
-193
15
-354
-73
-223
4
-252
-50
-218
-179
-204
-395
-214
-293
-107
-303
-115
-189
59
-410
42
-236
94
-281
6
-204
-132
-413
-442
-438
-530
-516
-611
-244
-612
-237
-543
-375
-677
-319
-732
-442
-402
-373
-442
-196
-280
-20
-164
79
387
168
531
340
601
278
517
318
670
321
925
613
544
623
287
51
143
2
-128
8
-123
61
-269
69
-148
24
-79
319
78
469
407
396
406
258
206
77
144
133
376
194
416
197
302
-173
-85
-151
-111
-192
-63
-111
-2
-57
-164
96
-34
212
34
151
11
127
-198
-137
-438
-332
-443
-466
-299
-446
-329
-389
-437
-426
-288
-385
59
19
208
108
320
160
172
-82
-54
145
-34
21
172
201
175
216
6
-21
-259
-147
-406
-136
-177
-197
-197
-139
-209
-201
-192
-2
-134
-212
-130
-240
-230
-354
-292
-220
-230
-145
27
-202
107
-36
-105
-255
-66
-325
-309
-220
-170
-232
-252
-138
-285
-132
-138
-156
-84
56
-131
59
28
130
142
170
280
364
241
388
456
422
282
291
223
280
238
199
301
413
264
344
470
318
473
284
425
295
337
143
185
-21
-133
-171
-321
-397
-479
-526
-529
-468
-429
-643
-420
-293
-322
-267
-20
45
45
116
-123
16
-188
-282
-366
-300
-516
-404
-596
-288
-499
-521
-535
-484
-453
-318
-440
-336
-179
-411
-242
-271
-102
-98
210
190
345
292
492
90
412
60
116
127
309
106
321
420
303
452
202
322
104
186
-26
133
-94
140
-113
114
-47
282
92
168
104
237
51
49
58
227
182
-71
324
36
258
51
260
20
186
-238
-143
-396
-317
-507
-383
-499
-392
-465
-558
-240
-153
-21
-23
284
264
210
101
374
37
280
152
97
-23
-37
-371
-84
-432
-378
-364
-301
-165
-37
0
122
326
265
334
165
478
196
388
261
693
595
812
808
989
834
897
826
775
649
559
467
371
350
335
494
143
500
216
212
146
122
-167
51
-104
94
-34
-34
-49
-126
-190
-191
-101
-35
-41
-157
0
-339
-307
-496
-563
-589
-458
-724
-469
-636
-497
-582
-585
-529
-441
-492
-536
-518
-510
-441
-582
-131
-205
-128
-7
-20
-156
-89
-430
-187
-318
-214
-59
68
132
171
283
400
513
591
691
540
899
631
550
585
745
623
705
849
942
785
766
680
593
338
85
-35
-167
-236
-456
-292
-256
-55
-200
-8
-16
67
-78
-52
31
1
21
-36
42
-26
-55
-214
-99
-166
-226
-325
-202
-422
-479
-596
-475
-509
-597
-476
-478
-411
-621
-713
-549
-582
-614
-363
-666
-383
-432
-455
-307
-43
14
350
199
227
189
-148
63
-232
37
23
108
285
416
177
408
301
336
271
303
375
346
310
231
337
124
48
-174
94
-151
83
-38
187
187
81
88
231
52
-234
78
-190
-81
-168
-2
-120
62
-126
-40
-167
-86
-198
-291
-122
-242
-181
-337
-198
-144
-48
-151
127
-118
163
-6
134
97
125
84
120
183
-152
31
-104
-17
-233
-93
-272
9
-207
76
-91
196
378
304
484
504
701
440
296
158
248
-44
180
17
393
203
604
329
449
353
251
239
-117
29
-111
-164
-304
-82
-538
-55
-306
-99
-256
21
-2
67
-97
-214
-194
-513
-416
-483
-240
-348
-88
-222
-57
-400
-149
-344
-357
-215
-52
-67
108
47
-159
-41
-284
-290
-356
-173
-345
-192
-303
-172
-293
-133
-88
55
68
35
92
13
108
-107
174
197
308
354
513
547
497
425
445
320
141
176
72
250
352
428
494
595
538
498
344
443
157
204
151
-71
-14
-277
-137
-97
-112
-141
168
86
279
178
199
229
198
128
-1
-29
-123
-207
-266
-91
-283
58
-1
155
187
226
78
114
17
-150
-100
-104
-23
-99
119
269
308
220
476
376
254
180
231
-189
-63
-50
-241
-126
-125
-19
-106
-2
185
293
241
535
485
472
280
300
297
71
-103
-37
-318
-509
-382
-528
-363
-492
-328
-303
-284
-138
-267
-360
-257
-394
-438
-461
-407
-356
-397
-307
-321
-301
-486
-419
-419
-532
-595
-488
-567
-630
-522
-685
-663
-589
-664
-835
-692
-775
-785
-714
-559
-362
-381
-399
-382
-94
-310
-339
-254
-209
-383
-190
-60
16
295
315
387
545
529
372
603
349
363
449
329
370
520
430
570
600
690
749
630
685
651
565
304
342
219
172
56
160
234
87
80
44
-92
-135
-175
-271
-81
-240
-200
-56
-58
-91
-35
-59
0
16
-77
-31
-125
-62
-263
-162
-159
-274
-150
-100
-140
-106
-85
-31
-65
-99
-71
-145
-163
-176
-172
-208
-141
-228
95
95
-42
296
400
252
385
378
352
365
273
373
351
539
622
671
696
727
506
640
363
337
408
110
400
356
440
460
571
396
527
426
376
390
339
404
155
96
58
-6
-92
80
115
390
315
335
239
12
-344
-366
-423
-590
-415
-286
-134
-217
-42
-170
-210
-457
-344
-476
-392
-300
-309
-284
-183
-171
-235
-112
-191
-40
-394
-284
-436
-377
-574
-345
-196
-215
-81
22
88
114
101
70
349
87
494
435
627
616
628
535
540
270
329
312
298
562
291
503
434
366
72
284
-12
113
13
248
217
205
283
158
160
21
89
-129
22
-113
-21
-284
-115
-249
-290
-337
-294
-434
-414
-498
-561
-525
-633
-554
-684
-533
-641
-477
-496
-315
-352
-235
-446
-295
-412
-550
-330
-342
-339
-229
-27
-141
-48
-300
-64
-290
-262
22
135
226
453
572
566
508
342
449
181
347
275
333
453
675
722
776
871
1024
923
806
845
565
473
188
322
73
48
34
156
97
99
70
-22
24
-111
-202
-439
-401
-498
-625
-852
-730
-906
-918
-998
-768
-669
-527
-396
-271
-77
-271
-183
-206
-56
-245
-25
-74
42
-86
-72
-278
-247
-206
-368
-115
-243
-169
-227
-272
-409
-215
-457
-181
-263
-163
-102
34
59
-66
145
-38
92
137
60
15
373
218
193
100
330
152
9
52
66
-105
-173
6
-71
55
-78
206
20
31
-154
-124
-385
-496
-511
-709
-477
-484
-279
-222
8
-207
-205
-502
-359
-492
-514
-344
-221
22
-8
173
145
408
220
254
283
389
71
108
17
172
-17
-24
332
433
521
312
738
570
351
275
399
-13
274
130
282
452
451
576
605
798
773
856
822
991
854
864
525
856
516
495
501
582
422
466
586
264
262
213
143
-39
242
-10
15
-252
-240
-572
-539
-731
-467
-511
-493
-402
-546
-499
-882
-715
-885
-697
-822
-473
-752
-428
-458
-674
-653
-536
-547
-668
-463
-383
-337
-424
-140
-418
-283
-453
-197
-524
-422
-500
-389
-256
-416
-69
-62
49
303
439
307
606
391
567
322
453
413
563
612
834
960
854
954
722
730
504
631
331
499
462
443
347
265
95
101
2
-41
-63
-183
-239
-465
-375
-689
-626
-759
-695
-762
-458
-659
-640
-434
-554
-515
-477
-436
-562
-381
-570
-369
-481
-417
-334
-202
-158
69
71
387
403
457
627
460
604
419
563
345
541
377
456
422
486
325
401
551
498
610
496
506
365
460
228
510
314
533
563
646
745
619
736
736
858
658
666
724
717
413
462
283
220
85
150
29
-135
-104
-256
-363
-387
-462
-599
-482
-716
-671
-919
-838
-882
-882
-743
-664
-579
-588
-693
-694
-612
-719
-502
-642
-390
-492
-249
-341
-392
-266
-244
-106
-208
136
17
43
-10
114
-134
-136
-140
-89
-134
-53
-5
70
70
100
163
60
316
202
591
375
583
649
600
494
770
383
392
604
503
615
512
746
544
652
340
412
19
140
-141
-261
-331
-459
-612
-688
-718
-912
-839
-974
-754
-914
-787
-796
-508
-588
-345
-293
20
-66
159
178
93
174
-70
-1
-339
-229
-428
-175
-522
-240
-230
-119
-108
-62
-78
-157
-28
-240
-44
-54
90
-24
355
216
241
266
310
186
389
292
323
469
492
649
444
720
648
712
568
592
308
424
307
514
549
559
800
639
592
378
231
-127
-183
-513
-396
-608
-581
-559
-653
-761
-749
-769
-753
-580
-616
-444
-560
-454
-694
-705
-757
-572
-567
-438
-281
-110
-205
-240
-50
-289
-271
-262
-146
-424
-252
-233
-142
-287
-32
80
85
122
0
134
2
73
-48
19
45
288
190
384
489
578
592
642
559
568
559
280
460
451
422
431
561
434
615
440
604
459
446
594
431
457
305
210
-63
-3
-138
-235
-400
-120
-255
-342
-456
-452
-596
-846
-678
-817
-546
-612
-468
-492
-418
-530
-503
-469
-468
-455
-315
-322
-264
-48
-142
-16
57
201
107
129
76
281
-57
38
-1
79
81
185
292
390
574
297
600
385
444
101
321
81
226
217
224
332
196
380
460
705
573
921
897
1081
838
1048
779
807
671
710
541
417
315
114
90
-451
-416
-651
-540
-1006
-645
-962
-886
-1117
-1017
-1134
-1064
-832
-804
-435
-616
-294
-580
-467
-690
-426
-664
-386
-352
-139
-169
41
106
124
149
124
172
-177
-58
-339
-102
-422
-63
-281
6
-233
49
-85
-173
-24
-57
117
19
279
68
435
137
429
114
515
416
522
599
696
586
546
710
657
854
617
816
601
792
459
574
383
420
246
425
105
73
110
-81
-3
-13
-97
-345
-72
-522
-390
-766
-595
-705
-460
-670
-471
-310
-321
-158
-161
7
-126
128
-142
147
-50
71
-207
-48
-290
-170
-221
-299
-142
-78
-110
-151
89
-113
169
15
281
73
275
150
582
383
415
513
391
315
294
287
117
383
321
580
351
681
605
650
326
628
390
333
429
531
548
477
504
362
305
-72
12
-288
-302
-482
-249
-534
-400
-607
-601
-822
-835
-770
-942
-825
-700
-582
-794
-520
-676
-572
-536
-467
-606
-452
-566
-447
-585
-621
-563
-700
-798
-740
-518
-557
-502
-256
-38
-126
-58
-124
-62
-317
-231
-382
-402
-314
-90
15
81
338
498
494
558
578
475
705
506
606
716
636
774
810
636
855
666
650
646
663
662
611
675
676
480
191
214
45
-12
-282
-190
-245
-378
-683
-487
-645
-865
-763
-820
-611
-625
-493
-331
-137
0
-37
-71
57
-165
-91
-147
6
61
158
-8
-20
-30
-186
-69
-24
162
181
461
532
533
542
489
298
356
205
254
154
281
214
183
154
198
184
140
301
96
444
264
279
354
300
178
330
297
262
207
427
480
406
427
427
377
19
162
-228
-304
-354
-499
-828
-832
-1028
-1045
-1178
-1152
-859
-1019
-845
-816
-830
-936
-837
-945
-808
-987
-718
-740
-878
-824
-733
-811
-719
-488
-405
-248
-304
-30
-154
-136
-259
-98
-295
-54
7
27
-42
139
133
44
320
285
407
204
484
375
333
189
381
311
242
391
599
714
800
872
778
776
629
599
573
503
565
684
533
646
580
537
414
460
405
410
299
234
41
-153
-262
-359
-343
-427
-206
-286
-309
-284
-252
-400
-344
-533
-440
-448
-533
-426
-394
-366
-265
-7
-110
132
152
156
97
-64
-123
-207
-302
-346
-258
-290
-198
-270
-131
-72
-159
160
249
455
518
628
772
846
862
762
775
909
698
575
629
555
483
449
615
613
865
797
1043
922
680
761
585
303
244
84
85
200
36
116
-25
49
-41
-154
-466
-393
-650
-899
-946
-969
-1134
-1148
-872
-963
-862
-819
-523
-564
-547
-538
-409
-526
-479
-538
-561
-577
-535
-562
-511
-500
-461
-352
-375
-98
-236
64
-74
202
91
268
317
402
349
315
483
447
601
539
704
467
719
409
607
396
404
612
638
455
653
724
678
699
625
674
324
546
159
191
-14
253
-31
70
124
67
-56
90
135
-110
-90
-454
-284
-635
-607
-810
-627
-949
-716
-852
-810
-835
-762
-566
-402
-325
-280
101
-95
225
-71
46
-154
76
-127
12
-22
133
-2
39
97
-122
1
-73
-115
-274
108
-207
116
-144
158
188
251
55
277
290
430
357
426
725
514
770
462
693
324
641
323
543
546
613
369
621
379
224
208
89
275
-41
234
17
203
-227
-22
-472
-386
-735
-632
-906
-878
-918
-951
-883
-997
-603
-870
-549
-764
-452
-657
-403
-625
-168
-359
-499
-321
-592
-877
-729
-836
-991
-682
-597
-200
-353
24
-128
-31
-289
-64
-290
-184
-192
-65
-46
2
165
157
130
40
451
278
505
488
871
698
834
826
797
489
609
430
274
380
369
648
566
794
665
757
620
533
189
214
6
8
-18
-60
-83
-174
-287
-226
-396
-508
-303
-527
-409
-490
-496
-581
-567
-724
-508
-603
-535
-299
-92
-200
-100
-15
-264
-215
-250
-336
-174
-16
29
270
38
274
244
242
216
357
413
429
393
344
412
443
534
606
872
933
1038
1150
1011
890
954
685
724
634
496
573
454
323
438
565
682
617
723
641
371
318
142
77
-19
64
-52
55
51
-63
-178
-258
-244
-222
-326
-231
-36
-249
-174
-221
-186
-345
-408
-453
-431
-436
-495
-375
-186
-192
-75
97
83
249
42
45
45
-121
-188
-91
-236
-89
-153
-242
-132
-92
-25
14
137
339
372
285
470
180
186
235
159
230
177
304
490
300
469
592
443
415
465
367
340
370
269
417
345
388
442
413
180
249
37
-67
-82
-225
-117
-201
-216
-355
-309
-512
-521
-495
-719
-722
-570
-703
-823
-651
-530
-585
-530
-296
-292
-410
-303
-263
-502
-358
-535
-584
-490
-527
-461
-401
-356
-364
-353
-403
-272
-312
-310
-214
-125
-75
47
146
276
266
300
221
61
-30
-21
-158
-216
99
136
235
266
485
454
515
614
633
678
619
638
661
501
458
518
421
313
179
254
198
108
301
278
170
284
62
-30
-229
-309
-360
-413
-301
-218
-145
-151
-170
-207
-332
-385
-357
-544
-346
-216
-195
-170
-90
-17
-122
-238
-213
-155
-467
-319
-205
-368
-121
-8
-72
54
120
119
127
181
266
195
332
288
324
270
347
365
462
579
525
681
742
816
707
822
696
724
661
624
477
447
412
307
352
159
223
208
24
4
-74
-256
-174
-358
-401
-336
-340
-391
-620
-786
-737
-1037
-926
-812
-959
-756
-661
-737
-564
-502
-636
-324
-424
-435
-586
-653
-689
-715
-875
-727
-609
-552
-541
-516
-159
-444
-197
-209
20
-22
-166
-6
-23
-103
-84
-25
39
182
86
194
144
258
187
208
376
436
230
449
431
255
237
304
368
284
312
260
442
347
234
185
164
-31
-54
-132
-171
-60
86
-92
79
77
0
-72
-402
-347
-548
-659
-799
-701
-783
-543
-608
-391
-301
-438
-184
-273
-322
-183
-168
-109
211
109
355
343
345
272
311
218
375
434
441
524
503
503
281
463
285
420
525
514
414
779
642
630
643
731
738
667
761
813
915
750
919
776
844
586
846
551
585
603
634
523
423
411
492
398
40
277
-6
-33
-100
-82
-377
-40
-274
-81
-304
-288
-134
-335
-313
-343
-563
-753
-669
-851
-799
-940
-566
-660
-482
-555
-266
-437
-336
-245
-196
-289
-288
-198
-164
-218
-377
-175
-411
-232
-273
-351
-551
-347
-695
-500
-596
-362
-327
-117
-38
-70
87
-17
149
117
455
392
641
683
842
443
426
217
57
-144
-35
-210
-10
44
-176
17
-158
-132
-441
-295
-404
-253
-485
-385
-529
-583
-774
-811
-935
-855
-876
-994
-707
-749
-637
-778
-701
-651
-692
-845
-562
-690
-536
-454
-407
-347
-307
-172
-45
-239
-252
-241
-378
-274
-265
49
230
249
538
746
407
375
398
446
298
386
570
727
585
733
617
673
698
695
971
786
976
940
905
802
880
699
627
705
765
601
635
745
727
495
577
513
331
318
167
310
95
192
399
236
-51
280
-88
-138
-151
-363
-298
-336
-396
-459
-465
-445
-513
-640
-441
-576
-442
-412
-464
-339
-163
-343
74
-6
64
77
164
215
-2
12
2
-167
-154
131
-270
61
41
201
85
244
143
270
140
172
24
23
116
9
155
-102
78
72
144
-166
69
-165
-12
-312
-179
-405
-266
-128
-265
-377
-304
-258
-655
-444
-566
-283
-527
-335
-332
-286
-681
-488
-852
-715
-927
-973
-838
-922
-745
-912
-731
-748
-577
-740
-429
-794
-449
-694
-511
-552
-411
-551
-296
-339
-324
-297
-330
138
-238
306
233
432
269
473
65
332
-63
182
50
104
373
307
673
776
916
850
1144
737
1040
738
1012
825
1045
896
1219
878
1012
873
875
945
612
689
460
670
163
466
380
725
290
762
390
586
366
296
240
175
123
-91
-31
-322
-1
-494
-48
-271
-145
-222
46
-225
134
-225
-58
-58
-195
-184
-182
92
-224
22
93
220
-117
467
43
374
274
289
195
274
36
43
-83
-195
22
-138
-12
66
247
6
103
-15
232
-196
244
107
354
153
264
116
-188
-254
-211
-221
-368
-24
-87
318
-69
38
-174
-44
-301
-284
-514
-265
-494
-538
-463
-512
-391
-647
-492
-560
-450
-769
-527
-668
-528
-760
-666
-600
-626
-712
-646
-694
-484
-329
-387
-208
-236
-241
-442
-151
-379
-264
-364
-33
-54
-23
-8
78
189
-82
101
-2
-10
-8
-70
-18
183
210
570
539
662
675
727
683
657
563
648
515
206
329
129
-8
-22
63
10
137
79
180
84
163
8
60
96
128
61
171
153
17
147
-200
-150
-368
-454
-562
-440
-390
-477
-464
-127
-447
-458
-307
-581
-277
-279
-223
43
91
95
262
67
281
182
147
280
318
282
348
281
189
346
15
113
136
216
316
267
389
411
338
302
305
319
216
376
399
294
422
421
506
622
641
692
790
702
489
354
299
179
224
184
238
208
60
200
179
142
184
136
206
181
-69
-108
-98
-277
-352
-264
-203
-284
-195
-298
-403
-400
-534
-776
-787
-678
-986
-906
-839
-717
-899
-622
-526
-660
-442
-447
-344
-309
-276
-96
99
1
266
103
197
208
126
121
222
82
70
97
-25
142
-33
149
191
299
382
449
568
681
429
496
352
268
295
199
207
306
195
201
151
-86
64
-238
50
-116
-95
-174
-269
-251
-165
-334
-251
11
-180
-236
-277
-312
-519
-577
-655
-405
-683
-368
-346
-292
-395
-409
-467
-463
-506
-557
-316
-463
-153
-354
-309
-308
-257
-203
74
44
353
278
166
218
-42
-232
-256
40
22
191
369
735
661
674
566
861
740
831
867
927
1043
818
982
1013
1054
1045
1140
972
1107
785
716
462
619
428
418
491
496
444
316
427
117
211
20
168
14
245
62
117
0
-131
-297
-292
-433
-494
-311
-493
-338
-448
-581
-614
-366
-692
-474
-470
-189
-307
-256
-253
-192
-407
-345
-83
-310
15
17
289
123
255
312
490
160
392
270
130
52
-168
-219
-373
-254
-272
-236
-140
288
-10
154
148
218
-8
-91
-84
-70
-61
103
48
124
195
20
132
-159
74
87
42
-201
110
-169
-176
-238
-220
-268
-439
-219
-313
-395
-500
-454
-775
-656
-849
-626
-753
-598
-563
-554
-715
-706
-792
-977
-794
-874
-526
-770
-293
-359
-390
-360
-104
-260
-155
-48
89
253
-20
377
271
143
8
305
1
146
229
481
334
454
705
559
620
678
676
624
897
713
903
780
743
557
487
198
295
-64
-72
-71
-105
32
-106
103
205
295
58
278
55
57
-36
5
10
243
136
339
201
76
115
-137
-168
-143
-153
-298
57
-169
24
-259
-6
-139
-158
-145
-123
164
70
39
61
252
8
154
13
222
146
261
91
149
202
31
-184
-29
115
-154
169
177
272
246
487
295
505
259
397
370
265
273
202
301
191
282
251
466
211
503
297
243
64
77
-281
-135
-245
-430
-133
-151
50
-146
17
-2
53
-254
-94
-237
-256
-392
-177
-208
-156
-115
-40
121
37
128
7
-26
-430
-249
-644
-495
-406
-143
-123
219
276
137
164
-4
64
-268
-161
-106
-76
-203
-71
-326
-209
-406
-254
-250
-213
-117
-22
-117
-154
-54
-147
0
-27
299
-46
129
-31
103
-128
-142
-86
-154
-186
-205
-188
-176
-85
-130
128
29
284
198
397
222
425
254
354
304
178
71
-22
-51
-200
-127
-435
-276
-434
-344
-355
-170
-137
103
34
178
-73
-105
-147
-294
-237
-215
11
92
227
28
304
178
382
203
475
476
526
422
301
232
65
39
17
223
97
416
314
610
378
322
373
387
268
386
386
364
366
416
372
257
409
175
273
69
186
-72
23
-58
91
-4
-37
103
38
23
41
122
103
110
97
139
-145
-7
-302
-178
-551
-477
-444
-499
-667
-455
-495
-718
-519
-724
-694
-912
-645
-892
-653
-752
-509
-447
-374
-356
-308
-346
-414
-381
-308
-157
-188
19
-193
41
-194
-58
-225
-111
-240
-289
-343
-269
-358
-391
-81
-101
-8
-65
6
-215
-111
-408
-378
-384
-392
-352
-266
-407
-292
-384
-297
-366
-337
-350
-642
-349
-759
-804
-762
-640
-733
-500
-452
-292
-381
-373
-369
-397
-458
-646
-478
-710
-667
-777
-695
-664
-359
-358
-295
-130
-17
-152
-218
-143
-62
-68
-96
241
142
340
240
379
443
417
447
567
489
457
456
317
298
387
415
366
602
596
709
527
763
577
681
679
842
804
778
874
643
874
656
710
682
598
558
774
485
664
478
491
505
256
228
288
235
198
237
20
336
171
106
-39
136
-64
-25
85
142
101
79
-141
-211
-192
-527
-502
-689
-568
-719
-680
-722
-390
-484
-177
23
-55
148
9
47
-70
73
3
82
81
250
195
185
302
334
302
352
282
384
177
35
199
9
-26
-1
286
102
234
84
52
-106
-191
-327
-343
-281
-213
-99
-56
226
64
64
97
160
-81
93
-69
113
167
-8
101
79
-172
-118
-146
-249
-130
-146
55
8
99
127
61
-17
156
-268
-178
-182
-181
-241
-294
-139
-352
-337
-251
-113
-133
86
115
286
290
304
169
156
103
4
-20
74
94
98
210
305
508
276
292
362
294
13
222
298
395
483
637
778
721
826
649
548
397
382
212
153
170
165
84
166
119
102
176
220
232
365
377
462
546
272
296
238
203
-142
71
129
-67
29
-111
-190
-240
-413
-381
-422
-400
-287
-426
-371
-397
-368
-405
-219
-136
117
151
195
289
196
224
147
109
203
311
259
399
356
394
417
311
271
251
8
52
-101
-151
-74
-54
153
136
141
187
95
-44
-30
-109
-159
-102
8
-88
243
83
31
109
-8
-51
-139
-158
-223
-80
-64
59
-108
77
242
40
-6
79
-76
-71
-48
-144
-216
-190
-221
-398
-468
-518
-501
-470
-316
-362
-297
-448
-508
-606
-657
-687
-581
-330
-337
-287
-57
-159
-322
-299
-440
-393
-450
-268
-261
-61
-96
-45
41
-148
43
-14
-93
-80
-61
-143
-151
-283
-208
-248
-197
-129
-380
-386
-329
-467
-592
-409
-331
-287
-242
-6
-59
-168
-41
-219
-400
-338
-366
-384
-357
-255
-130
-294
-328
-153
-180
-340
-89
-21
27
-22
49
-31
-282
-343
-359
-190
-282
-154
-209
-176
-133
-299
-277
-177
-70
139
271
447
637
497
416
518
292
181
353
250
327
366
227
285
395
186
260
249
401
422
284
577
492
371
439
597
547
482
552
425
285
263
145
88
82
179
261
203
262
184
-47
-57
-174
-199
-182
-95
38
10
135
-13
-108
-66
-302
-163
-201
-226
-90
-219
-104
-401
-286
-244
-186
-90
-125
-52
-108
-83
-222
-264
-151
-7
-174
66
171
0
29
70
-109
-17
-49
56
255
201
384
323
402
408
327
391
446
262
329
235
227
383
89
237
266
207
217
-18
-23
-103
-191
-201
-236
-149
-222
-199
-85
-147
-13
24
-73
-111
-5
-173
-181
-108
-163
-45
-161
101
75
-164
30
100
-106
-72
73
-22
-125
-49
-63
-69
53
3
34
32
-104
-123
-263
-439
-317
-374
-277
-4
69
120
195
316
345
177
205
246
77
126
96
238
388
242
536
547
257
408
358
296
386
298
314
403
469
431
394
414
470
385
285
235
185
-44
-280
-31
-322
-280
-181
-263
-234
-321
-322
-321
-185
-234
-204
94
95
90
286
268
390
304
334
145
250
-29
-355
-173
-217
-323
-352
-158
-282
-281
-492
-429
-369
-617
-612
-600
-662
-682
-665
-514
-523
-438
-272
-168
-78
-10
222
159
306
350
274
354
393
324
248
285
442
369
338
380
335
291
104
25
15
0
-133
27
52
65
274
265
262
473
299
368
337
145
13
-56
-2
-327
-326
-297
-260
-431
-216
-226
-276
-119
-249
-201
-289
-336
-281
-443
-450
-317
-358
-351
-253
-200
-268
-160
-240
-347
-386
-350
-460
-375
-408
-416
-237
-351
-106
-109
-189
-11
-35
-87
-43
-103
107
207
119
179
194
248
233
230
336
428
388
474
422
326
221
159
82
82
13
36
173
-39
-20
0
-95
-219
6
63
138
180
289
299
203
102
39
169
31
61
145
241
156
276
257
259
229
199
18
3
223
10
-37
134
55
-37
-19
-65
68
19
63
85
155
170
30
81
146
75
209
244
315
523
490
624
814
834
713
892
920
737
578
521
524
350
142
291
382
256
120
211
141
-35
162
45
184
137
173
151
31
-76
-224
-173
-204
-171
-204
-119
-159
-177
-479
-600
-523
-708
-614
-346
-247
-243
-341
-116
-119
-293
-147
-17
45
23
81
-139
-112
-237
-521
-478
-401
-632
-574
-548
-588
-542
-602
-571
-489
-392
-475
-274
-360
-407
-516
-475
-464
-574
-556
-421
-378
-239
-179
-274
84
62
-62
-73
-74
-283
-211
-401
-362
-322
-432
-274
-347
-366
-496
-453
-379
-433
-577
-482
-498
-506
-480
-343
-416
-290
-317
-177
-41
-102
52
53
120
142
98
-39
211
14
67
101
125
68
81
105
196
167
224
293
136
322
107
186
167
100
-18
153
55
-21
69
65
130
106
-170
126
217
-31
239
52
55
130
276
55
262
300
332
251
131
142
-47
-190
-45
53
-148
14
171
239
-199
82
102
-85
-98
106
-33
-49
31
-13
-178
-292
-281
-528
-371
-481
-188
-331
-369
-187
-9
-235
-67
-28
-1
95
48
269
106
108
329
339
76
326
216
207
114
-17
-191
-168
-375
-455
-385
-366
-293
-156
-239
-170
-8
-419
-153
-79
-2
-82
195
152
126
96
292
331
170
535
626
755
568
622
580
607
406
586
530
499
480
401
179
206
274
111
374
373
415
178
467
207
169
94
36
140
99
3
16
102
-91
16
133
92
189
302
118
160
46
-107
-476
-290
-377
-279
-273
-6
259
188
346
360
360
195
317
64
353
128
82
322
269
70
164
177
176
271
82
191
123
113
49
263
268
394
308
651
544
510
508
325
476
447
466
457
782
622
713
654
582
287
252
122
-18
-175
-193
-221
-164
-222
-242
-233
-443
-187
-592
-435
-562
-454
-409
-299
-160
-36
-123
59
215
39
244
180
458
467
389
360
577
179
288
262
89
204
228
142
303
184
69
46
-174
33
-224
-182
-354
-150
-300
-310
-188
25
-137
48
261
249
306
142
503
291
401
232
239
142
227
42
146
120
141
235
138
193
122
71
-18
174
-158
-134
-205
63
-290
-211
-51
-270
-400
-219
-267
-408
-313
-392
-367
-365
-352
-630
-311
-481
-358
-590
-307
-272
-321
-315
-163
63
-104
11
48
224
-78
-172
-153
-138
-469
-380
-383
-308
-377
-263
-253
-331
-547
-366
-500
-638
-548
-664
-453
-417
-108
-215
297
273
389
289
407
271
122
75
97
206
27
80
184
392
45
128
23
143
-138
-131
-150
-109
-181
-300
-189
-224
-336
-258
-183
-192
-32
-127
98
98
232
143
240
207
406
155
264
498
352
351
339
338
203
184
47
379
154
238
300
355
78
-101
-104
-256
-409
-229
-237
-305
-135
-371
-231
-342
-271
-361
-144
-161
-10
-60
-110
-99
-113
-117
-198
101
7
49
72
168
-43
110
62
78
28
34
-38
-110
-203
-212
-241
-433
-187
-407
-247
-324
-335
-552
-522
-618
-720
-767
-703
-621
-524
-533
-469
-179
-331
-383
-263
-49
-438
-132
-213
-63
-274
-134
-56
-28
140
62
311
263
413
126
172
-37
-37
-307
-244
-329
-261
-393
-410
-431
-485
-508
-483
-230
-496
-186
-258
-5
-215
-1
133
201
202
299
175
148
173
8
44
-105
93
-27
56
-110
14
-239
-81
-266
-243
-284
-132
-96
-144
-1
-96
-36
-212
6
-258
-109
-137
212
12
82
272
319
238
359
320
349
413
323
531
204
507
384
461
365
456
397
656
583
591
604
650
638
513
580
405
669
415
506
458
624
379
431
324
161
173
142
194
296
249
470
578
313
322
0
218
-74
62
135
316
469
578
525
599
467
327
376
126
108
-203
-81
-345
-227
-280
-212
-300
-7
45
-200
-59
23
-112
-121
8
-187
34
-147
24
-74
-70
-148
228
210
234
376
482
395
330
368
240
407
309
522
238
467
256
313
148
204
144
218
54
37
98
-303
-201
-271
-355
-491
-14
-242
-90
-120
171
0
63
70
9
44
-88
-91
-240
-109
-242
-230
-453
-139
-403
-314
-406
-135
-218
-305
-272
-245
-409
-543
-248
-537
-288
-405
-220
-375
-454
-391
-350
-647
-535
-619
-648
-644
-662
-694
-553
-382
-301
-132
-349
247
117
128
252
458
171
361
358
284
213
153
110
59
86
-4
456
44
131
248
181
-98
-20
-186
-98
-266
-236
-183
-247
-7
-106
-9
-65
24
-231
-138
-264
-74
-71
-97
192
174
111
264
207
157
154
135
98
-108
-116
-250
-166
-317
-299
-391
-168
-187
-238
-234
-176
-80
-175
-46
-168
93
161
287
290
286
268
295
143
197
206
227
388
508
500
521
685
576
724
565
733
523
597
579
518
533
448
385
319
312
153
154
50
224
185
249
199
285
187
80
-27
11
-154
-203
-55
-42
14
-61
130
81
75
-28
-1
-251
-249
-260
-385
-451
-247
-86
-100
-53
62
-57
-335
-86
-452
-470
-457
-484
-597
-628
-690
-544
-545
-649
-238
-258
-284
-346
-200
-282
-464
-405
-358
-436
-294
-238
-164
-177
-30
-134
-229
-48
-208
-432
-489
-359
-589
-562
-712
-365
-486
-567
-302
-464
-495
-526
-459
-553
-520
-559
-302
-325
-263
-170
-227
-300
-96
-232
-379
-193
-232
-161
-89
-50
-113
-82
-114
-67
-219
-265
-299
-2
-340
-367
-269
-388
-288
-287
-65
-164
25
131
158
88
210
136
139
128
264
290
287
505
610
587
669
838
805
915
838
1024
1188
878
892
1075
740
755
604
689
684
591
566
475
486
329
238
180
121
-99
192
144
237
239
182
241
205
104
-42
-70
-186
-143
-198
-132
-107
21
83
352
249
126
208
217
104
23
-50
-19
42
-127
-52
-327
-317
-446
-374
-495
-439
-445
-367
-379
-532
-180
-386
-229
12
42
55
57
69
174
21
100
242
287
240
334
255
171
198
248
177
81
230
59
98
150
207
107
342
262
234
106
-61
-129
-341
-367
-276
-203
-169
47
1
184
90
262
116
-9
32
115
-3
-217
27
-94
-146
-133
21
-186
-120
30
-196
-207
-197
-236
-273
-399
-251
-443
-479
-347
-330
-207
-281
-164
19
-99
-245
7
-154
-127
-135
20
-115
-89
-22
-187
-72
-6
109
151
382
491
710
618
861
900
809
772
803
783
704
743
740
671
566
641
566
556
569
508
436
588
458
503
316
379
309
176
84
14
35
-186
13
-116
-144
-203
-125
-142
-120
-98
30
10
-61
-25
21
-90
-173
-78
-191
-114
-433
-295
-346
-427
-559
-590
-529
-578
-675
-656
-610
-618
-536
-608
-289
-324
-243
-198
-143
-241
-226
-336
-234
-267
-278
-29
-155
65
123
49
96
73
-41
-5
-42
238
185
150
348
271
74
0
-128
-93
-63
-31
96
-36
78
-157
-240
-260
-441
-630
-341
-477
-500
-250
-248
20
45
86
67
92
-170
-142
-263
-354
-381
-283
-244
-242
-222
-252
-219
-202
-141
-225
-298
-371
-244
-585
-428
-413
-376
-348
-254
-125
-217
-268
-126
-178
-367
-119
-246
-64
-104
136
259
474
514
739
758
777
875
673
696
694
752
610
831
893
1061
759
1031
1005
760
681
810
741
633
737
808
759
517
661
380
332
-11
103
-48
-51
-111
-113
-133
-6
26
-108
89
-32
183
-67
-97
6
-132
-328
-136
-364
-220
-164
-103
0
22
159
-87
-92
-478
-456
-733
-703
-681
-543
-420
-265
-116
-227
-212
-190
-88
-344
-296
-167
-129
-280
-204
-297
-224
-472
-414
-344
-339
-316
-65
-130
-136
137
-236
-148
-280
-294
-510
-235
-377
-207
-149
84
147
2
131
-139
-50
-162
-354
-403
-130
-317
-51
-14
250
183
182
288
257
188
112
107
155
127
-106
-16
-229
13
-159
-11
-138
49
19
-14
59
-16
-76
-20
126
-154
58
54
91
64
159
-114
311
80
86
431
366
528
675
641
508
589
327
295
307
455
253
492
412
573
560
451
463
477
264
147
298
183
234
53
377
275
143
114
281
77
109
-2
183
43
-109
109
-218
-188
-300
-393
-414
-233
-623
-324
-596
-511
-570
-662
-510
-646
-638
-605
-411
-764
-509
-520
-336
-410
-271
-277
-117
-257
-236
-155
-171
-151
-73
52
-226
-32
-90
-120
-201
165
-32
89
115
249
63
143
198
102
163
-8
209
52
-13
10
315
21
167
165
154
-4
48
-84
-204
-120
12
-15
-97
58
-151
-22
-253
-36
-62
9
103
352
137
189
135
-45
42
-93
-32
-218
-191
-222
-108
-411
-256
-363
-237
-295
-384
-315
-478
-550
-507
-532
-571
-258
-332
-52
-117
-28
-67
-139
-130
-152
-404
-224
-349
-325
-214
-241
266
62
282
531
563
425
599
491
608
407
404
365
321
363
69
158
139
82
-32
70
-27
124
-37
155
66
-18
-120
-148
-253
-172
-57
22
191
85
386
192
276
117
154
1
-5
-87
-76
-99
-156
-143
-111
-74
-288
-9
-144
-176
-290
-53
-146
-169
-119
-102
-146
-99
-74
-152
26
-21
-31
-23
60
-156
72
6
121
108
141
215
162
-58
-74
-90
-151
-50
-88
131
78
311
93
397
344
207
248
343
281
212
197
156
212
80
146
141
178
-136
-98
-323
-391
-481
-412
-431
-192
-250
-237
-171
-194
-121
-296
-55
-109
-88
-148
-120
-117
-139
-441
-328
-431
-397
-508
-266
-201
-64
63
173
454
89
436
236
307
169
80
-11
180
-2
-93
40
22
7
-56
114
208
344
31
404
307
264
136
484
613
530
834
819
887
850
744
440
427
298
142
-60
0
-1
-45
9
280
292
193
219
303
3
-178
-144
-329
-462
-578
-297
-516
-420
-395
-249
-216
-227
-211
-221
-168
-281
-163
-60
-121
-121
0
-169
-36
-218
-112
-126
114
108
90
210
284
308
-2
150
87
30
-79
37
-38
98
-96
109
194
216
226
271
240
280
281
-63
212
84
136
0
153
0
233
144
178
342
336
380
435
513
355
487
373
457
230
225
-59
-98
-266
-285
-257
-193
-197
-46
110
0
-28
-110
-7
-210
-54
-233
-138
-128
-130
-77
78
-42
119
62
-61
16
-283
-106
-291
-59
-22
122
202
271
342
392
407
434
372
451
386
482
537
486
731
594
938
751
805
603
615
481
429
341
481
604
391
537
409
435
363
519
487
659
626
739
547
590
413
373
411
272
305
24
38
-62
-458
-457
-283
-565
-343
-397
-250
-493
-575
-644
-823
-862
-912
-965
-1040
-932
-1071
-780
-929
-776
-723
-433
-549
-490
-348
-591
-501
-723
-653
-690
-610
-400
-411
-239
261
5
131
109
60
-277
-390
-323
-380
-392
-389
-82
-269
-209
-299
-196
-395
-211
-286
-202
-237
-337
-317
-297
-367
-305
-389
-469
-150
-471
-321
-325
-133
-192
-86
-19
96
-210
-116
12
-134
-80
17
129
85
309
161
372
144
226
41
-27
-223
-254
-449
-489
-357
-410
-419
-487
-296
-571
-502
-556
-307
-422
-212
-186
68
-30
22
173
219
266
234
375
241
473
203
379
324
560
422
665
790
738
656
728
680
546
569
646
976
610
777
630
654
344
332
91
252
260
190
299
404
495
414
576
502
673
385
505
374
502
198
384
145
125
97
-101
-12
-168
-8
-59
197
90
80
-60
2
-369
-242
-491
-562
-587
-613
-686
-711
-677
-724
-493
-550
-241
-531
-332
-411
-476
-642
-586
-553
-382
-390
-290
-109
-244
-56
-59
47
-76
137
-159
-3
-195
-240
-283
-267
-218
-198
-80
-143
-25
-97
-117
-333
-255
-607
-450
-614
-696
-819
-609
-734
-650
-566
-689
-558
-525
-422
-548
-122
-319
-140
-206
-44
-22
-79
-148
4
-168
-174
-211
-545
-498
-682
-670
-789
-645
-632
-414
-602
-507
-603
-467
-510
-433
-180
-100
1
224
454
261
617
415
543
477
479
311
257
308
358
231
561
634
570
785
660
853
487
759
566
614
568
626
525
641
589
622
688
401
484
479
405
292
533
348
519
285
428
208
377
254
421
533
549
520
344
454
169
156
-199
139
-145
35
-9
113
-41
-46
-133
-192
-150
-402
-295
-417
-412
-583
-451
-657
-449
-583
-434
-547
-305
-236
-201
-74
-168
1
-62
181
127
310
357
621
409
573
530
574
504
508
660
629
694
724
825
520
665
254
285
141
26
-34
22
-51
235
55
192
423
181
413
60
120
-214
-249
-561
-474
-533
-317
-317
-229
-90
-106
-63
-215
-211
-295
-224
-253
2
-285
-62
-132
-15
-275
-344
-442
-400
-535
-604
-346
-579
-467
-574
-418
-524
-472
-492
-101
-297
-115
-167
-133
11
-124
-72
-26
156
-32
48
91
348
-76
258
331
416
352
380
448
407
261
262
421
224
424
216
544
291
536
337
523
459
563
743
686
820
630
684
544
598
332
483
334
566
331
644
529
633
547
465
442
307
327
38
163
-56
75
-200
28
-302
-113
-376
-278
-176
-299
-340
-197
-278
-478
-331
-529
-200
-446
-216
-287
-10
-247
70
-32
74
303
235
277
253
295
-118
18
-316
-151
-447
-255
-220
-224
-387
-258
-390
-408
-369
-429
-159
-362
-153
-207
-211
-388
-41
-437
-204
-241
-390
-289
-260
-216
-162
-225
2
122
-367
8
-253
-221
-549
-360
-382
-365
-399
-154
-179
-253
-90
-233
-210
-470
-490
-822
-774
-922
-685
-853
-431
-417
-189
-154
-125
95
-98
-5
-21
72
-81
209
129
455
422
668
588
757
587
619
438
307
466
140
295
151
395
241
539
343
426
221
185
61
-151
-68
45
230
286
608
656
946
839
882
758
889
637
825
757
804
820
705
723
571
541
297
457
300
298
35
143
-162
-158
-305
-283
-253
-145
-311
-348
-425
-710
-684
-1044
-831
-1078
-1000
-1222
-779
-901
-687
-581
-356
-142
-359
-175
-193
-220
-366
-120
-262
-119
-209
100
-48
182
54
-43
-9
-172
-424
-464
-405
-585
-463
-652
-267
-513
-475
-393
-165
-387
-280
-236
-237
-346
-318
-204
-428
-79
-386
-215
-214
-151
-174
94
-44
176
136
66
244
16
186
83
122
201
115
-219
91
-296
-383
-621
-543
-700
-889
-812
-890
-931
-966
-924
-1084
-760
-1138
-815
-994
-852
-895
-685
-615
-389
-238
-255
4
-110
176
-123
228
246
318
369
587
600
836
762
1062
1028
1017
1005
737
771
474
588
308
685
493
686
497
682
642
475
610
514
507
463
508
465
599
458
862
670
839
721
712
671
557
264
441
455
347
550
417
533
291
469
109
168
-2
-25
-221
-258
-342
-381
-534
-558
-398
-726
-530
-532
-508
-618
-355
-684
-347
-471
-475
-337
-391
-334
-323
-140
-248
-18
-156
70
-5
101
1
131
62
62
65
4
-52
-93
-242
-446
-306
-595
-423
-529
-420
-369
-223
-210
-101
-144
-3
-59
-103
-131
-285
-106
-328
-141
-125
69
21
196
172
213
64
223
262
82
192
86
90
40
108
-122
9
-121
-67
-150
46
-117
28
138
-62
146
174
253
147
315
143
196
-18
-41
6
-58
36
106
147
255
211
279
465
362
545
513
500
393
362
299
370
281
303
458
285
383
370
299
363
295
302
430
344
458
309
284
273
122
153
96
-36
-25
-162
-411
-305
-438
-486
-383
-173
-69
-103
49
-4
-143
-199
-363
-381
-461
-454
-462
-416
-409
-374
-206
-254
-188
-282
-234
-353
-334
-333
-433
-235
-171
-49
4
147
252
332
377
424
501
381
443
497
456
471
433
490
385
411
313
162
165
73
-26
-53
-69
-69
-15
-70
22
-106
-111
-63
-95
-173
-331
-349
-360
-541
-411
-265
-300
-105
-74
-122
-66
-97
-198
-169
-174
-13
-22
19
127
73
24
-33
3
-119
-108
-159
-167
-287
-389
-305
-503
-518
-535
-529
-529
-474
-401
-249
-262
-190
-98
-103
-29
22
117
186
318
370
467
556
600
604
751
645
708
765
694
699
612
641
615
439
488
468
359
392
193
144
51
-51
-79
51
130
161
347
281
265
207
74
-28
15
0
-9
27
17
158
40
-63
6
-5
-41
37
8
16
-81
-22
-105
-200
-102
-253
-283
-308
-393
-416
-409
-447
-353
-358
-371
-358
-183
-159
-124
39
53
109
16
68
15
-74
38
75
52
69
97
36
107
47
75
113
44
-6
-147
-201
-374
-313
-253
-266
-270
-189
-187
-167
-170
-301
-200
-215
-270
-293
-328
-365
-431
-546
-546
-605
-647
-607
-578
-535
-438
-364
-397
-243
-193
-169
-84
-1
130
51
151
144
93
81
-44
34
39
40
204
194
132
225
