117
66
58
94
64
-19
-21
-52
-59
-11
-68
-40
-70
-127
-76
-120
-106
-106
-141
-75
-164
-191
-133
-170
-112
-96
-81
-49
-118
-146
-103
-128
-240
-228
-236
-264
-245
-340
-367
-325
-335
-367
-423
-493
-417
-418
-545
-473
-416
-381
-366
-426
-375
-347
-369
-313
-275
-286
-334
-284
-188
-208
-157
-77
-13
29
-14
51
148
104
51
70
96
108
78
86
190
152
106
123
87
93
75
118
170
150
134
156
150
47
50
82
40
37
43
109
175
148
219
277
231
244
258
208
229
282
268
303
247
202
193
168
200
174
153
162
154
195
182
165
265
268
257
251
240
243
148
105
130
92
71
152
112
83
80
11
72
59
28
45
39
122
133
60
74
65
17
3
47
67
-7
-44
-15
-3
-7
13
20
23
5
0
3
-12
-59
-61
31
25
-5
24
0
0
9
-23
-34
-32
-43
-74
-4
32
-30
-7
-25
-59
-57
-35
-11
-43
-58
-45
-74
-101
-45
-51
-20
3
-71
-12
28
-3
-35
-20
72
32
-37
31
7
27
30
-14
24
22
20
7
52
-22
-123
-69
-36
-73
-133
-77
-62
-137
-111
-64
-75
-95
-92
-26
45
-58
-135
-23
-28
-43
-35
-79
-27
-37
-57
-37
-112
-121
-37
-14
34
9
-55
-14
-23
15
62
9
-44
-23
-92
-144
-115
-122
-52
-115
-119
-21
-95
-60
-85
-163
-71
-28
-21
-41
-67
-72
-61
-13
-49
-90
-69
-82
-75
-34
-2
3
18
29
6
-9
23
-8
-83
-58
-52
-61
-34
-26
-48
-42
-83
-97
-34
-18
-33
-50
-7
-6
-121
-149
-37
-118
-137
0
-65
-58
-63
-126
-51
-88
-188
-148
-110
-79
-93
-162
-170
-219
-222
-214
-258
-205
-115
-126
-171
-174
-148
-64
-77
-109
-69
-34
-11
-41
-16
20
-44
-10
121
0
-42
88
90
124
175
148
161
205
173
100
64
163
193
153
167
123
85
112
176
184
165
97
105
206
202
145
125
116
99
73
27
97
148
155
180
85
44
92
86
80
90
182
183
85
98
117
105
87
160
217
138
36
17
61
114
119
123
208
234
188
181
168
175
158
151
159
103
69
98
102
28
-10
-28
12
-38
-145
-86
-62
-153
-126
-104
-139
-96
-195
-193
-232
-303
-150
-139
-223
-233
-223
-207
-234
-264
-218
-227
-225
-189
-134
-38
-19
-84
-54
-14
-104
-74
-27
0
74
28
22
4
-58
14
63
58
101
56
10
-2
-38
11
24
23
23
18
68
102
21
-17
59
28
-13
35
123
146
100
106
157
190
169
79
55
70
62
108
74
24
12
-12
14
28
30
75
43
46
117
51
53
73
22
57
12
52
124
47
22
117
143
72
64
95
93
37
117
251
215
118
67
37
19
17
-27
-34
-40
-95
-47
9
-5
-68
-72
2
-24
-34
0
-72
-132
-154
-175
-132
-107
-58
-1
-18
26
55
-2
46
111
77
29
13
88
117
11
-29
18
-32
-37
34
-26
-46
-46
-92
-86
-89
-20
70
53
66
41
-62
-15
68
-2
-35
-10
-52
-12
39
45
64
-28
-73
15
-7
-13
34
49
32
-50
-38
-13
-86
-87
-106
-155
-130
-176
-198
-166
-165
-236
-252
-144
-162
-202
-171
-191
-205
-175
-154
-150
-172
-153
-102
-128
-145
-80
-51
-28
-63
-152
-111
-14
-12
-60
14
34
-19
9
4
25
18
-9
0
24
43
23
-18
-93
-67
-51
-192
-250
-172
-147
-197
-252
-274
-248
-298
-337
-245
-262
-260
-168
-148
-148
-99
-88
-62
-64
-140
-51
-13
-26
-2
-14
1
13
55
73
20
85
163
139
211
222
202
301
300
275
285
244
269
271
246
216
177
198
233
176
125
129
121
167
169
197
211
138
93
168
251
248
238
214
215
213
148
63
69
137
184
118
55
111
104
47
87
122
128
92
37
139
131
42
86
137
130
105
94
73
93
95
50
60
75
41
24
30
62
93
127
182
160
185
218
163
201
212
190
166
119
143
110
52
59
59
65
75
-6
-8
75
18
-51
-28
-16
-25
-16
0
39
21
-82
-117
-164
-165
-142
-233
-172
-93
-126
-55
-39
-106
-115
-116
-120
-104
-99
-77
-43
-92
-158
-128
-54
-74
-86
-38
22
12
-37
-9
-12
-60
-85
-31
-30
-44
-71
-58
-80
-194
-145
-107
-136
-177
-135
-87
-88
-74
-64
-41
-94
-71
-22
-80
-21
3
-37
19
23
8
6
34
49
40
-5
-4
92
94
0
-33
60
43
-44
32
114
40
37
41
30
88
56
57
83
68
48
14
29
98
53
10
59
14
-59
-43
-42
-76
-59
1
-54
-190
-178
-139
-175
-180
-164
-163
-162
-230
-235
-166
-179
-163
-159
-157
-83
-73
-96
-85
-4
52
0
30
118
73
76
108
137
208
138
112
191
202
175
217
241
249
251
283
299
222
226
276
268
142
172
257
150
147
142
118
123
107
149
107
6
-16
-44
-47
-36
-73
-68
-87
-124
-77
-66
-145
-161
-166
-199
-186
-147
-130
-164
-177
-156
-170
-204
-139
-196
-240
-154
-130
-59
-83
-103
-14
-18
-51
-41
-77
-66
-67
-73
-33
-9
9
-21
14
101
103
77
148
196
172
122
91
120
120
100
89
155
157
85
147
95
33
96
62
14
24
17
17
13
-13
-5
8
7
18
-14
-32
-28
18
67
63
75
37
76
154
98
88
121
83
105
123
103
95
56
42
42
-9
-18
-12
-102
-111
-59
-89
-79
-76
-67
-9
-42
-60
-29
-38
-52
-44
-5
21
-48
-12
38
-72
-41
81
60
15
47
56
78
92
58
66
89
111
119
85
95
55
-5
39
42
-39
-32
116
142
66
145
225
156
123
131
181
222
148
190
228
140
73
70
111
61
9
60
63
72
17
-82
11
12
-85
-65
-24
4
-41
-66
-12
-32
-95
-117
-97
-61
-89
-95
-30
-26
-7
27
30
0
8
62
49
23
74
58
-15
13
57
54
14
31
126
148
54
9
26
20
11
-40
-62
-116
-205
-148
-193
-239
-236
-329
-288
-222
-262
-226
-163
-161
-104
-173
-212
-146
-183
-109
-82
-197
-257
-239
-255
-237
-183
-198
-97
-117
-92
-12
-107
-78
-33
-22
-30
-16
35
2
-17
56
-11
-128
-77
-63
-62
8
-4
-16
24
16
19
65
99
96
60
21
4
33
21
-29
73
35
-80
-1
56
33
9
2
14
2
-30
99
144
51
56
129
155
91
58
108
158
104
140
243
169
121
150
166
151
84
85
135
83
77
72
-11
-14
-49
-6
42
-49
-69
-12
-42
-116
-112
-82
-139
-220
-146
-91
-172
-191
-103
-140
-251
-253
-222
-184
-193
-173
-120
-114
-131
-144
-58
-30
-125
-134
-80
-51
-78
-94
-41
-46
-105
-104
-23
1
-83
-22
16
-38
44
67
34
31
81
123
147
123
113
144
61
83
162
183
175
168
145
160
161
102
144
84
73
137
121
137
149
166
184
140
101
163
97
33
98
30
4
4
17
87
0
-83
11
85
85
68
131
206
47
61
210
117
47
66
105
101
47
31
106
133
35
39
150
126
90
123
153
168
89
128
244
176
90
111
128
83
44
60
47
-18
-50
-41
-89
-76
-38
-76
-64
-74
-66
-36
-44
-17
-51
-129
-106
-80
-148
-176
-155
-194
-245
-265
-211
-163
-241
-253
-225
-224
-253
-217
-104
-90
-126
-148
-83
-79
-80
-54
-81
-81
-86
-98
-127
-134
-126
-229
-292
-267
-318
-289
-303
-323
-281
-295
-244
-214
-227
-195
-169
-173
-149
-101
-52
-49
-49
-32
-36
9
11
-11
33
40
30
5
-9
37
38
-43
-55
18
75
46
74
176
133
62
96
99
12
-7
0
-4
-24
-98
-118
-127
-160
-121
-80
-97
-63
-57
-17
71
54
51
109
115
107
114
112
82
60
24
-18
42
62
59
55
20
85
64
17
86
97
28
23
50
77
60
52
101
104
158
185
187
190
150
198
251
281
299
278
325
312
233
265
261
198
226
180
122
199
175
110
151
147
166
147
58
105
87
-25
-15
3
-15
-68
-123
-102
-91
-99
-87
-85
-71
-97
-202
-197
-175
-220
-180
-184
-186
-172
-245
-187
-129
-225
-186
-93
-107
-83
-100
-77
-19
-111
-141
-117
-119
-74
-69
-70
-40
-98
-100
-82
-73
-33
-36
-33
-32
-40
-66
-43
5
3
-58
-26
-12
-33
-39
-31
7
-73
-120
-103
-93
-81
-168
-172
-88
-145
-191
-161
-81
-97
-155
-82
-4
-19
-36
5
-3
-69
-59
-41
-97
-100
-80
-138
-134
-74
-96
-38
3
-17
50
138
98
122
250
270
281
246
248
284
278
268
281
276
222
192
226
196
143
228
234
184
195
249
276
220
182
246
274
204
204
270
219
140
209
192
162
147
84
66
20
83
107
18
56
72
15
-2
0
35
36
27
39
42
11
-44
-21
-43
-142
-66
-71
-117
-102
-160
-177
-172
-203
-189
-150
-208
-187
-163
-205
-219
-196
-167
-168
-140
-132
-166
-199
-211
-229
-234
-232
-243
-240
-231
-243
-222
-206
-189
-123
-164
-150
-137
-161
-138
-197
-181
-154
-165
-161
-155
-144
-104
-59
-56
-40
1
-28
-50
28
45
6
51
85
9
-24
-25
21
56
-2
20
70
70
40
31
51
24
-18
-33
-45
-28
1
-32
11
6
-52
-13
-20
12
52
19
54
53
0
13
-36
-43
-30
-70
-51
-49
-142
-171
-166
-209
-106
-106
-151
-64
-111
-164
-108
-71
-12
-25
-34
19
-42
-69
-41
-30
-30
-57
-54
-7
-4
0
63
70
62
109
137
90
108
161
143
124
139
226
216
98
161
250
176
161
174
175
178
99
86
168
105
76
143
129
156
136
120
193
228
202
228
256
181
172
162
88
87
80
70
90
33
22
11
-14
3
-16
16
24
18
55
80
62
69
110
134
121
79
119
164
127
104
159
167
97
100
135
150
125
105
166
187
135
124
197
203
137
126
119
102
12
-27
-10
-53
-17
-14
-49
-23
-42
-82
-24
23
36
47
8
-3
48
18
-4
41
24
3
-61
-59
-30
-32
-51
-59
-41
0
-9
-93
-74
-94
-116
-122
-118
-93
-125
-188
-177
-153
-192
-148
-134
-155
-160
-182
-187
-195
-255
-297
-262
-277
-330
-380
-319
-262
-336
-340
-306
-287
-280
-327
-292
-215
-272
-248
-200
-219
-145
-146
-152
-147
-190
-178
-136
-98
-129
-144
-120
-115
-139
-83
-12
-56
-125
-128
-100
-73
-96
-116
-79
-111
-84
-57
-103
-102
-101
-134
-142
-113
-79
-99
-184
-186
-181
-221
-182
-184
-216
-212
-194
-141
-122
-121
-100
-92
-67
-100
-122
-146
-213
-180
-179
-188
-141
-190
-190
-160
-206
-188
-111
-112
-119
-81
-62
-63
-78
-22
40
51
29
79
100
18
39
39
56
85
24
66
68
40
105
137
139
109
94
147
186
102
134
189
57
35
68
40
3
-67
-42
-46
-101
-54
-32
-46
-78
-96
-62
-34
-116
-158
-76
-129
-128
11
54
21
-4
-3
18
53
49
72
101
68
24
45
73
77
75
21
52
117
82
16
27
63
94
80
100
157
113
102
129
203
226
252
273
256
327
301
296
327
318
300
259
199
174
149
131
247
268
236
228
222
217
247
244
219
291
192
113
158
140
159
108
-9
39
67
-2
48
61
39
5
-22
48
27
5
42
-32
-97
-62
-92
-73
-49
-54
-9
-62
-93
-111
-183
-203
-153
-223
-285
-296
-323
-280
-324
-318
-259
-188
-178
-237
-213
-224
-274
-256
-169
-102
-110
-152
-54
-19
-101
2
72
50
45
72
101
83
34
39
97
75
58
45
78
108
66
65
118
103
41
33
19
9
-77
-101
-54
-56
-67
-109
-116
-122
-148
-180
-169
-169
-200
-254
-261
-232
-291
-252
-143
-151
-230
-181
-148
-154
-124
-202
-198
-202
-276
-228
-231
-282
-202
-172
-157
-111
-166
-82
16
-20
-58
-31
-41
-84
-86
-63
-119
-210
-113
-62
-94
-108
-51
15
-49
-83
25
65
-23
-22
43
18
-31
-61
-44
37
37
48
103
105
105
95
27
35
112
125
118
162
219
213
205
276
305
215
172
243
221
122
112
182
220
102
146
267
225
170
176
258
283
271
310
343
283
257
249
214
205
174
248
268
183
189
213
242
250
244
263
280
227
195
221
191
222
213
188
173
153
184
170
151
171
191
163
175
191
221
287
229
164
205
155
62
88
90
17
-70
-58
42
-1
-83
-6
53
-46
-58
-57
-52
5
-89
-123
-73
-112
-189
-158
-144
-189
-197
-206
-162
-147
-187
-172
-152
-206
-218
-195
-217
-246
-288
-267
-227
-318
-389
-338
-296
-285
-286
-259
-142
-150
-240
-151
-96
-112
-83
-77
-92
-107
-142
-145
-141
-174
-197
-156
-193
-224
-107
-124
-129
-35
-38
-8
67
75
48
96
131
88
120
174
185
222
224
146
140
164
133
164
160
147
223
231
215
209
192
232
235
171
186
188
112
102
91
76
80
82
84
54
14
-32
3
32
-72
-70
-8
-57
-133
-134
-85
-54
-95
-74
35
34
23
31
107
180
114
136
200
113
56
32
15
18
-38
-46
-40
-48
-42
-65
-18
56
-4
-23
81
156
124
80
197
237
121
113
158
143
60
27
51
33
-4
-37
-63
-77
-89
-100
-65
-51
-87
-95
-69
-84
-89
-42
-41
-67
-56
-64
-110
-57
6
-40
-43
-43
-82
-90
-90
-70
-119
-127
-72
-125
-138
-111
-120
-114
-93
-92
-76
-27
-21
-23
-30
-38
1
74
21
2
99
49
-19
24
39
-10
-22
-17
2
-32
-56
-13
-78
-82
-41
-70
-55
-22
-13
-35
-22
15
13
28
13
-17
20
2
-73
-46
7
-58
-46
-8
-50
-4
3
-41
30
32
33
124
38
28
87
2
56
106
10
65
70
17
54
44
63
94
68
47
35
49
63
46
100
120
112
170
201
197
216
185
167
149
88
63
47
6
-20
-33
-56
-78
-107
-111
-76
-68
-146
-148
-104
-124
-133
-141
-143
-97
-61
-128
-177
-149
-165
-136
-121
-133
-129
-145
-134
-181
-204
-142
-107
-119
-115
-85
-49
-71
-82
-42
-48
-14
-21
-86
-105
-90
-109
-134
-50
-22
-61
-5
20
-25
-3
25
46
73
27
25
65
36
65
98
55
143
175
61
111
177
116
98
136
150
107
64
109
163
119
109
142
96
68
88
67
62
99
63
-18
26
16
-96
-88
-70
-101
-93
-100
-82
-58
-92
-55
-2
28
29
19
60
103
97
76
122
152
103
99
99
78
126
172
139
110
97
116
128
44
41
68
77
62
106
179
131
104
178
183
90
101
125
104
50
41
76
31
-5
-13
-53
-70
-46
-71
-60
-17
-76
-90
-47
-130
-186
-101
-108
-155
-108
-151
-190
-149
-130
-111
-165
-129
-68
-168
-162
-82
-135
-158
-82
-86
-114
-114
-138
-132
-117
-150
-135
-63
-127
-213
-180
-123
-118
-101
-101
-123
-72
-42
-72
-70
-15
25
40
31
-12
-12
-35
-29
-17
-80
-95
-28
-41
-151
-94
-19
-93
-105
-119
-155
-112
-185
-219
-147
-216
-279
-217
-199
-171
-192
-202
-65
-116
-193
-120
-114
-164
-184
-175
-174
-184
-189
-180
-170
-165
-157
-128
-120
-162
-168
-152
-127
-114
-112
-51
-1
18
67
127
139
149
238
260
229
297
274
289
301
229
278
260
199
221
216
203
188
149
228
184
74
211
194
92
139
194
232
253
233
254
311
208
201
217
196
238
181
169
177
121
148
208
145
153
172
144
186
178
127
173
251
193
105
134
158
82
99
149
130
168
235
221
212
294
291
259
263
241
313
329
213
248
285
189
164
189
168
145
88
54
59
39
13
-28
-28
-50
-102
-92
-106
-167
-152
-114
-129
-177
-131
-86
-215
-200
-116
-155
-192
-204
-227
-146
-129
-226
-150
-57
-86
-144
-148
-116
-138
-194
-109
0
-96
-112
-2
-6
-2
-15
-65
-19
-11
-65
-114
-89
1
-29
-79
-92
-59
-35
-53
-42
-7
30
28
-21
24
60
-63
31
113
-36
3
108
61
28
22
-10
32
47
-16
-9
-25
-25
-68
-89
-39
-55
-50
-14
-8
-84
-61
33
17
-5
134
145
80
146
88
64
117
102
45
38
1
-44
-32
-75
-133
-118
-31
-75
-121
-103
-107
-80
-133
-105
11
38
-20
-15
27
36
6
-47
4
-10
-86
-80
-16
-78
-137
-30
-21
-16
52
53
112
186
137
100
68
79
105
17
30
32
-78
-96
-88
-166
-165
-112
-131
-182
-180
-94
-128
-141
-84
-52
-71
-144
-143
-84
-96
-163
-120
-100
-111
-136
-149
-84
-85
-121
-89
-82
-103
-110
-125
-99
-65
-23
-26
-28
31
26
-9
17
55
25
82
110
50
94
91
58
62
59
73
59
59
80
72
98
114
97
161
134
125
157
107
170
153
96
131
188
174
126
172
151
105
138
121
58
134
150
34
82
161
105
82
134
112
149
170
160
199
239
249
200
241
234
236
191
149
180
184
146
121
182
183
117
68
110
104
60
56
103
114
99
120
84
103
127
97
72
73
72
16
46
46
-1
-50
-46
-18
-37
-34
-28
-9
-20
-44
-66
5
-28
-114
-22
0
-95
-91
-53
-89
-81
-118
-87
-40
-126
-141
-98
-43
-81
-120
-45
-3
-73
-127
-83
-101
-138
-195
-193
-181
-218
-212
-219
-244
-223
-224
-264
-211
-236
-253
-220
-225
-251
-306
-329
-314
-311
-350
-304
-287
-315
-361
-392
-318
-308
-336
-330
-333
-314
-288
-300
-256
-217
-186
-157
-177
-160
-145
-161
-212
-181
-101
-179
-223
-138
-140
-169
-143
-108
-67
-108
-108
-64
-65
-58
-118
-110
-40
-88
-133
-103
-59
-37
-41
25
89
59
92
99
48
66
54
58
74
61
98
125
137
177
205
281
285
218
278
299
268
215
153
156
119
105
168
153
126
150
107
113
97
106
164
126
124
131
154
120
112
141
142
171
194
232
237
186
212
260
178
163
200
149
134
137
153
159
103
147
149
141
146
85
138
120
42
101
133
53
20
24
50
12
-41
-4
2
43
47
14
14
4
23
-19
-60
9
-10
-66
-30
-62
-61
-24
-34
-30
17
-31
-76
-6
-87
-94
-23
-77
-110
-61
-18
-12
-53
-33
14
-28
-71
-124
-104
-96
-153
-92
-52
-50
-39
-28
13
16
27
29
33
41
-43
-51
-36
-109
-82
-119
-111
-29
-84
-61
-50
-94
-95
-122
-121
-77
-96
-57
-8
-94
-60
-42
-42
23
-26
7
47
-20
33
76
66
108
41
51
119
76
65
67
74
122
60
9
86
89
52
57
118
82
23
67
70
51
45
33
37
48
49
65
105
151
125
147
175
151
157
176
185
172
175
155
127
109
112
116
86
97
120
103
64
-5
-44
-7
-40
-127
-129
-158
-189
-179
-196
-212
-148
-166
-202
-109
-141
-105
-56
-85
-32
-26
-39
24
39
37
99
123
177
143
109
186
165
115
79
86
88
2
12
82
-2
-49
14
6
26
-19
-13
52
-31
-45
4
0
-9
-44
-35
51
9
14
68
0
24
50
-14
54
108
78
116
118
127
186
160
158
198
205
188
156
187
201
150
81
41
13
-13
-37
-21
-5
-72
-38
84
51
34
45
-3
87
56
-19
69
91
32
18
47
54
12
-11
88
79
10
14
-30
-50
-71
-77
-77
-101
-145
-148
-118
-154
-187
-146
-183
-267
-262
-214
-233
-311
-240
-176
-201
-181
-211
-189
-157
-182
-121
-86
-183
-237
-179
-155
-151
-221
-243
-142
-175
-184
-75
-88
-63
-20
-82
-63
-115
-137
-53
-115
-178
-158
-107
-105
-147
-85
-60
-72
-8
-23
-24
-4
-117
-104
-62
-120
-119
-64
-65
-87
-46
21
89
65
98
113
93
88
61
93
108
103
95
89
90
101
82
64
105
161
170
163
166
166
190
166
129
202
200
108
158
156
87
40
6
28
-33
-88
-42
-41
-71
-67
-22
64
35
32
45
-7
42
6
-28
28
-24
-45
19
-53
-16
16
-62
56
51
9
42
-1
75
84
45
116
140
104
78
45
110
117
43
107
96
139
157
126
223
190
86
207
277
231
271
225
230
243
186
197
233
263
227
220
251
230
233
233
227
233
186
186
235
156
85
119
126
132
161
129
123
163
61
57
145
110
113
155
124
92
119
116
90
62
48
56
57
-14
-84
-20
21
4
3
-50
-60
-48
-129
-86
-88
-196
-159
-208
-231
-144
-185
-179
-163
-156
-149
-212
-168
-152
-174
-132
-189
-176
-139
-193
-91
-81
-187
-104
-90
-142
-93
-145
-163
-46
-102
-162
-145
-188
-171
-198
-180
-135
-267
-300
-272
-308
-283
-330
-280
-215
-305
-232
-220
-301
-243
-271
-260
-202
-286
-253
-225
-281
-189
-145
-125
-101
-139
-98
-77
-129
-70
-25
-58
-51
-63
-55
-129
-170
-130
-164
-188
-179
-224
-161
-69
-202
-184
-79
-146
-198
-155
-100
-25
-106
-187
-39
-95
-163
-79
38
92
22
61
177
150
62
120
117
103
68
32
111
107
78
140
182
166
192
170
179
147
159
253
150
141
201
194
190
187
268
325
255
247
284
243
199
159
192
205
155
146
154
193
207
198
291
341
276
276
283
276
250
201
240
181
166
190
85
129
114
37
89
87
129
126
15
104
102
11
79
48
50
83
35
75
96
58
58
57
116
85
-4
79
64
-44
-65
-98
-107
-91
-145
-124
-84
-131
-167
-163
-160
-176
-130
-95
-103
-145
-213
-185
-137
-190
-194
-154
-252
-301
-282
-299
-247
-268
-292
-224
-217
-236
-179
-148
-98
-10
-73
-75
-18
-54
-56
-42
-40
-9
-54
-31
-9
-143
-79
-104
-175
-115
-280
-244
-118
-280
-221
-141
-192
-141
-230
-165
-51
-137
-69
-58
-67
-21
-69
38
28
-42
121
93
79
161
92
181
172
55
198
149
76
114
46
103
-1
-74
51
-21
-8
0
-116
19
-64
-140
19
-95
-70
-56
-161
-15
-48
-61
79
10
56
123
82
162
160
138
220
241
242
261
278
318
327
307
364
370
305
342
341
247
223
258
239
201
171
167
162
140
158
180
197
211
163
165
224
101
98
149
68
65
58
115
99
74
111
103
105
102
50
63
119
73
66
56
19
39
53
-14
13
-40
-112
-19
-65
-11
49
-54
-37
-27
-60
23
-25
-88
6
-72
-111
-53
-84
-28
-66
-83
28
-29
-18
82
-19
43
91
-6
54
28
-10
-35
-84
-89
-94
-85
-87
-104
-91
-46
-68
-55
-67
-28
18
-23
3
-63
-34
6
-66
-40
-12
-32
0
30
61
72
8
53
61
33
68
69
73
54
34
43
55
-25
-26
47
-10
7
65
120
184
166
121
145
151
122
158
160
138
109
106
122
88
52
77
112
115
86
66
90
120
136
146
174
113
69
136
105
114
132
56
38
9
-15
19
-34
-81
-85
-154
-137
-143
-216
-187
-184
-166
-147
-185
-157
-200
-254
-191
-275
-302
-187
-255
-284
-300
-341
-261
-241
-245
-244
-257
-222
-274
-315
-273
-337
-372
-332
-296
-320
-326
-287
-326
-355
-256
-180
-227
-243
-231
-192
-171
-181
-147
-61
-42
-96
-35
-12
8
52
-27
44
126
19
158
172
48
224
144
124
218
111
195
163
60
161
45
17
108
-21
56
40
-18
86
46
79
99
110
152
126
121
136
161
146
114
155
155
81
202
214
108
184
175
240
262
129
249
240
125
235
197
176
183
88
157
131
44
79
115
93
4
103
104
-65
-19
4
-16
2
-74
-16
73
28
78
155
208
227
224
262
251
192
188
243
244
196
269
235
210
313
286
316
332
327
337
271
279
295
189
193
227
106
72
59
-17
-24
-62
-74
-53
-105
-85
-76
-130
-101
-113
-137
-59
-140
-203
-165
-215
-200
-206
-217
-179
-283
-308
-219
-282
-314
-325
-392
-332
-340
-430
-336
-343
-412
-356
-347
-298
-294
-315
-280
-288
-303
-199
-141
-207
-173
-101
-196
-133
-35
-200
-82
-66
-126
13
-97
-53
37
-118
-32
-26
-146
-2
-118
-148
-8
-146
-114
-76
-130
-89
-160
-124
-74
-247
-215
-170
-282
-287
-279
-206
-187
-234
-228
-226
-199
-222
-303
-265
-281
-344
-277
-335
-345
-299
-338
-307
-303
-289
-220
-311
-320
-167
-246
-267
-254
-326
-265
-350
-395
-192
-186
-227
-80
-72
-63
7
29
96
45
65
123
92
120
64
14
63
46
51
55
23
28
28
83
68
40
101
156
139
139
215
219
226
298
297
284
339
340
296
291
277
266
287
197
213
274
175
162
172
155
196
155
109
141
52
37
120
37
-9
0
12
47
-2
-18
-12
-24
-42
-84
-22
-8
-54
59
51
35
61
-12
119
103
13
179
132
69
182
165
244
326
225
277
309
268
303
305
293
253
215
196
166
143
126
139
149
81
141
145
-6
80
42
-18
95
-8
12
105
25
55
32
-25
71
15
-15
31
-80
-119
-120
-133
-140
-118
-210
-284
-212
-270
-202
-181
-269
-167
-162
-209
-86
-148
-225
-196
-264
-178
-163
-239
-186
-199
-247
-272
-273
-255
-274
-273
-300
-223
-135
-164
-119
-90
-166
-159
-131
-136
-64
-103
-91
-32
-110
-116
-98
-98
-64
-59
-66
-14
2
-49
-57
-122
-158
-117
-121
-120
-71
-50
-44
0
20
39
32
4
-13
-37
-60
-50
-26
-151
-184
-103
-171
-137
-82
-100
-40
-62
-43
75
24
36
90
-6
30
68
32
68
31
-1
-1
-21
40
82
56
57
110
63
-12
99
87
-7
62
64
48
82
42
45
27
-20
45
79
142
177
123
179
111
101
185
80
117
74
56
207
74
132
236
80
240
303
232
374
221
204
284
127
236
197
111
237
177
158
222
172
194
230
252
282
205
208
173
138
208
119
50
103
83
57
39
15
71
15
-80
-17
-74
-112
-56
-163
-176
-153
-253
-214
-268
-409
-342
-366
-318
-228
-320
-196
-128
-243
-130
-209
-215
-100
-258
-155
-107
-112
42
-55
-38
84
21
153
205
167
261
169
164
245
217
233
205
205
237
240
313
278
242
218
189
302
276
172
254
238
200
292
289
257
186
236
354
275
255
274
261
254
173
190
156
87
88
34
66
82
2
35
28
-51
-5
-23
-1
60
46
84
29
-22
-7
-51
-88
-126
-134
-139
-141
-141
-199
-145
-165
-241
-148
-127
-204
-235
-268
-259
-201
-133
-138
-226
-159
-75
-42
23
-6
11
32
-30
132
128
-6
95
3
19
146
27
78
115
7
94
66
2
120
34
17
170
64
56
153
87
65
41
-13
-4
-5
-63
-60
-60
-133
-103
-79
-173
-192
-254
-314
-225
-234
-341
-302
-289
-318
-286
-393
-383
-254
-337
-369
-272
-299
-206
-135
-302
-261
-249
-338
-146
-145
-266
-224
-237
-133
-64
-117
-64
-67
-101
21
29
-59
-15
34
28
73
105
47
75
73
52
87
50
86
183
162
129
124
53
96
160
94
20
2
81
127
90
78
121
168
225
233
179
156
252
254
140
183
146
144
232
169
133
160
145
262
239
117
193
153
115
207
180
128
175
115
154
233
109
73
137
112
183
195
129
126
105
154
158
120
96
114
149
142
112
97
71
193
273
187
208
182
145
217
163
61
129
125
85
139
68
2
57
26
47
72
23
129
145
8
35
65
76
114
35
-22
-6
35
14
-31
-13
-76
-73
35
-71
-32
5
-143
-35
-41
-161
-39
-47
-98
-54
-181
-120
-48
-165
-110
-144
-195
-88
-106
-122
-28
-39
-11
11
-34
2
-2
-11
-61
-120
-109
-85
-99
-156
-240
-245
-185
-218
-160
-183
-218
-129
-161
-189
-187
-232
-260
-238
-304
-317
-249
-257
-274
-327
-298
-225
-236
-230
-243
-216
-118
-141
-208
-242
-182
-117
-234
-248
-222
-254
-188
-214
-300
-225
-110
-70
-55
-113
-100
-62
-126
-107
-123
-111
-12
-123
-135
-5
-36
57
65
-25
54
49
63
108
22
81
133
95
177
90
70
172
39
73
119
83
201
42
-46
136
81
53
66
-17
109
113
83
89
-36
64
105
-27
-71
-111
-52
3
-79
-69
-47
52
175
143
114
83
157
219
57
-46
24
81
51
-9
29
56
17
53
56
73
85
66
114
50
81
211
144
125
99
59
186
109
12
112
95
199
271
142
191
274
276
298
235
205
268
286
238
152
100
97
155
120
44
75
34
87
110
12
41
20
25
56
-44
-66
-54
-128
-139
-172
-172
-136
-181
-119
-118
-171
-82
-166
-223
-121
-167
-106
-53
-116
-62
-70
-113
-28
19
20
54
102
167
148
82
122
169
60
45
102
45
94
111
1
0
31
8
-11
-82
-113
-70
-83
-127
-199
-136
-57
-91
-15
-25
6
43
-42
46
-31
-134
-36
-135
-173
-134
-205
-179
-301
-348
-184
-232
-276
-243
-232
-127
-166
-229
-148
-164
-161
-144
-201
-222
-291
-235
-140
-268
-235
-161
-179
-125
-162
-145
-105
-148
-106
-48
-2
7
-34
-19
32
2
-42
-14
27
26
95
100
-62
-33
68
110
112
-6
35
161
146
121
51
53
174
257
239
141
170
261
250
217
166
149
201
188
150
52
-2
77
90
-3
-45
-60
-54
31
-29
-69
2
-36
-40
2
-44
-71
-36
-62
-72
-62
-100
-53
-55
-93
-41
-69
-26
43
-10
0
78
159
144
136
172
156
175
142
26
41
122
121
63
-7
58
162
158
186
162
103
194
192
158
126
110
221
158
67
84
103
204
207
123
109
110
205
183
15
4
14
3
9
4
43
8
15
0
-112
-72
-21
-14
-68
-229
-202
-93
-167
-208
-242
-193
-104
-165
-119
-103
-199
-142
-141
-197
-163
-107
-62
-56
-98
-113
-23
50
-26
-126
-43
18
20
-10
-65
0
47
29
7
-46
-18
71
36
-3
-56
-25
140
160
72
18
79
192
171
140
138
194
297
235
166
116
78
174
186
67
74
132
91
54
38
9
38
6
-74
8
23
-61
12
-54
-171
-26
-37
-82
-94
-193
-61
-30
-164
-179
-148
-104
-107
-104
-119
-116
-97
-128
-176
-265
-169
-42
-201
-279
-125
-86
-146
-152
-252
-205
-108
-194
-175
-172
-181
-98
-91
-101
-118
-133
18
25
-179
-184
-30
-8
-90
-132
-139
-30
62
-56
-101
-16
-23
18
48
-15
-17
-5
1
-15
-83
-73
-1
-23
-100
-135
-61
-92
-149
-107
-101
19
16
-105
-51
-13
11
36
-74
-62
44
-13
-8
1
-97
10
104
71
93
17
29
161
150
137
153
96
82
123
156
213
119
-4
136
168
121
105
46
97
75
67
158
88
39
150
100
55
115
151
213
158
137
180
214
344
306
210
335
350
346
379
345
372
320
338
407
300
262
345
312
275
231
210
321
290
197
188
153
220
211
61
122
122
24
45
79
112
57
36
131
112
43
103
110
57
52
17
11
7
-84
-128
-58
-56
-167
-171
-122
-154
-198
-233
-232
-234
-272
-221
-224
-348
-346
-309
-285
-282
-373
-371
-282
-339
-339
-260
-277
-261
-266
-287
-204
-157
-208
-213
-168
-194
-181
-142
-258
-221
-161
-182
-158
-233
-187
-76
-96
-65
-154
-206
-23
-11
-104
-173
-163
-68
-109
-194
-192
-242
-184
-140
-220
-224
-213
-124
-55
-100
-165
-131
-37
-6
-113
-161
-24
42
11
-26
-53
-59
-61
-7
-12
-118
-75
-102
-102
-71
-168
-48
-41
-176
-104
-105
-120
-82
-124
-37
-9
-70
-48
-59
-32
0
-54
-44
-46
-97
-9
33
-39
-66
-15
89
164
99
111
151
138
209
282
302
256
238
305
274
219
256
266
291
259
230
276
306
269
223
313
386
295
241
261
263
232
212
260
144
7
181
275
120
48
36
138
220
82
30
95
84
92
54
-6
98
51
-26
100
-30
-117
103
99
1
-7
51
185
119
24
71
100
171
170
67
96
227
257
244
178
111
150
211
162
6
-81
-68
-72
-69
-118
-208
-161
-118
-94
-94
-159
-134
-41
-51
-114
-127
-88
-110
-195
-121
-131
-208
-114
-87
-173
-200
-119
-56
-63
-82
-131
-95
-32
-66
-44
12
-45
-107
-94
-75
-73
-60
-44
-72
-106
-120
-119
-110
-142
-176
-157
-193
-169
-162
-200
-107
-170
-209
-93
-98
-123
-140
-141
-38
-27
-74
-35
-74
-53
47
-32
-140
-48
82
98
57
-20
12
167
161
103
122
76
102
186
171
180
201
246
305
163
135
262
264
276
216
156
265
319
322
361
270
232
313
263
196
214
212
235
199
117
137
206
262
294
204
110
265
371
344
267
146
190
215
145
174
171
112
109
70
-2
44
132
110
-22
-159
-85
14
-66
-124
-162
-195
-173
-182
-216
-222
-253
-255
-214
-271
-269
-176
-164
-167
-183
-222
-158
-94
-89
-33
-21
-30
35
39
-12
104
164
48
12
22
125
155
68
93
6
4
181
159
142
196
200
289
267
199
285
324
283
203
177
233
226
211
246
220
179
170
175
231
262
206
124
126
178
154
173
195
93
51
61
54
94
35
-35
-6
-70
-77
-8
45
37
-77
-64
-42
-23
70
9
-48
-40
-71
-43
-23
15
51
-21
-85
-36
21
43
77
13
-91
-79
-71
-91
-48
-123
-199
-189
-226
-170
-134
-158
-163
-186
-185
-137
-119
-176
-188
-159
-211
-229
-255
-311
-222
-213
-288
-292
-336
-293
-206
-199
-218
-255
-202
-140
-180
-212
-205
-230
-235
-169
-176
-194
-104
-91
-126
-110
-118
-73
5
-104
-147
-81
-114
-67
-31
-79
-163
-155
-68
-34
-42
-34
-88
-78
-1
-61
-24
-78
-160
-56
-65
-43
33
-10
29
26
-1
137
165
120
172
102
80
227
204
173
163
78
159
209
155
162
183
214
153
72
138
189
160
128
63
73
147
150
195
180
144
58
42
156
162
243
237
103
95
158
278
335
156
78
158
220
307
310
201
109
132
189
200
159
215
298
269
249
237
306
470
408
194
182
260
210
165
196
86
-6
-17
-42
17
4
-67
-68
-141
-152
-3
31
-36
-168
-157
-23
-89
-77
-15
-75
-53
-68
-127
-59
0
8
-28
-156
-204
-158
-38
66
-71
-193
-107
-56
-37
24
-45
-160
-106
-62
-110
-121
-144
-173
-176
-256
-241
-170
-195
-196
-235
-300
-315
-302
-275
-269
-361
-424
-397
-354
-318
-289
-253
-274
-321
-341
-279
-199
-221
-262
-294
-350
-305
-198
-148
-196
-280
-235
-164
-119
-103
-144
-153
-133
-143
-117
-76
-63
-65
-44
-14
-67
14
91
10
0
-47
-55
35
41
42
29
-19
27
75
91
151
157
145
185
175
193
168
157
216
160
67
83
100
116
130
45
11
88
159
148
169
115
102
208
204
202
180
175
231
193
166
201
217
275
190
108
161
126
163
189
109
143
104
106
172
148
213
169
126
169
174
210
254
249
243
287
315
283
246
287
313
314
300
300
325
348
364
316
250
234
235
225
189
120
102
114
177
131
56
98
71
69
13
-70
-14
47
-32
-114
-156
-172
-116
-156
-274
-304
-308
-275
-256
-366
-374
-348
-359
-364
-396
-326
-273
-341
-363
-337
-266
-273
-322
-343
-416
-352
-364
-412
-339
-401
-399
-300
-392
-361
-243
-351
-344
-271
-338
-249
-214
-274
-214
-231
-202
-99
-141
-146
-67
-117
-83
-45
-40
42
3
-41
1
-1
2
48
24
-85
-131
-44
-30
1
-49
-114
-3
-70
-167
11
67
-14
-26
-64
81
83
-31
34
-30
-35
35
-23
38
-17
-105
62
18
-29
89
53
67
58
10
139
173
69
98
147
96
102
105
101
98
26
49
91
32
97
146
83
47
31
57
144
131
93
53
12
80
126
133
112
86
30
47
147
217
298
268
119
156
210
223
332
213
81
188
120
57
202
143
100
96
-13
70
127
87
67
-70
-67
46
68
83
-37
-86
-22
-60
-24
-50
-134
-48
-70
-167
-151
-133
-70
-54
-183
-214
-186
-118
-49
-179
-178
-90
-102
-61
-44
-43
12
-40
-37
-14
-29
58
51
1
-64
-46
68
42
0
22
-35
6
82
42
47
14
-9
30
-30
-24
11
-44
-52
-88
-130
-64
15
-30
-45
69
131
56
32
138
181
157
214
218
151
201
295
296
295
274
227
248
191
169
181
157
157
158
116
54
96
185
156
64
58
30
21
67
54
-21
-90
-79
-44
9
-4
-59
6
35
19
18
-40
51
98
-59
-35
-46
-100
73
90
-4
-36
-36
70
149
114
68
110
87
95
141
155
157
125
122
101
88
45
15
3
-17
-65
-76
-21
-126
-191
-97
-101
-95
-112
-142
-54
-56
-93
-74
-115
-123
-82
-115
-149
-174
-173
-98
-36
-71
-148
-147
-132
-109
-34
-38
-91
-60
-28
-73
-33
54
-47
-63
-48
-137
-67
-12
-48
-65
-145
-131
-71
-72
-18
-112
-129
12
-75
-176
-91
-46
-12
-74
-202
-220
-223
-160
-124
-184
-208
-184
-171
-164
-124
-53
-51
-95
-58
-49
-16
5
3
-37
-167
-124
-32
-41
-117
-147
-28
25
-74
-35
40
87
170
77
29
0
-22
55
56
16
45
29
26
42
-20
47
85
-3
-53
-41
19
31
40
77
140
115
15
32
61
134
136
87
144
88
46
167
174
117
172
186
161
171
242
300
248
192
163
194
286
307
258
165
109
211
225
156
166
118
141
112
21
95
105
105
136
63
74
154
184
123
12
65
135
95
140
172
139
186
196
202
208
155
187
222
162
100
88
124
140
37
13
76
110
120
63
20
27
53
17
-35
-56
-25
-24
-116
-183
-175
-105
-130
-150
-149
-208
-209
-192
-202
-160
-142
-228
-198
-180
-244
-153
-110
-179
-144
-262
-339
-209
-234
-276
-276
-285
-259
-250
-277
-306
-343
-301
-223
-211
-250
-235
-165
-233
-224
-111
-177
-236
-184
-189
-226
-258
-222
-171
-228
-304
-238
-116
-145
-238
-194
-82
-53
-107
-177
-132
-33
-130
-212
-161
-164
-187
-159
-145
-164
-201
-237
-104
-86
-183
-125
-118
-99
15
-18
-9
29
-137
-15
158
57
51
48
35
91
64
86
101
50
71
120
96
92
168
151
165
176
137
151
152
140
141
178
201
138
151
186
249
247
99
104
208
238
175
103
94
184
171
193
177
-3
19
116
179
170
40
-4
27
52
131
157
226
257
176
179
156
162
311
289
167
151
72
90
143
93
76
-24
-98
-29
19
33
-8
-70
-66
-49
40
62
16
50
-61
-18
23
-38
43
53
37
-33
-121
-85
-87
-115
-28
-38
-47
-97
-134
-2
59
16
8
20
-60
-121
-62
52
1
-94
-37
-99
-189
-126
-110
-23
-34
-203
-182
-119
-127
-125
-46
-26
-207
-309
-230
-181
-185
-169
-74
-190
-415
-271
-187
-262
-252
-269
-175
-134
-283
-276
-199
-213
-159
-170
-196
-173
-236
-151
-5
-128
-214
-29
52
-71
-106
-23
-25
-68
-98
-75
-40
-89
-120
-136
-129
-121
-139
-83
-57
-118
-52
20
41
30
-77
-2
90
-52
11
171
115
44
2
47
157
175
136
224
283
232
221
224
284
303
236
260
239
121
113
173
180
116
108
79
25
77
68
83
126
54
50
66
44
84
97
55
75
10
-62
-12
-29
61
157
135
55
-66
-61
36
65
59
76
-5
-72
-22
-20
10
67
-21
-10
45
38
104
85
84
64
7
54
109
170
172
120
168
275
242
173
179
201
297
371
319
259
193
210
292
292
339
377
312
295
270
204
218
269
289
224
203
190
132
132
94
49
91
137
81
-12
-70
-69
-8
27
59
76
50
-18
-3
81
32
45
97
0
-43
-41
-69
-11
-25
-84
-20
-44
-101
-86
-93
-28
-27
-94
-35
-9
-30
-17
-32
7
33
27
104
86
23
52
63
49
55
78
128
56
-11
76
62
64
56
44
85
-6
-126
-111
-3
-10
-40
-43
-30
17
-33
-8
116
14
-115
-15
-2
-129
-148
-67
-7
-16
-46
-98
-96
1
-15
-49
30
-7
-45
0
-51
-69
-101
-139
-67
-132
-187
-122
-229
-267
-198
-248
-184
-109
-115
-121
-189
-222
-198
-173
-136
-157
-153
-115
-188
-191
-113
-59
-78
-97
-51
-65
-30
-24
-122
-105
-47
-123
-127
-49
-38
-13
13
-64
-90
-50
-33
14
-25
-96
-93
-78
-55
-43
-81
-40
10
-27
-48
-46
11
12
-23
-45
-111
-107
-66
-50
-54
-59
-12
-75
-130
-91
-57
-39
-96
-117
-174
-201
-96
-115
-188
-176
-175
-133
-114
-102
-56
-5
-6
-96
-44
41
62
113
38
-29
57
8
60
165
46
117
289
180
86
199
228
193
230
209
196
242
167
146
164
127
140
140
197
222
179
238
254
222
203
190
269
161
16
84
64
18
-5
44
90
27
89
74
15
162
192
139
176
110
38
73
70
26
14
48
36
-29
-88
-81
-4
-19
4
65
-46
-105
-15
-41
-34
10
42
65
-23
-44
-15
41
83
-2
-10
127
138
81
62
132
172
100
140
176
76
38
88
66
119
149
142
192
142
127
132
94
105
95
100
153
117
9
-13
88
83
69
179
139
98
114
53
36
131
197
137
67
55
23
-48
-31
-61
-100
1
-20
-105
-114
-127
-93
-51
-84
-101
-92
-127
-90
-85
-191
-198
-129
-232
-279
-266
-271
-210
-256
-262
-174
-132
-54
-17
-85
-83
-90
-15
51
-33
-97
-96
-61
-70
-100
-101
-67
-75
-73
-8
30
53
88
-9
-129
-112
-106
-74
-85
-163
-149
-143
-121
-65
-70
-45
-16
12
116
32
-37
32
42
125
77
14
76
2
-38
-62
-142
0
67
-41
-56
-91
-110
-103
-103
-90
-69
-85
-76
-75
-97
-109
-146
-82
-87
-165
-184
-185
-220
-192
-106
-141
-180
-239
-294
-258
-204
-187
-148
-111
-63
-33
-113
-118
-40
-6
-26
-19
-26
-98
-22
49
-86
-81
65
53
16
-16
-103
-22
57
-69
-93
-35
-63
-59
0
70
86
43
0
104
183
110
187
238
36
-18
103
157
204
223
190
126
146
174
142
202
208
112
127
83
44
147
147
90
24
22
72
65
123
146
102
37
-68
-14
20
-64
-62
-4
-10
-39
-23
23
14
-24
60
59
49
110
136
166
141
67
141
241
159
113
77
77
107
101
115
133
81
72
136
128
79
43
125
158
44
47
180
205
146
71
-34
-14
12
-43
-30
-40
-61
-67
-100
-132
-138
-136
-70
-7
-97
-151
-107
-68
-42
-84
-68
-1
-13
32
45
8
82
107
99
77
11
32
83
114
65
-2
13
27
19
34
4
0
6
-74
-55
0
27
61
-39
-35
45
-56
-122
-112
-213
-251
-215
-294
-310
-280
-271
-244
-274
-359
-327
-235
-212
-233
-315
-253
-99
-122
-228
-234
-174
-168
-139
-103
-122
-91
-107
-144
-101
-85
-38
62
-10
-123
-123
-69
-27
-34
-98
-169
-152
-215
-235
-137
-167
-252
-184
-189
-177
-98
-89
-3
-7
-33
33
27
-15
26
37
40
94
57
-4
67
52
37
139
105
117
84
28
146
166
138
111
101
203
212
172
227
233
216
191
170
237
193
174
286
244
234
305
264
266
194
182
293
217
162
228
211
187
222
179
176
204
144
163
234
188
132
94
109
190
113
135
165
82
104
88
134
100
14
97
134
74
92
93
22
49
18
-6
28
62
44
-48
-129
-108
-57
-53
-87
-165
-215
-194
-109
-164
-180
-144
-161
-142
-132
-151
-158
-128
-117
-100
-119
-131
-107
-92
-175
-168
-109
-162
-223
-286
-228
-156
-140
-180
-271
-251
-235
-186
-103
-107
-113
-72
-46
-88
-83
49
55
-23
6
-108
-136
-15
-26
-40
-40
-61
-37
0
19
27
5
27
60
36
-18
-15
81
58
38
144
114
48
43
26
67
94
74
79
20
-19
-70
-61
1
3
-6
-71
-114
-125
-67
-24
-75
-162
-169
-96
-61
-7
-8
20
39
-53
-47
97
72
19
99
84
79
65
123
155
63
11
82
100
117
182
90
150
172
156
276
305
249
221
213
224
238
131
133
232
133
81
168
127
131
183
130
97
47
93
168
110
84
79
66
46
0
28
88
58
66
36
-51
-56
-75
-65
-81
-140
-101
-113
-211
-182
-177
-168
-112
-176
-268
-204
-87
-127
-137
-203
-243
-108
-131
-177
-94
-77
-184
-158
-150
-208
-130
-126
-159
-183
-174
-106
-102
-146
-117
-105
-46
-37
-83
-39
-83
-57
-9
-58
-42
-27
-44
-54
-50
-15
46
12
-27
4
35
81
54
16
47
80
102
151
132
119
102
136
193
122
151
208
214
156
78
130
257
281
130
92
161
211
299
214
62
164
188
86
163
95
25
117
140
119
26
19
160
139
17
72
169
226
182
180
262
184
89
146
210
181
182
191
129
23
43
148
184
204
149
119
113
57
37
154
174
5
-18
20
4
-61
-58
-73
-165
-185
-107
-29
-116
-191
-156
-132
-187
-218
-103
-25
-233
-376
-294
-227
-261
-335
-210
-186
-354
-401
-290
-208
-191
-181
-199
-144
-120
-152
-111
-68
-84
-110
-82
-17
-90
-197
-139
-109
-142
-101
-95
-126
-110
-134
-172
-81
-75
-204
-174
-154
-210
-214
-203
-246
-239
-217
-224
-214
-181
-182
-232
-223
-219
-156
-138
-109
-200
-276
-131
-105
-141
-188
-205
-179
-95
-74
-78
1
-13
-79
6
0
-39
73
70
97
116
108
145
170
146
103
89
96
197
202
147
200
202
230
262
225
254
261
245
205
140
158
191
119
148
148
88
84
98
119
66
89
122
130
31
61
135
75
145
168
95
80
81
23
41
69
71
36
-22
-50
-61
-37
-10
-26
-52
56
89
75
97
66
52
105
149
83
128
202
101
-3
-4
27
140
134
78
149
63
11
86
132
115
114
183
243
233
213
236
212
166
96
154
228
157
164
216
191
191
181
173
300
293
257
326
319
263
228
353
392
225
288
405
294
209
138
170
238
163
207
209
154
144
33
41
62
-79
-88
50
-68
-234
-131
-91
-197
-301
-365
-295
-216
-299
-352
-379
-352
-341
-365
-268
-323
-355
-241
-332
-314
-236
-356
-317
-380
-424
-313
-336
-311
-276
-350
-416
-422
-454
-419
-365
-384
-417
-374
-405
-443
-386
-395
-393
-337
-336
-357
-285
-269
-295
-300
-253
-206
-179
-199
-229
-170
-251
-311
-241
-216
-235
-203
-244
-258
-193
-290
-297
-178
-115
-155
-186
-137
-48
-40
-134
-161
-97
-47
-170
-163
-187
-160
-38
-167
-165
-177
-147
-58
-65
-12
-24
-35
79
86
10
55
48
23
44
73
52
13
41
53
-32
-49
100
163
150
90
79
142
113
133
193
239
178
114
182
273
273
200
217
257
217
217
259
184
190
254
162
163
240
254
263
216
165
185
142
175
289
261
177
156
230
319
319
184
195
296
241
144
127
195
169
38
50
137
85
78
90
125
153
106
169
201
175
196
168
140
130
57
104
150
14
-79
-102
-108
-107
-141
-126
-85
-131
-152
-119
-122
-140
-106
-71
-94
-84
-69
-56
-32
-23
-46
-48
-17
3
21
-47
-87
-72
-95
-88
-109
-125
-109
-165
-249
-206
-210
-276
-264
-302
-255
-209
-263
-202
-110
-128
-153
-120
-68
-127
-230
-158
-114
-125
-150
-189
-139
-223
-270
-201
-235
-230
-217
-230
-156
-102
-161
-160
-83
-103
-101
-40
-79
-137
-117
-70
-161
-205
-124
-76
-32
-24
-27
40
90
61
160
205
161
135
166
256
222
81
164
296
160
53
118
215
140
80
206
252
246
300
292
341
319
209
312
345
209
247
246
218
298
307
320
290
272
298
255
275
341
342
350
282
245
252
194
148
150
108
64
72
30
41
45
11
-21
-63
-15
-11
-183
-99
8
-187
-282
-174
-84
-201
-270
-200
-244
-324
-290
-326
-342
-286
-347
-308
-218
-322
-338
-199
-344
-558
-427
-252
-402
-506
-331
-383
-463
-320
-317
-361
-333
-334
-348
-309
-308
-362
-379
-213
-161
-249
-192
-87
-30
-111
-107
-16
31
16
-58
-14
73
-18
-67
9
-53
-149
-130
-72
-86
-34
-26
-57
-17
3
50
105
117
104
129
149
119
105
214
206
111
136
178
199
135
93
136
208
245
190
121
254
304
91
99
255
254
186
170
153
129
107
96
168
198
153
101
208
271
186
240
272
206
269
357
278
275
369
326
227
307
320
224
322
410
307
236
293
194
135
240
169
69
113
134
144
97
72
142
115
124
153
117
107
61
51
71
-2
-27
95
92
27
77
73
59
13
32
81
56
44
109
130
51
43
114
179
83
37
159
143
39
65
158
191
37
16
131
99
52
32
33
4
0
-57
-76
-32
-75
-199
-221
-111
-179
-281
-137
-53
-195
-291
-257
-130
-219
-327
-148
-148
-306
-316
-231
-187
-241
-273
-187
-144
-235
-255
-147
-77
-209
-285
-122
-115
-164
-102
-67
-61
-103
-83
35
22
-48
4
-20
-51
53
97
34
19
100
207
169
163
281
325
270
163
209
374
393
217
229
371
290
198
227
290
217
140
221
279
171
77
159
199
16
-32
90
57
-44
-73
19
49
-40
-66
-8
11
-55
-159
-205
-86
-72
-229
-171
-56
-148
-222
-148
-171
-316
-286
-154
-220
-340
-324
-283
-231
-300
-406
-278
-218
-370
-420
-292
-255
-405
-412
-255
-278
-373
-386
-297
-177
-245
-368
-290
-182
-228
-283
-240
-178
-217
-235
-169
-133
-157
-174
-113
-17
-22
-131
-129
-51
-49
-46
27
57
32
31
50
18
71
160
108
83
139
134
107
138
111
124
66
-37
-14
63
119
10
-97
11
59
-80
-77
-5
-7
0
76
156
36
-14
187
297
161
65
147
249
208
20
-15
72
58
-16
-14
5
0
0
24
-23
-85
-8
37
84
58
9
85
75
0
44
85
43
72
111
146
70
53
133
71
31
50
114
101
118
162
156
94
37
128
179
136
51
54
84
57
38
-3
-63
-29
45
39
4
21
5
6
67
10
11
85
31
-18
89
101
34
58
78
87
75
70
35
31
112
49
-59
-4
92
16
-45
38
18
-49
-73
-50
25
82
62
14
44
127
122
82
146
112
9
91
159
19
6
162
128
5
67
137
70
33
87
153
135
73
77
156
217
151
14
51
164
138
117
123
101
94
83
102
156
150
133
116
132
109
-3
-16
63
38
6
48
35
7
-16
26
11
-88
-100
-49
-65
-182
-192
-143
-179
-264
-280
-229
-143
-185
-252
-121
-97
-211
-243
-81
-63
-198
-181
-76
-23
-88
-41
32
-39
-124
-46
22
-103
-198
-113
14
-39
-163
-133
-54
-75
-105
-120
-83
-62
-128
-134
-176
-206
-190
-206
-180
-178
-206
-195
-125
-158
-230
-161
-40
-93
-154
-40
-8
-75
-85
-50
-10
70
99
47
-28
-2
51
1
15
139
162
45
26
135
194
115
24
6
115
173
78
45
45
45
-5
-24
20
68
117
73
-27
10
112
26
-117
-55
141
76
-26
0
28
91
22
-128
-110
89
125
47
47
51
111
204
181
120
176
213
163
171
201
48
7
200
122
-18
74
136
117
114
140
160
184
177
129
149
221
68
-65
92
187
77
71
121
74
113
155
80
-14
91
157
107
138
113
55
97
115
77
42
-52
-32
28
-54
-131
-102
-76
-41
-20
-95
-177
-199
-122
-145
-253
-267
-256
-215
-181
-226
-304
-278
-260
-324
-276
-166
-158
-245
-285
-210
-191
-286
-269
-237
-287
-187
-85
-273
-360
-242
-119
-93
-290
-352
-151
-38
-182
-230
-124
-132
-146
-56
14
-99
-166
-17
16
-68
-96
-137
-40
34
-29
-18
24
29
0
55
156
147
28
81
256
256
134
99
252
303
232
208
266
265
283
363
347
252
189
252
347
332
205
176
231
260
212
210
209
165
207
236
167
99
188
247
161
181
278
152
91
228
188
39
2
42
64
100
98
-9
-17
132
90
-35
-42
-77
-42
4
-48
-139
-126
-97
-195
-183
-107
-202
-278
-147
-98
-220
-218
-111
-125
-206
-151
-73
-73
-100
-58
59
60
-43
-75
86
166
59
-2
20
66
75
68
90
169
89
41
208
268
81
-14
177
165
4
-34
-50
-59
-95
-135
-160
-172
-167
-156
-162
-121
-37
-87
-162
-154
-97
-69
-117
-107
-24
-8
-17
-6
-42
-33
-64
-94
-100
-50
-52
-90
-68
-82
-54
-103
-114
-103
-140
-131
-82
-122
-92
-11
-11
42
67
56
5
55
101
41
6
72
95
59
130
163
46
22
127
72
17
32
92
78
0
18
5
-69
-76
0
77
128
-35
-87
73
127
119
103
23
-2
122
68
55
69
26
78
42
57
39
-57
-44
-62
-186
-156
-117
-108
-53
-97
-63
-97
-196
-152
-57
-75
-125
-165
-166
-102
-173
-219
-239
-171
-32
-43
-194
-198
-41
13
-27
-122
-131
-65
97
30
-57
93
77
-3
85
144
64
37
92
140
49
-33
-20
101
198
34
-51
157
189
33
120
176
100
64
152
265
185
187
258
220
234
176
110
243
211
121
214
246
253
172
136
286
316
272
286
292
303
250
233
302
224
120
223
324
314
332
336
329
341
278
235
291
275
214
218
305
251
144
164
183
244
197
129
132
88
64
47
-10
32
-1
-158
-66
27
-117
-191
-121
-122
-158
-190
-175
-141
-139
-116
-157
-223
-152
-95
-92
-101
-172
-200
-134
-108
-212
-277
-228
-166
-155
-109
-166
-163
-80
-166
-196
-154
-171
-134
-70
-158
-182
-151
-154
-166
-218
-175
-51
-26
-182
-281
-116
123
15
-131
-6
92
85
31
-44
-64
40
85
23
-15
23
108
75
16
35
67
136
155
151
196
117
115
200
194
114
-40
17
157
-3
-126
-87
-79
-6
-111
-240
-134
-142
-256
-262
-216
-215
-238
-171
-131
-184
-188
-112
-111
-96
-80
-115
-81
-54
10
55
-3
-68
-36
16
22
-92
-99
83
71
15
66
38
39
76
102
103
-57
-57
96
78
-40
-22
82
70
12
59
119
41
43
66
73
88
8
23
52
31
103
116
71
115
68
23
40
55
12
-88
-68
-70
-48
-52
-170
-241
-152
-90
-177
-241
-235
-121
-91
-159
-189
-133
-125
-76
-22
-42
-49
-58
36
25
-83
-57
92
67
61
160
108
47
54
164
246
137
37
184
196
70
92
134
66
-32
58
120
53
35
96
93
118
179
187
194
157
174
256
300
241
197
235
354
344
224
200
236
331
260
198
314
319
221
245
298
271
162
106
155
45
15
31
-113
-107
9
-42
-128
-66
-66
-86
-67
-123
-110
-50
-67
-87
-34
9
-91
-37
139
-15
-114
52
70
-35
-21
27
86
69
-17
22
106
151
138
65
37
86
94
119
80
-8
43
108
56
-5
63
88
54
64
86
100
100
98
51
66
74
73
118
134
138
163
204
227
244
218
259
280
234
249
227
119
158
178
66
88
10
-29
106
14
-50
65
-49
-72
50
-24
-9
2
-52
52
25
-44
-14
-133
-56
43
-116
-97
14
3
-61
-60
-27
-61
-123
-118
-38
13
-25
-54
-7
-35
-78
-48
-28
-59
-91
-69
-37
-42
-48
-48
-119
-99
-14
-85
-121
-63
-19
-16
-97
-176
-81
4
-61
-71
-66
-64
-27
0
39
-22
-123
22
122
24
-40
-73
-47
-10
-67
-51
-4
-40
13
29
-46
-37
-43
-129
-75
-67
-170
-93
-73
-157
-134
-133
-152
-191
-236
-164
-126
-157
-196
-236
-264
-299
-253
-289
-338
-327
-407
-338
-320
-499
-428
-339
-407
-352
-389
-373
-325
-349
-225
-226
-316
-168
-56
-98
-80
-119
-85
-75
-130
-76
-50
-48
-37
-13
39
122
154
194
251
284
240
142
170
131
101
122
84
125
135
53
120
175
112
194
200
208
256
216
279
298
272
325
264
256
382
292
222
273
168
164
220
216
219
82
93
251
180
166
190
150
253
212
162
261
162
150
250
94
125
230
170
155
71
78
138
57
80
150
55
78
101
53
135
115
120
277
204
117
217
238
219
154
146
207
165
117
190
165
115
141
159
202
69
47
143
77
112
107
-54
10
-12
-102
11
-72
-138
-101
-99
-59
-134
-141
0
-70
-92
49
-11
-19
25
-44
-51
-118
-192
-167
-225
-226
-161
-233
-254
-329
-294
-134
-302
-349
-238
-316
-230
-170
-324
-305
-312
-263
-221
-431
-358
-258
-312
-234
-332
-396
-269
-379
-409
-284
-343
-327
-375
-397
-298
-407
-356
-193
-286
-250
-181
-244
-195
-180
-133
-135
-189
-99
-133
-233
-171
-159
-184
-182
-200
-176
-157
-113
-106
-151
-107
-50
-81
-147
-127
-67
-97
-132
-171
-176
-148
-183
-143
-68
-122
-114
-74
-100
-85
-80
-36
-42
-171
-153
-73
-154
-125
-115
-182
-37
-61
-145
-76
-109
-64
-2
0
73
5
-7
111
31
71
63
-46
78
8
-34
72
-107
-64
77
-32
31
12
1
52
28
116
55
26
114
-12
-15
82
-57
-103
-102
-93
9
-157
-134
47
-31
18
60
39
135
101
138
242
161
171
148
149
265
211
140
125
162
162
39
-6
47
-34
-94
-77
-110
-57
-31
50
64
-27
22
49
74
68
33
120
129
17
104
165
58
101
167
168
192
162
200
279
245
195
200
212
141
99
198
228
95
28
46
62
55
80
88
7
19
53
1
-9
-26
-14
-2
-83
-82
31
-17
-35
74
39
25
18
59
67
56
154
129
89
72
63
89
62
31
7
14
51
-21
-7
70
-48
-18
83
66
112
89
56
82
21
38
98
88
142
104
96
98
89
130
114
101
75
98
118
120
162
121
71
126
92
51
81
83
42
-49
-39
-18
-89
-196
-241
-111
-134
-277
-239
-305
-328
-283
-439
-395
-483
-621
-382
-465
-489
-395
-538
-421
-398
-524
-433
-442
-429
-341
-385
-379
-417
-370
-306
-374
-300
-278
-321
-254
-225
-154
-112
-137
-90
-69
-96
-14
33
-107
-103
-79
-104
-23
-100
-83
-26
-177
-54
97
19
0
-7
88
125
33
136
215
171
171
176
188
228
242
193
187
200
149
206
173
178
336
213
247
205
39
252
89
32
249
-39
28
165
8
202
131
80
222
101
178
145
92
249
122
158
211
66
183
250
243
294
279
323
359
310
278
349
385
345
362
380
407
340
321
453
394
345
386
401
487
379
435
606
441
529
494
374
476
281
302
323
144
221
79
48
212
35
130
114
4
179
5
35
110
-57
-4
7
77
80
-44
-9
22
7
-71
-74
41
-83
-95
-63
-149
-59
-159
-113
-75
-245
-111
-117
-132
-82
-195
-53
-63
-113
52
-27
96
49
-83
86
-138
-83
-7
-311
-128
-128
-233
-89
-240
-156
-106
-176
13
-107
-105
-25
-140
-35
-36
-80
27
-104
-125
52
-43
-33
-7
-45
40
-87
-163
-11
-122
-126
4
-124
-76
-129
-213
-53
-179
-144
-44
-200
-97
-170
-217
-67
-240
-247
-177
-235
-181
-251
-206
-112
-197
-149
-143
-140
-54
-105
-87
-125
-122
-93
-234
-50
-97
-279
-8
-134
-189
-10
-184
-14
35
-136
46
-31
-54
46
-61
116
51
-76
164
131
142
187
97
256
160
97
327
239
177
184
228
281
179
121
206
222
128
202
209
203
247
120
232
293
130
286
250
177
331
149
197
262
67
233
134
-26
184
49
19
117
-35
105
31
-48
170
58
64
107
-14
89
42
-91
-5
-39
-78
-19
-8
-25
-60
-52
-17
3
-42
-95
-24
-7
-14
9
122
195
118
145
192
212
233
178
119
118
39
27
31
14
35
-16
40
12
-23
105
82
66
180
126
165
213
186
298
190
223
249
145
255
143
111
164
40
116
90
-12
92
-37
32
31
-170
34
-91
-49
65
-194
37
-18
-109
133
-154
-125
-56
-294
-85
-225
-296
-88
-349
-300
-231
-389
-288
-337
-313
-207
-350
-331
-381
-528
-429
-483
-502
-440
-529
-457
-363
-484
-447
-297
-389
-328
-321
-404
-170
-281
-301
-86
-308
-137
-91
-291
0
-143
-107
95
-160
7
-46
-127
130
-111
-66
26
-149
22
-91
-121
41
-91
0
-19
-43
50
-52
132
97
-17
170
83
210
248
-2
236
273
177
314
271
330
299
218
277
206
84
108
249
166
101
221
194
208
228
139
243
136
5
191
89
48
134
43
90
78
-77
60
85
-7
156
117
85
190
131
190
300
162
243
370
257
315
313
239
268
173
47
71
69
-43
1
-8
-135
-54
-136
-160
42
-121
-68
13
-192
10
23
-111
-38
-187
-102
0
-133
-80
-121
-104
-95
-146
-71
-192
-193
-161
-263
-84
-140
-182
-40
-240
-155
-138
-197
-5
-128
-176
-107
-186
-183
-158
-204
-299
-224
-186
-291
-156
-197
-250
-111
-312
-206
-69
-278
-83
-134
-366
-142
-143
-154
0
-124
14
58
-44
58
90
89
5
82
96
-25
25
10
-29
-29
-140
-49
45
-62
-21
-33
-78
-56
-64
13
36
0
8
28
21
31
-25
2
-22
-145
9
-35
-89
44
-86
-1
61
-154
97
33
-143
74
-85
-51
0
-115
59
-20
-8
140
50
176
141
170
287
122
258
233
183
371
227
340
360
209
415
310
284
447
301
416
426
266
347
220
157
240
207
88
64
116
-1
9
-3
-59
121
-54
-88
120
-58
10
-49
-162
49
-124
-80
-88
-332
-158
-316
-287
-124
-389
-240
-207
-284
-96
-260
-138
-94
-257
-49
-189
-159
-109
-242
-117
-262
-199
-89
-267
-11
-68
-200
76
-112
55
108
-213
76
-16
-101
54
-42
46
-4
-56
18
-10
21
15
15
21
-31
59
3
43
63
-91
57
-59
-148
30
-99
-4
28
-144
74
-30
0
104
-163
46
-3
-67
84
-155
44
98
-35
236
28
-44
46
-127
148
50
-92
139
-38
-18
-45
-69
111
-89
-57
86
-5
48
-110
-25
130
-146
-61
-58
-149
-102
-229
-71
-51
-196
-13
4
4
61
-50
81
166
79
156
123
81
72
37
113
141
87
167
163
49
143
71
10
125
-31
0
174
-14
84
106
-103
168
44
-96
117
-121
-38
58
-218
-22
-18
-255
-139
-178
-188
-72
-182
-156
-85
-218
-262
-178
-167
-164
-93
-90
-104
-64
-44
34
122
13
66
146
51
137
147
88
205
135
14
233
175
55
172
23
141
209
54
249
201
77
167
80
139
109
5
173
-1
53
170
-12
224
130
10
205
-38
-14
51
-217
-20
-102
-278
14
-195
-195
-35
-241
-31
-86
-229
-40
-176
-147
-59
-234
-152
-152
-264
-93
-129
-192
-126
-241
-247
-207
-197
-157
-209
-189
-159
-159
-88
-59
-1
-59
-171
-78
-106
-141
-64
-191
-199
-99
-229
-131
-118
-307
-135
-159
-172
-40
-107
-42
30
-74
-58
-30
-94
24
61
39
68
97
129
144
117
92
146
137
129
185
144
65
146
69
58
185
78
166
208
119
172
200
256
269
184
126
159
170
187
242
198
94
88
84
36
85
36
56
124
29
93
128
58
45
20
-29
-95
-68
17
-79
-16
14
-158
6
-31
-48
174
-10
-6
153
-32
117
198
40
254
118
72
370
261
264
349
198
248
282
176
217
222
164
154
197
194
135
153
96
3
85
79
32
123
-8
-124
-43
-152
-138
-54
-239
-143
-97
-319
-135
-171
-273
-114
-348
-280
-155
-377
-177
-142
-355
-208
-215
-248
-100
-210
-200
-133
-283
-255
-232
-227
-110
-63
-62
-29
2
49
76
103
80
37
72
74
149
126
47
-1
4
61
75
105
128
65
54
112
89
192
209
190
238
213
220
348
351
232
330
362
323
415
304
287
394
184
242
295
112
268
217
86
261
163
228
354
241
247
221
219
158
160
282
98
43
169
-33
13
-4
-220
0
-34
-171
0
-116
-153
-28
-209
-229
-73
-199
-179
-116
-338
-254
-122
-343
-203
-186
-509
-247
-228
-411
-140
-267
-363
-108
-223
-207
-6
-172
-273
-125
-130
-197
-2
-105
-207
-71
-397
-285
-50
-433
-213
-176
-467
-88
-294
-417
-79
-347
-223
-60
-287
-97
24
-106
-97
-21
-38
-30
103
14
-6
119
-80
46
71
-106
202
100
48
233
58
214
279
123
287
192
140
268
201
279
204
88
171
204
240
260
100
80
37
-19
186
73
5
64
-87
-13
92
21
90
9
-88
49
32
76
106
29
96
19
89
213
85
238
260
111
288
243
270
359
184
397
341
263
490
305
402
439
247
407
247
275
454
188
233
109
8
236
90
173
157
-83
114
77
84
127
-94
64
42
-18
183
2
-42
65
-48
24
58
33
111
90
-1
32
11
-119
13
-50
-88
55
-178
-138
-36
-137
-8
-201
-318
-155
-213
-51
-133
-284
-205
-295
-107
-114
-209
-91
-191
-49
-18
-238
-33
-56
-89
67
-219
-118
10
-101
75
-23
-134
-32
-44
-59
-31
-88
-164
-75
-21
-121
4
4
-15
157
-38
-40
93
29
156
54
-98
-60
-39
76
-7
-55
-226
-379
-113
-213
-224
-241
-555
-265
-314
-429
-197
-495
-324
-166
-354
-184
-358
-310
-53
-267
-230
-254
-235
-59
-207
-170
-261
-312
-93
-150
-76
-103
-226
-20
-138
-169
-86
-214
-37
-63
-169
-125
-163
0
18
-28
-101
-153
3
-9
64
8
-106
145
159
223
314
60
210
279
273
368
138
300
375
331
490
188
182
329
173
346
193
9
215
149
191
209
90
84
30
130
84
13
38
-35
127
116
71
104
-83
46
155
16
75
-38
-19
183
37
63
99
26
49
0
58
79
102
128
20
42
-15
-27
168
36
-29
90
-5
92
64
-47
95
98
91
92
1
-3
62
50
-42
-80
-135
-92
32
-164
-263
-196
-232
-169
-284
-358
-264
-288
-178
-209
-275
-221
-222
-53
-153
-176
-60
-149
-50
-111
-169
-44
-157
-132
-135
-259
-102
-174
-109
-79
-243
-11
-114
-137
49
-106
52
88
-39
196
70
110
154
-45
262
219
132
223
22
158
326
214
237
141
127
302
305
228
180
308
311
237
218
50
141
242
70
62
-34
-10
163
54
10
-15
25
165
10
-29
0
19
142
-6
-17
43
47
188
32
-88
25
-8
16
-35
-172
-54
2
-35
6
0
-30
-29
-38
3
91
121
144
106
44
97
122
126
134
55
54
73
14
29
56
55
18
27
84
87
213
146
-35
93
122
228
351
107
139
236
179
286
81
-77
11
-15
134
64
-129
-3
-69
-14
34
-159
1
-9
-36
141
12
9
57
2
117
90
-20
5
-80
-156
-83
-176
-286
-245
-311
-251
-229
-420
-308
-217
-240
-195
-311
-348
-244
-127
-152
-277
-283
-254
-95
-78
-314
-315
-294
-283
-127
-251
-387
-383
-388
-245
-289
-466
-366
-299
-332
-282
-324
-336
-234
-273
-315
-265
-369
-444
-312
-360
-493
-385
-458
-404
-211
-391
-366
-338
-434
-186
-145
-166
-71
-173
-76
77
8
-102
-141
-93
-1
-1
-88
-120
-114
-30
50
3
-117
-104
46
103
57
5
22
118
198
233
220
172
135
205
282
230
101
87
120
142
196
85
-7
-12
-24
122
158
-65
-30
76
105
245
79
-14
136
93
138
230
112
111
197
294
334
211
196
246
255
192
240
327
247
304
387
358
364
321
309
417
368
257
266
256
345
435
377
330
267
309
475
462
367
297
376
489
460
379
204
213
304
234
160
43
-12
67
45
-27
-127
-122
27
-46
-162
-199
-256
-172
-178
-297
-221
-173
-223
-147
-268
-393
-226
-181
-200
-230
-335
-259
-212
-272
-239
-289
-234
-137
-172
-160
-145
-140
-144
-138
-153
-85
-5
-133
-146
-78
-127
-41
-102
-234
-107
-51
4
18
-139
-51
153
111
69
-1
-31
128
119
17
-8
-24
11
10
-65
-73
-30
-18
-11
-88
-171
-106
31
-84
-278
-221
-156
-64
-73
-297
-274
-91
-169
-194
-208
-325
-227
-180
-282
-268
-310
-248
1
-150
-264
-50
-56
-89
-106
-268
-152
32
-54
-46
-37
17
141
23
-52
-34
-17
151
108
-51
-7
92
246
90
-90
99
225
284
204
28
119
250
331
291
41
180
391
379
402
139
163
417
292
309
229
106
381
313
170
137
-19
128
142
-2
55
97
134
138
51
60
99
168
178
51
104
194
199
172
-14
-8
126
3
-71
-113
-184
-36
-30
-259
-322
-287
-210
-141
-332
-463
-261
-158
-204
-284
-385
-270
-100
-190
-335
-289
-205
-43
-1
-179
-194
-117
-8
84
-48
-113
-29
44
76
104
153
123
166
193
103
205
219
124
279
212
174
344
251
300
443
334
375
489
455
578
628
518
594
590
554
696
585
439
507
444
422
404
335
409
377
252
245
265
287
307
334
200
103
331
401
349
314
125
190
286
154
227
111
-9
183
101
74
34
-106
94
73
-83
52
-24
-69
-30
-188
-119
-64
-60
1
-90
-153
-78
13
-35
-214
-280
-131
-41
-112
-202
-260
-204
-66
-3
-11
-167
-145
86
160
52
-119
-124
-29
37
3
-98
-45
28
-14
95
48
-84
46
110
116
61
-124
-100
13
-71
-168
-183
-188
-223
-248
-258
-355
-435
-479
-480
-388
-482
-597
-543
-512
-500
-491
-447
-433
-480
-451
-419
-361
-406
-465
-343
-396
-405
-266
-291
-256
-202
-259
-192
-114
-169
-105
-50
-46
96
72
-14
37
57
169
276
118
81
185
215
300
250
179
264
303
257
257
208
242
410
323
266
346
396
542
441
247
263
354
414
316
188
139
235
323
218
110
124
161
225
104
-106
-49
-15
-18
-66
-261
-210
4
27
-3
-80
-162
-49
8
-64
-123
-144
-85
-52
-120
-159
-131
-89
-62
-133
-136
-90
-137
-120
-199
-290
-254
-209
-206
-296
-287
-223
-178
-151
-233
-167
-10
-76
-117
-100
-66
46
28
88
79
-53
-5
12
-14
-37
-42
4
16
-43
-43
81
105
10
10
74
109
88
51
125
177
108
110
154
135
131
202
269
111
-17
166
295
166
76
77
145
236
150
11
14
94
95
38
-114
-156
-12
7
-15
-130
-238
-90
1
-43
-130
-150
-2
-67
-159
-59
-63
54
57
-156
-113
-95
-67
47
-171
-295
-214
-157
-20
-188
-470
-295
-117
-197
-213
-270
-239
-94
-134
-234
-239
-231
-163
-142
-280
-342
-292
-179
-151
-312
-424
-347
-307
-298
-329
-430
-346
-289
-339
-369
-312
-211
-168
-197
-352
-290
-120
-182
-209
-248
-307
-101
-33
-166
-108
-55
58
143
8
37
168
149
174
150
47
50
63
136
119
89
157
38
-12
52
43
136
135
-41
45
151
187
194
81
65
111
91
80
91
84
108
44
8
39
116
153
105
58
-68
-85
118
127
-35
-95
-142
-12
56
-204
-158
57
-28
31
4
-142
73
101
-5
37
-143
-39
207
80
74
68
92
282
140
44
191
170
184
193
117
183
277
303
230
177
215
261
319
219
92
230
300
113
57
80
154
232
99
-21
12
79
153
117
-34
-71
-44
-25
12
-61
-188
-132
-182
-290
-178
-216
-185
-91
-303
-316
-211
-268
-174
-149
-255
-222
-223
-219
-92
-38
-41
-102
-177
-182
-90
-6
-49
-20
-169
-284
-72
-35
-130
-167
-223
-131
-170
-355
-216
-131
-203
-185
-185
-212
-167
-101
-22
-44
-186
-134
-56
-42
19
-28
-48
-56
-143
-109
26
26
-82
-196
-274
-188
-99
-72
-67
-192
-283
-219
-205
-208
-130
-211
-269
-241
-334
-245
-120
-172
-226
-343
-364
-178
-87
-78
-60
-177
-136
8
-47
68
161
-37
-24
-3
-60
182
252
170
161
29
173
412
341
294
214
134
206
251
312
388
332
312
350
335
383
422
469
443
302
283
361
433
436
303
185
154
183
292
265
179
161
123
87
84
88
103
115
7
-109
-165
-73
47
-51
-177
-170
-191
-125
43
-9
12
-50
-156
38
50
-27
47
21
32
98
56
156
237
162
132
87
121
266
331
318
235
174
248
319
259
270
404
411
274
239
258
334
439
323
248
251
241
322
401
336
247
257
348
385
380
507
536
323
251
325
292
293
254
144
75
120
184
136
37
-11
27
10
-94
-131
-111
-80
-3
-12
-38
-5
89
207
138
-10
-16
6
5
-38
-159
-139
-84
-134
-147
-253
-238
-118
-135
-103
-165
-217
-155
-146
-185
-154
-141
-192
-234
-276
-293
-230
-206
-385
-402
-309
-357
-287
-248
-344
-322
-252
-228
-265
-320
-194
-44
-98
-130
-154
-39
141
103
-25
-119
-79
12
25
-57
-138
-170
-106
-53
-2
49
36
31
29
64
72
210
288
125
79
103
173
253
143
44
82
33
-33
-60
-98
-24
-16
-130
-249
-331
-188
-37
-76
-161
-310
-231
42
44
-115
-181
-244
-234
-160
-170
-214
-182
-167
-280
-297
-249
-155
-16
-55
-131
-84
1
122
258
184
79
131
159
244
311
290
314
288
198
202
275
376
412
279
169
192
284
359
389
263
207
316
401
503
390
311
376
351
389
435
495
491
362
334
406
339
336
414
325
247
180
193
284
268
145
100
184
213
144
114
139
83
25
26
21
11
-17
-24
12
-48
-140
-72
-2
-126
-217
-182
-167
-197
-200
-213
-253
-269
-307
-283
-161
-149
-254
-262
-245
-220
-233
-287
-161
-197
-343
-269
-273
-301
-268
-325
-369
-362
-362
-303
-268
-262
-310
-384
-244
-166
-274
-326
-262
-249
-304
-297
-301
-221
-132
-168
-171
-191
-120
17
-51
-73
-58
-102
-14
10
53
102
5
22
136
163
213
277
324
326
225
219
305
322
351
303
128
110
216
230
206
135
56
140
185
133
47
-82
-45
45
-118
-190
-92
-81
-35
-54
-52
19
0
37
28
-97
-81
-92
-125
-81
-144
-166
-36
-27
-58
-31
-25
56
51
-7
-23
-22
72
220
152
124
210
194
223
173
214
327
305
279
229
207
294
286
290
341
204
243
383
290
177
138
112
115
132
133
107
87
97
71
52
-16
-67
-46
-41
-42
-82
-98
-141
-142
-23
-47
-191
-186
-182
-181
-57
-203
-369
-255
-283
-326
-328
-364
-342
-406
-406
-383
-408
-370
-408
-415
-334
-339
-352
-275
-208
-176
-222
-239
-230
-158
31
26
-58
-77
-131
-81
75
75
72
94
75
132
168
387
505
350
233
234
354
452
411
257
184
175
180
211
179
87
110
86
-82
-80
-50
36
92
-169
-293
-206
-88
81
6
-180
-174
-174
-96
0
-83
-147
-221
-292
-398
-363
-234
-278
-360
-475
-461
-387
-354
-308
-409
-476
-347
-255
-303
-298
-254
-197
-174
-334
-399
-315
-208
-102
-113
-169
-86
-2
-16
-33
-70
-68
-2
78
24
-86
-45
58
152
112
27
133
258
325
321
231
248
317
288
304
263
218
312
275
262
308
195
190
253
183
108
105
132
109
56
69
196
305
231
150
153
197
315
333
340
385
180
90
173
168
216
178
81
94
27
10
86
84
118
0
-74
38
4
14
98
59
22
-63
-126
0
52
24
82
40
-21
2
43
94
131
168
221
192
59
117
206
287
312
170
181
249
266
341
354
238
199
186
196
171
90
138
141
8
-104
-119
-79
7
44
-1
30
-42
-116
-24
-35
-18
29
-1
-61
-186
-201
-113
-197
-272
-287
-361
-393
-462
-498
-397
-400
-501
-522
-528
-453
-458
-535
-493
-522
-599
-536
-435
-481
-592
-539
-489
-419
-289
-330
-333
-356
-417
-306
-277
-277
-139
-140
-142
-100
-100
-1
50
41
36
62
107
156
210
210
173
223
313
404
469
421
463
469
402
438
436
429
398
330
354
366
381
363
320
304
299
331
326
263
246
270
236
158
60
109
196
264
284
86
29
33
44
187
150
82
83
23
33
106
103
70
-8
17
68
8
91
62
-38
-40
-93
-96
-5
-46
-117
-33
-103
-162
-109
-86
-53
-139
-233
-132
-40
-59
-16
-130
-235
-111
-93
-10
36
-110
-123
-105
-152
-107
-25
-8
31
-69
-167
-103
-41
-19
-10
-49
-61
-59
-99
8
51
46
35
0
93
154
166
164
171
154
106
117
46
0
53
82
45
-50
-116
-83
-42
-36
-73
-189
-211
-189
-247
-225
-257
-346
-307
-326
-262
-217
-285
-238
-244
-235
-161
-200
-177
-140
-122
-60
-8
47
12
43
82
148
173
122
128
155
177
146
92
58
73
65
140
94
26
33
-43
81
224
223
161
67
-13
-9
72
211
259
133
48
-41
-6
95
157
213
121
37
-53
-106
-51
-9
-40
-84
-125
-170
-157
-161
-224
-189
-143
-171
-167
-253
-279
-241
-299
-358
-309
-291
-261
-213
-259
-264
-219
-200
-165
-82
-64
-15
12
-28
-54
85
150
129
179
95
50
84
125
144
126
43
4
-40
-55
40
13
41
67
4
-21
56
84
45
163
179
193
223
138
105
139
166
177
165
46
-21
-8
54
129
123
13
-28
-6
4
89
44
-46
-37
-106
-167
-129
-127
-57
-49
-133
-145
-120
-26
-19
0
61
80
221
239
198
296
281
318
371
348
457
509
482
549
519
482
526
526
573
481
449
487
438
390
330
334
394
410
290
193
170
191
162
52
-43
-154
-142
-19
-51
-195
-275
-277
-206
-146
-136
-67
-61
-196
-258
-289
-280
-207
-249
-317
-350
-381
-296
-226
-226
-155
-112
-142
-200
-250
-233
-138
-44
-73
-145
-172
-166
-138
-44
62
37
1
18
93
104
37
75
103
107
156
193
189
246
342
392
370
368
372
328
386
370
357
385
295
270
305
299
352
313
230
366
373
340
238
56
82
95
127
143
43
-31
-106
-103
-10
-63
-84
-124
-278
-324
-337
-269
-252
-326
-340
-442
-522
-462
-416
-338
-302
-436
-524
-572
-568
-455
-425
-450
-404
-418
-465
-467
-445
-443
-412
-367
-390
-392
-435
-392
-348
-374
-336
-217
-190
-265
-163
-119
-101
-39
-42
60
97
11
26
52
18
91
142
126
171
171
177
174
140
190
218
131
142
169
168
141
70
166
172
113
103
49
9
-24
-95
-75
-45
-102
-79
-123
-177
-185
-179
-113
-131
-169
-147
-103
-127
-173
-88
-145
-203
-120
-81
-12
-55
-114
-35
-22
-90
-19
-29
-64
13
6
64
19
-78
39
75
27
128
132
135
239
210
206
231
151
108
153
213
256
256
212
186
299
448
470
429
386
420
458
461
509
432
428
473
386
375
344
314
419
451
454
509
437
419
420
469
497
385
423
407
339
291
272
338
262
167
159
113
60
38
-13
7
22
-91
-136
-173
-201
-232
-181
-142
-247
-309
-336
-368
-413
-389
-445
-456
-486
-627
-652
-687
-607
-540
-613
-584
-576
-558
-434
-378
-360
-307
-216
-213
-312
-271
-234
-274
-231
-216
-202
-166
-149
-135
-31
71
77
82
64
6
-30
10
60
153
109
21
97
81
136
157
121
136
142
156
96
48
18
58
47
30
37
-11
5
9
-20
-31
-111
-153
-88
-106
-151
-136
-185
-295
-310
-237
-190
-213
-255
-348
-368
-353
-295
-213
-341
-352
-268
-308
-254
-160
-129
-94
-105
-40
56
44
51
82
131
163
158
138
138
159
173
180
173
226
228
170
162
210
287
296
228
180
260
331
327
259
203
231
280
314
257
263
225
152
170
85
60
162
120
83
104
31
78
113
33
26
37
21
38
4
-59
-67
-48
-67
-66
-72
-93
-74
-136
-158
-123
-84
-104
-182
-222
-213
-195
-143
-74
-25
-33
-84
-123
-167
-160
-171
-166
-125
-136
-228
-357
-315
-246
-235
-157
-145
-167
-157
-131
-113
-63
-36
56
79
86
131
127
239
216
205
238
149
43
52
83
65
-41
-125
-74
-117
-132
-80
-74
-50
-78
-157
-209
-287
-282
-237
-278
-253
-224
-313
-319
-313
-332
-173
-129
-123
-52
-75
-19
19
38
125
184
237
310
295
302
235
155
214
258
323
257
89
10
-3
-21
-25
9
35
-17
-70
-40
-64
-54
-43
-94
-92
-52
-28
-17
-12
-83
-47
17
54
61
16
-5
-4
68
78
77
-5
-48
-28
-54
-15
-39
-83
-38
-37
-118
-110
-89
-54
-52
-73
-19
-48
-97
-11
19
-43
-43
6
135
158
118
103
123
142
159
209
173
208
212
175
163
177
154
179
213
147
141
106
155
190
150
141
129
118
151
209
201
132
94
114
53
79
171
193
157
53
12
-2
20
-10
-45
-3
-2
6
41
14
10
42
18
16
-10
2
-4
-4
-11
-92
-109
-108
-69
-27
-13
-35
-45
-3
68
100
100
107
74
94
139
195
253
190
97
49
16
39
52
39
-24
-142
-201
-228
-233
-319
-420
-401
-374
-408
-420
-416
-373
-293
-342
-368
-308
-355
-388
-291
-363
-422
-350
-250
-129
-263
-412
-396
-387
-331
-264
-334
-423
-418
-397
-464
-495
-461
-387
-318
-354
-378
-365
-330
-349
-366
-303
-275
-200
-163
-208
-189
-145
-56
-26
-49
30
136
176
218
269
298
339
354
356
294
255
329
345
226
156
234
242
198
139
98
148
123
59
89
116
117
158
185
208
239
319
439
366
290
295
374
468
364
352
449
454
397
340
296
265
222
300
287
106
173
255
141
81
65
65
140
69
0
35
-8
37
4
-111
-38
-28
-20
2
-65
-15
95
95
60
-12
-54
124
162
115
90
55
109
102
81
2
-58
-12
-28
-105
-93
-149
-146
-157
-223
-129
-184
-180
-100
-128
-34
-9
-86
-92
-130
-86
16
2
18
42
-37
-100
-73
19
24
39
73
112
93
14
36
-28
-20
81
120
60
-96
-174
-68
-19
-63
3
-19
2
67
-24
-74
-92
-136
-48
58
-22
-86
-60
-69
-86
-160
-144
-70
-96
-92
-53
-101
-142
-114
-129
-119
-136
-149
-100
-84
-144
-233
-239
-131
-2
-93
-189
-134
-141
-160
-194
-233
-226
-207
-175
-130
-120
-87
-2
-53
-100
-85
-37
47
72
69
115
138
116
134
107
130
161
155
131
93
63
72
151
64
-36
-42
-33
54
25
-22
11
-47
-1
137
142
126
125
66
80
104
141
175
127
43
-10
42
74
65
-1
-61
-45
-1
-2
-42
-52
-79
-11
5
-18
10
42
80
71
38
8
43
45
41
47
-12
3
-5
-30
4
30
84
75
11
43
170
158
189
266
271
322
299
288
349
264
219
338
255
168
205
156
139
73
-42
32
67
1
-26
-82
-92
-79
-172
-146
-62
-204
-143
-60
-203
-238
-225
-220
-238
-299
-289
-186
-183
-141
-84
-146
-142
-56
37
20
35
111
106
172
218
194
247
208
189
212
179
243
201
122
93
29
136
181
111
135
109
98
186
162
136
240
207
116
55
0
49
60
4
-61
-143
-189
-207
-221
-245
-335
-416
-353
-301
-314
-329
-353
-332
-348
-432
-349
-275
-335
-339
-371
-362
-334
-345
-353
-425
-475
-412
-367
-387
-421
-408
-324
-269
-231
-216
-149
-76
-95
-73
-103
-84
56
92
83
67
17
76
142
125
156
115
73
136
174
222
303
261
270
284
268
326
294
231
294
334
277
367
352
318
392
289
264
341
337
422
418
251
244
258
219
287
289
222
223
111
90
129
64
169
242
107
2
-40
-12
67
8
-27
28
-101
-142
-95
-209
-175
-109
-182
-227
-313
-327
-247
-266
-273
-307
-357
-328
-313
-265
-247
-299
-272
-254
-273
-220
-147
-92
-144
-217
-115
-48
-132
-172
-154
-127
-111
-98
-63
-55
-92
-107
-87
-146
-142
-34
0
57
-5
-83
-30
3
24
82
88
44
39
22
47
30
58
46
-33
-31
57
75
-48
-54
-127
-122
-53
-93
-63
-151
-169
-4
26
-37
-10
80
145
49
40
112
66
93
167
175
114
56
80
185
144
58
42
63
102
136
184
110
50
58
151
278
281
233
168
170
290
304
275
333
387
407
318
287
360
396
387
344
364
357
299
313
314
311
251
199
211
138
83
79
72
64
-43
-122
-30
-54
-136
-179
-192
-96
-97
-161
-161
-211
-165
-72
-111
-84
-42
-103
-69
-119
-175
-48
-6
74
70
8
31
15
30
22
-65
-39
33
29
43
-9
7
36
4
34
-12
-17
43
36
-61
-124
-82
-92
-151
-198
-187
-174
-193
-211
-237
-264
-213
-191
-203
-131
-172
-267
-275
-275
-310
-302
-266
-320
-351
-376
-388
-394
-442
-520
-547
-491
-502
-489
-535
-560
-552
-492
-381
-439
-378
-286
-301
-204
-139
-99
31
37
41
110
116
178
230
254
246
191
210
260
290
306
288
269
264
229
194
234
230
181
230
192
121
183
264
217
158
194
230
254
223
181
164
108
103
208
218
139
165
160
166
182
160
221
143
52
165
190
170
179
127
140
103
71
134
103
50
57
-17
-15
39
-26
23
78
3
25
22
15
-8
-66
47
2
-100
-83
-99
-59
-74
-128
-129
-116
-56
-132
-135
-36
-75
-26
-33
-29
67
11
-57
-12
8
-5
-15
-28
36
23
3
43
29
22
8
-37
-66
-74
-157
-168
-133
-153
-107
-89
-213
-287
-260
-236
-230
-242
-198
-251
-293
-186
-178
-194
-124
-85
-94
-63
-112
-116
7
-42
-69
5
-34
20
107
8
-11
-61
-62
70
-28
-65
4
-64
-78
-4
80
113
70
82
130
135
74
62
119
193
175
156
247
254
184
176
291
452
450
389
403
391
442
434
437
559
558
380
336
