5411
8457
9292
8415
8054
9000
7977
6877
4772
1241
-1618
-1605
-2294
-3590
-2803
-6387
-4215
-1445
-2133
-5767
-6499
-6482
-7263
-1046
-1938
-2054
945
4611
5645
104
-1457
-2579
135
2434
1259
266
-3588
-6221
-7943
-7997
-5506
-4534
-6322
-1518
348
-3536
-1830
-2067
2685
2728
5024
8763
8152
7314
8981
13289
12644
12507
12214
8877
8682
7750
7049
4274
4108
2859
1323
595
-258
-587
-1437
-1350
-3050
-2180
-2413
-3045
-1640
-4508
-4239
-1832
-3799
-4508
-4670
-2456
-5266
-10339
-2590
-1580
-1653
-662
-1845
-3113
-4985
-6299
-9312
-9459
-7686
-8717
-8244
-1394
-7426
-5294
1362
2491
6716
7050
7373
7654
7210
6857
7906
7525
9722
8522
7584
10140
10976
10318
5633
289
2260
3549
4286
1597
2471
3810
420
5256
7015
3618
1552
-355
-794
647
5118
2488
-1618
-869
-1121
-7728
-9410
-7519
-8684
-11254
-10716
-7721
-9251
-8595
-7609
-6234
-5259
-6505
-5559
-9646
-4520
-5731
-7436
2552
375
5215
7605
3311
7461
6826
6805
9042
8144
8321
12480
12530
12416
11913
12211
12479
10907
8497
7110
8700
7263
7035
6838
4891
3617
2143
2477
1912
2883
1693
422
-393
-3117
-3151
-3991
-5423
-6057
-9200
-8922
-9201
-12610
-12021
-12756
-13990
-15473
-16846
-15480
-16277
-17457
-14402
-15462
-13743
-9828
-16522
-9038
-1012
-2360
244
411
627
4686
6571
7636
10413
13174
15638
15292
17009
16243
14849
14923
16970
19442
17815
14467
13421
10774
10304
10378
6849
7608
8485
5242
4956
4152
3772
3891
1796
304
-378
-960
-3201
-3253
-5168
-5488
-6611
-8518
-9568
-10317
-11281
-12735
-14875
-13847
-18113
-16372
-15484
-16486
-11172
-18038
-11477
-9326
-8475
-1112
4085
4994
842
3962
9778
11904
10984
13753
13371
16419
16642
18604
18787
15960
16686
17016
14125
10883
8297
6529
6325
6470
6514
3194
2066
1363
972
3512
2633
-4641
-4718
-5136
-6914
-4078
-6260
-8038
-8861
-9895
-11913
-14209
-11517
-13533
-17235
-19709
-18670
-15805
-15925
-14120
-12186
-6786
-10987
-11063
-3169
-4993
-2107
3004
938
3771
3845
3098
12225
11076
12079
14994
15108
11062
11031
13055
9787
10198
9971
9722
8061
9605
8894
10341
10303
8115
8120
6782
5509
3754
2923
2199
3488
689
-2690
-2750
-4775
-2827
-3913
-7538
-8130
-7232
-9175
-8938
-9057
-9483
-10419
-12661
-9897
-11871
-10486
-12052
-6843
-9971
-9385
-2484
-5011
836
1591
3923
4670
3166
2476
4024
3630
4756
7706
3389
3830
4394
5538
1488
3733
4446
5923
4213
3630
6971
5084
881
1020
484
1581
1138
566
2558
3143
656
-666
127
-2548
-4824
-3838
-2684
-353
-551
-2317
-6126
-3997
-5103
-8764
-4730
1822
-3429
-4929
-4807
-8212
-6879
-9034
-9515
-3349
-4353
-1329
699
6269
9233
5310
6582
10401
8867
8398
8035
8485
8335
8385
7382
5308
4313
2483
2604
1724
800
-349
-606
-1027
-621
569
-865
-1413
-2146
1134
1254
-3401
2859
606
584
71
1308
553
-97
2226
-1025
-2041
-3611
-2593
-2055
-46
96
-6061
-6107
-5320
-8943
-5397
-6632
-10837
-3027
511
211
5962
5751
6551
9450
7547
6895
6174
6900
6806
7200
6549
5904
3321
650
4734
3025
1054
-4399
-5741
-3785
-2488
-3715
-5204
-941
1703
602
802
-3381
-6019
-886
-498
762
4530
1290
-117
-273
1728
5069
2964
1029
1615
181
-2328
-3056
-6652
-7684
-5850
-7055
-11374
-2772
-5804
-4906
5475
1310
3726
5336
7582
5957
6998
7182
7688
6734
9349
9278
7403
9597
6725
8097
4435
6102
2121
1220
3671
1073
3893
1551
577
927
916
253
-1425
-3295
-3729
-3837
-4618
-4220
-4855
-3266
-5176
-7362
-7397
-9091
-5807
-5721
-7145
-9797
-10640
-6153
-4517
-7267
-5968
-7078
-5490
-9923
-4292
-5424
-9918
-102
-73
2152
1041
3974
5985
6111
4890
3190
3981
7114
8094
4472
8277
7790
9799
12784
19366
10647
3628
536
1181
15842
11261
1095
2227
4582
-1162
-242
5725
5557
2128
849
3919
-1480
-3193
-2335
-7350
-6312
-6715
-10991
-11465
-12256
-10689
-8355
-9731
-12306
-13036
-11453
-11344
-12500
-15478
-9763
-9901
-7349
-3561
-2441
1017
4295
7783
8431
10628
11807
10828
8874
12351
12151
16988
15544
13611
14580
12417
11881
10229
10527
9107
6064
3067
8573
8911
7025
4506
1939
2088
3263
2817
-1166
-2844
-4177
-1708
-2059
-1374
-6049
-3028
-4465
-8256
-10559
-13010
-13114
-13495
-17643
-16914
-13301
-13338
-16194
-17143
-20258
-13966
-11345
-17360
-13675
-9414
-5805
-601
4837
1424
10102
16982
7700
12221
10977
13012
20802
11075
12388
16464
11164
12711
14719
14927
15748
11614
9755
13927
14616
10547
7930
5128
3431
4216
1497
1535
2312
1944
4168
2203
999
-974
-2818
-3320
-7008
-6938
-7869
-9781
-8727
-11450
-12420
-10407
-12330
-11820
-13959
-15537
-12073
-11466
-12497
-8482
-5846
-4622
1495
125
2439
5636
6054
7959
5834
7268
10446
12425
12341
11760
12384
12143
10705
10109
8773
6840
6901
6073
6533
7625
6555
6039
5113
3681
4038
2423
1470
585
-745
-2121
-3082
-971
-2997
-5740
-7903
-7418
-6093
-6711
-10713
-7446
-5229
-9562
-5340
-4012
-10504
-12483
-13835
-10544
-1694
-10817
-7360
-3912
-4248
-790
-929
6728
6535
9718
9615
10478
9314
6746
7857
7045
5496
6000
3494
3824
5364
7824
10343
6529
6456
9321
8822
6738
6345
4761
2182
1911
3728
1636
3153
3845
3474
2536
1181
2269
-3283
-656
-1941
-3738
1214
-1504
-4288
-4318
-5552
-7005
-6011
-6247
-7413
-8865
-10724
-5164
-7229
-5398
495
280
4169
3688
6843
6238
4069
5259
5204
6188
4942
4554
6432
7269
5214
4270
3068
86
482
-3652
-3668
-4565
-5378
-2622
-5211
-50
-3549
-3738
-1004
121
-2283
-54
1769
1928
3571
2652
507
1223
1965
47
5078
1881
1976
-1785
-2652
-1837
-4365
-3444
-4632
-4081
-1918
-7209
-5510
-6037
-9091
-2415
-3613
-2239
2022
1082
4037
7191
6092
7312
7851
8309
7026
7846
6405
2909
3649
5786
4387
3317
2538
2776
-2597
-2905
-1769
-1857
-3585
-3491
-2962
-1366
-1647
-1082
-2911
-621
560
-1877
-5358
-169
1955
951
-1367
-663
-883
-41
68
574
-18
-2052
-3106
-8553
-8498
-9243
-8919
-10442
-7163
-9993
-6316
278
-2535
5858
3424
1748
4137
5602
5830
6076
5927
5554
7551
8029
6754
870
2459
3917
5989
5458
3615
5721
3558
3372
5175
7047
6249
3520
1647
2468
3453
-1239
-4702
-643
1043
-1884
1992
3558
2358
-201
-131
-237
-6648
-3131
-1313
-5666
-5637
-3244
-4873
-5771
-5197
-5309
-6728
-6090
-2149
-9040
-2371
-138
-2101
5779
3682
4704
6559
6043
5968
6704
5978
8358
7702
9957
12139
10493
9399
10031
9527
7502
6700
6116
2929
4464
7024
4862
5698
4369
2180
2462
1021
-897
341
-669
-2498
-2917
-4542
-6570
-6691
-8440
-8153
-8716
-9755
-10067
-11556
-12057
-13381
-9416
-13949
-16562
-12400
-10717
-11569
-11091
-6144
-8798
-4218
-5470
-3574
1124
3105
5254
3379
7471
5369
11825
17582
15493
11231
12800
13398
11214
13774
15086
15977
13090
10181
10751
7278
6748
8454
8144
3801
2802
4081
5273
4540
2945
3116
755
915
-1142
-2518
-4201
-4981
-4273
-5409
-8032
-6033
-9018
-10154
-11673
-16082
-16397
-18404
-16655
-18359
-19353
-19300
-12698
-12920
-12927
-7436
-4196
5423
2556
2243
7243
10653
11889
10243
11202
12960
9918
14741
17364
17638
17242
14358
16075
9320
6491
7160
6322
5535
5753
4075
2040
3648
2701
4726
4297
1082
1500
-1220
-3383
-2193
-3836
-6656
-8249
-9083
-7299
-10224
-9738
-6331
-8937
-11978
-15816
-14582
-14492
-12259
-16296
-17335
-13510
-13096
-8315
-11833
-5351
-6535
-6693
1834
-559
2079
9812
9110
6013
15746
17036
12828
12731
12941
12108
10033
10607
11090
10918
11500
12780
15002
15102
12000
10774
7426
5088
4306
3280
3477
3230
4318
2724
2141
1117
-2732
-2522
-3757
-6371
-5198
-5727
-4797
-3850
-5285
-6115
-6995
-6443
-9754
-11568
-12382
-12877
-14998
-10600
-6461
-11773
-6396
-3866
-4466
496
3076
-1186
-88
-1184
-578
3007
4359
5794
3540
8424
8014
5495
6069
7677
10996
7889
7506
9434
6641
6172
6217
3707
3760
4208
3940
5947
6651
210
-2337
-1683
-1599
5828
1355
-1528
1092
-2710
2298
2544
-1683
-2017
-3488
-5531
-4096
-700
-2470
-5624
-3682
-7211
-9079
-6914
-10582
-7339
-2819
-4446
-2993
1213
123
1467
4437
6308
8303
7579
6890
5246
3287
3566
4608
419
937
2918
4056
4109
2711
4659
-612
453
3957
1474
4043
5872
5456
4660
4806
6076
4019
2723
3857
3885
6542
6052
3683
2819
1990
2030
369
-2327
-3683
-6225
-6395
-7116
-8607
-10757
-9659
-14042
-7215
-6192
-11201
-2926
-5116
-3771
123
1841
1125
3973
1060
2958
5340
5517
956
1544
2804
2477
714
1366
-676
-583
1235
-1716
-1371
-7986
-3703
3148
4507
2649
1066
3801
2665
4106
8936
13139
11269
10767
13728
6599
4695
3855
1910
802
495
-456
-4060
-792
132
-1496
-4583
-5070
-6481
-5341
-9907
-7906
-7501
-13382
-4277
-5239
-3330
-1171
-109
1941
-165
463
5737
6411
7815
7354
4446
8020
5937
8858
7899
5683
8205
7168
4583
2372
3719
3400
3975
3947
3376
3129
2686
2608
2897
2423
1854
367
1014
433
-3784
-3086
-416
209
818
-272
-3362
-4556
-5487
-4216
-5050
-8577
-9872
-9481
-9643
-8782
-11460
-8025
-9849
-8857
-2058
-1168
2494
-1621
-3619
1446
1901
3465
3318
9812
18184
7975
8759
5890
9168
22868
13936
4204
10536
14909
6401
7413
13875
11180
6655
11302
8320
2047
1768
2330
41
-157
-972
-6208
-6321
-4764
-5329
-6367
-5650
-5939
-5694
-6099
-6719
-10891
-9705
-7027
-7487
-11807
-11748
-12794
-11701
-12995
-10122
-8785
-9345
-3567
-2710
258
4046
4275
8655
10458
8333
11151
12787
10945
11168
14869
13621
11832
10141
10245
13665
16206
13008
9893
10500
6470
6820
5489
4063
4193
4004
3410
1466
1410
1615
1062
-1378
-4698
-6356
-7242
-6859
-7128
-9471
-11087
-14681
-13729
-10871
-13973
-19628
-22152
-18671
-15001
-16425
-18919
-16757
-9683
-7494
-5160
-544
4398
5800
1799
45
5503
17358
14192
11664
13973
12143
9744
14868
15612
20496
17407
12427
16542
15955
13048
10391
9082
10021
9403
4055
3666
3284
2540
5574
5543
3724
1794
-177
-1074
-4421
-5494
-6718
-7447
-10016
-8678
-10291
-10279
-9243
-11246
-10976
-14232
-13307
-19590
-17916
-19394
-17587
-15771
-15073
-14795
-12934
-6847
-6196
3259
1684
3384
7497
8794
13103
15309
15800
13217
13450
14269
15357
11517
11945
12695
12990
14424
11974
11441
12481
14143
12475
6454
5515
5588
3744
3229
-639
-2612
-410
-239
-3726
-6480
-4774
-3996
-5093
-10233
-10920
-7256
-6958
-7215
-3132
-4647
-6564
-10294
-13308
-5529
-5428
-11246
-11684
-8921
-13433
-18169
-6237
-1282
-2341
630
2108
5751
5699
6694
7027
7861
11032
6255
5063
11379
12401
11659
15272
17465
12972
12086
11712
8891
9379
8017
8571
6365
6004
7212
5392
6452
4538
6472
2448
-288
2114
251
825
-612
-3112
-4138
-1817
-6297
-5109
-5846
-4302
-8585
-10221
-10718
-12283
-12429
-11090
-12484
-13077
-9648
-17147
-10166
-7407
-7294
-5239
-1066
-501
-1343
4136
3025
4672
3360
3704
1253
508
1904
1704
4481
5176
5351
6038
2914
4129
5591
5923
7201
4319
3867
5429
8894
9300
6484
4928
3880
8381
7658
5336
7217
6149
4193
868
1048
2481
412
-1459
1159
181
-5320
-8543
-9538
-13633
-9574
-12293
-14147
-12850
-14536
-5394
-4932
-3836
-1981
126
421
416
1671
4969
3233
6364
5719
2152
3105
1765
2378
2527
2276
3384
265
1496
1599
1293
4467
1089
5349
5889
2498
1095
2667
6511
4053
3914
5402
3906
1212
1953
1770
3086
2449
4289
-1448
-2229
-2839
-4795
-5494
-8160
-9255
-11361
-12423
-13679
-12809
-14449
-8959
-11187
-9575
-6890
-5279
-1095
-761
1078
-4130
1915
4267
2730
1941
1335
5749
5527
3320
2477
8330
7501
10270
12337
5005
5427
4764
2491
7784
4549
2975
4153
-380
559
-643
223
5454
5309
6123
6277
1984
-1537
4447
722
-3896
-2286
-3119
-4004
-4342
-3933
-4184
-2611
-6324
-8723
-9416
-9072
-12871
-7291
-9410
-11513
-2780
-3985
-363
204
2370
1533
5927
5434
5862
11996
10202
12787
10703
11103
12379
9230
11175
11784
10477
10000
8736
7900
7738
6038
3995
4654
4361
3181
1640
472
-1821
-1871
-3736
-5578
-5563
-7633
-5309
-8020
-8765
-6927
-4954
-6001
-10681
-13851
-8888
-9429
-13347
-11715
-13617
-14658
-9837
-9464
-13299
-10481
-10815
-4201
-2561
-4735
5797
6577
9257
13382
11168
10520
10374
11913
13514
16298
17104
10658
12991
11956
8685
14904
15040
12692
16712
13839
9395
6980
7803
5711
1930
1930
-1864
-624
-3903
-1299
-2490
-2744
-1605
-3680
-4697
-8126
-9577
-10022
-12498
-13952
-14494
-15501
-13787
-12173
-13007
-11149
-12910
-21144
-16022
-11886
-7717
-6985
-9895
-1472
1083
4286
4755
6293
8342
12048
11430
12007
14896
14922
17137
14997
16386
14098
13431
10687
12828
13100
8379
8450
7156
6277
4320
5655
4270
3094
3001
-232
327
249
-3953
-5900
-6455
-7685
-5065
-8791
-11070
-9860
-8953
-10425
-14280
-16116
-15965
-14794
-15756
-15423
-13234
-14988
-14187
-12805
-13310
-11968
-8770
-10390
-5029
-1575
1122
7190
8253
12488
13872
12780
14819
15128
13911
14058
13913
15213
16395
17723
16338
15058
16446
15655
12626
11206
9924
6801
8134
6756
6138
6141
5889
4914
638
701
-758
-2820
-4447
-5973
-6104
-6522
-5508
-7960
-6053
-6319
-8596
-7920
-11546
-13152
-14391
-12792
-14248
-13614
-14225
-15803
-17465
-14147
-9739
-12119
-6801
-6545
-5598
-1878
2318
1524
4668
3795
2700
7322
9292
10391
9030
12265
12261
14343
10666
12474
11220
10127
10484
8777
7897
8570
7589
5099
7399
6989
3313
481
466
-36
5158
-707
-816
4963
-543
2543
2795
-1223
910
-1681
-7409
-4576
-7020
-7544
-10255
-8976
-4987
-8123
-9385
-12860
-13378
-9552
-14758
-11561
-7157
-5770
-1087
-1742
3119
3124
2247
4552
6098
4488
6377
6008
5232
10266
9189
9979
9728
10838
11253
9163
8517
9072
8575
7798
7014
8455
7560
6068
7907
5993
6588
6027
5729
5388
5517
4707
2354
515
-55
-1059
-2711
-4034
-6684
-9310
-10844
-9250
-9916
-12722
-10511
-12385
-14692
-13503
-14477
-11860
-17180
-10885
-6448
-6519
-1415
-4871
-1129
-1856
969
3249
2595
1008
2118
4737
5108
4954
1693
2546
3020
6408
2249
3318
12222
10631
6137
9060
9877
8286
10481
7699
11518
14468
12699
8694
7151
8855
4552
5080
5833
1070
-380
1806
1219
-948
-2556
-4880
-7449
-7379
-6761
-11085
-6936
-9095
-11373
-12742
-10968
-9688
-12109
-5086
-4750
-4274
-1629
127
-484
192
3197
3782
7713
8628
4111
5829
6601
5176
9667
5619
5167
4181
3049
4759
2243
4321
3036
1397
2877
3959
6681
7882
4063
788
2817
5595
-1072
-1796
-2191
-2585
-898
-1985
-2074
-3566
-4084
-5744
-6513
-8813
-10431
-9376
-11465
-13924
-10713
-13349
-15633
-11620
-7935
-12032
-13526
-5627
-7289
482
-190
-112
3900
12051
14259
7162
7448
7243
13421
13867
10811
11223
9095
8618
8449
9683
12476
9104
5366
8642
7752
2256
-366
-1507
-2236
-896
-2630
-4550
-1774
-1717
-256
-121
-956
-5694
-4007
318
-3914
-9870
-8404
-7132
-8521
-10193
-12250
-8351
-10712
-7375
-7806
-9415
-9389
-10302
-11144
-7223
402
-3028
5738
4376
6755
11935
11719
12652
12229
14718
14286
15925
14314
11745
10312
11287
11584
9820
9373
8025
7989
7461
7389
5483
3397
1892
247
-667
-3289
-4455
-5792
-5464
-7180
-9224
-10410
-13605
-14143
-14974
-11078
-10401
-13557
-13457
-13439
-17449
-13136
-9685
-11326
-9324
-14541
-12872
-8777
-5556
-1538
-2896
-9763
-2805
3481
4588
11745
11158
15000
14659
14839
13435
12984
12974
10759
13354
14372
13735
10169
13198
14451
14590
13418
9318
7629
6546
8532
5463
4505
-55
1980
944
-1613
-163
-966
-2748
-4422
-6362
-7848
-11051
-13300
-9486
-11485
-13991
-13717
-11186
-13384
-13314
-13351
-14916
-14569
-13445
-16089
-13663
-8465
-6503
-6225
-7011
-3942
2481
6454
10917
10856
11070
11710
9602
11089
12525
13027
12860
14215
14982
14433
14778
14524
12498
11470
10526
7815
7101
7433
5070
4782
1674
1904
5195
1210
-2751
-4227
-5081
-1952
-8047
-8049
-4125
-3488
-2248
-4860
-7403
-8833
-10298
-6474
-4185
-6132
-9172
-9508
-10906
-15476
-13524
-10292
-9816
-10686
-7177
-7493
-10021
-3588
-90
-2249
1019
2685
6000
4753
8217
10395
13606
14985
15673
13231
12465
13825
13227
11473
9497
10653
8436
10984
5927
4991
5920
3943
4577
3220
3281
3383
3543
2903
2019
1103
-793
-1122
-1961
-4210
-5486
-6384
-5314
-4732
-4415
-4190
-8133
-8241
-10271
-10496
-12434
-12656
-16008
-18111
-15963
-14304
-14255
-10647
-12339
-10006
-6648
-4815
-1895
-3532
610
1618
6021
4398
2965
5212
9909
14096
9701
9656
9958
9432
10980
11366
8691
11857
10371
8147
6739
7548
14948
14007
6563
3440
10684
9875
4253
7428
8532
5563
4970
3960
87
-2236
-2854
-4607
-7924
-7213
-7042
-8550
-6934
-8406
-8837
-10429
-14375
-14469
-12796
-13433
-12753
-9999
-13883
-6034
-3605
-2249
72
-807
464
-597
1117
-589
2232
4204
6819
7361
8051
8634
11080
9731
7081
14757
10968
8831
8772
10883
9541
8209
11032
8012
6742
5297
7278
6928
8071
6960
4893
1511
-585
-1179
-3220
-3088
-5913
-5640
-5969
-8360
-7267
-6709
-5499
-6603
-9157
-12910
-14330
-14902
-13543
-14317
-9916
-13264
-11289
-3012
-8553
-2247
1412
975
-938
-848
1377
-1639
3047
8126
12504
14016
8194
6097
2897
11518
14678
5472
6684
9059
5646
3465
7992
11071
12220
9427
9209
11949
10341
7239
3443
2833
4519
855
-1154
-2720
-1678
334
-1906
-343
-4511
-5383
-5343
-6134
-7297
-8247
-11806
-13991
-13043
-13133
-11587
-8497
-6032
-12805
-1615
-4559
-868
3791
606
8163
3510
7492
6611
6408
4636
6289
9305
8277
7478
6801
7416
7627
8466
8183
6000
3492
3282
146
-676
-1221
-1778
-1198
464
-484
-899
-1109
-1138
1096
-109
-2837
-4658
-5896
-6540
-7954
-8832
-6478
-6499
-9174
-8662
-9495
-9026
-6048
-12394
-10161
-6442
-7605
-3456
-1465
-441
-1259
2701
-776
2350
11993
11605
10278
9723
12152
11542
9355
11892
17038
16907
14085
15587
16625
12731
10009
8334
4048
4524
2728
-1104
643
-801
425
2767
1983
-315
-3343
-3474
-4916
-7734
-8912
-7450
-8796
-8205
-8215
-11391
-9205
-6250
-5656
-9789
-6789
-4754
-8391
-3751
-5696
-6039
-6337
-4558
-6471
-3218
-893
-6006
1944
2719
3424
6537
9738
14404
12195
13821
13294
11421
10564
12458
6638
9962
9532
10054
8472
5841
11991
7650
7487
6244
3368
1382
-1259
-3224
-1815
-3436
-7275
-1359
-1718
-4536
-10679
-12010
-9917
-8508
-9979
-11412
-9727
-8940
-9728
-9925
-7607
-4789
-4354
-6142
-7108
-2600
-2711
-2690
-5898
-4640
-3827
-218
2382
702
8009
3099
9430
9279
11880
13545
8918
12239
11090
13614
14864
14757
14825
14875
12961
11893
11250
11194
10070
6486
5799
6215
4515
3130
1002
-838
-592
-2066
-2190
-364
-4794
-2041
-3439
-5851
-2489
-5880
-6974
-9165
-10051
-9835
-8673
-11787
-13092
-12388
-12778
-11390
-12592
-8364
-11964
-9830
-7761
-12198
-11985
-7464
-8357
-7267
-47
-255
7101
6235
8878
11036
10530
11848
11252
11584
10608
10635
12042
9204
8265
9354
10428
13990
9392
5729
4972
6325
4364
3764
296
2610
2345
7096
6532
4538
5763
-1770
-4117
-393
2545
-58
-1946
-1215
-1685
-3664
-4144
-4649
-10583
-12415
-13388
-11382
-9424
-10440
-10496
-10875
-11174
-10847
-13184
-9678
-11459
-10373
-945
-2512
154
3054
10068
10115
6978
11409
10426
10026
9925
8373
11452
13084
11313
13066
13683
15782
15500
14006
12810
11138
10117
8862
8156
8673
7248
5088
4980
3735
4773
2484
-651
-589
-2412
-3143
-3690
-6838
-5624
-6604
-6653
-4938
-11678
-14715
-14490
-12451
-11324
-11420
-12382
-11084
-12638
-14585
-15869
-12660
-15729
-16024
-8313
-12485
-2744
-1779
-1079
861
-998
6625
3502
5490
9787
13110
13804
14100
14360
12822
14804
15361
14754
16937
17503
14703
15487
11633
9126
9087
6854
5753
5334
6680
1554
2427
1870
833
2486
686
258
-1671
-2440
-5113
-6688
-8372
-8890
-10541
-9358
-8914
-9162
-9743
-14931
-9757
-15467
-15741
-15467
-14920
-14182
-15004
-5810
-8415
-3331
-1687
3237
3961
3459
5073
4562
6642
5858
12287
10012
11565
9834
13132
17541
16494
16375
13585
12862
10740
8341
6131
7076
6819
7291
6763
5635
6677
5857
3508
2220
-665
-2152
-1883
-3737
-3744
-4042
-6431
-9030
-9571
-10978
-11049
-10206
-14506
-13409
-12611
-12396
-8487
-11816
-8414
-4523
-5109
-5946
-10810
-1710
2720
839
3613
7266
6504
4082
6701
9400
8798
6653
10085
8658
11509
8623
4747
3321
4253
8875
5385
3689
779
4279
9945
8417
7434
8370
8286
5852
3529
2980
4936
1637
-866
41
-2326
555
-3369
-4398
-5733
-4677
-5290
-5648
-6237
-7369
-7444
-8719
-6149
-5403
-5798
-6673
-6164
-7915
-3377
-8300
-4378
945
-2500
2907
3111
3856
2504
5866
6252
5665
9586
8193
9801
5693
1783
4254
3317
3407
821
1332
485
-997
-773
-2485
-1928
-4958
-2561
-4276
-1399
-2011
-1980
179
-1087
-5059
-3133
-3679
-2887
-1856
-1508
2648
-1506
-3684
2290
876
-333
2603
3027
-157
-306
1654
-6394
-7320
-7116
-2364
-2857
-9218
990
394
4403
8701
5931
8808
6195
7376
6352
9059
8842
8719
9386
6513
6492
6215
5101
5103
3854
1675
470
-230
-1366
-1548
-1933
-4198
-3237
-975
-8186
-5283
-5272
-7911
-1572
-3861
-4184
-3466
-2371
-714
-1085
-565
172
-1107
-365
995
417
299
-5410
-4127
-556
-2589
-4928
-7960
-7395
-2187
-5266
-3671
2180
-820
5544
8416
7880
7161
6362
8290
6553
8285
9349
5865
6539
5413
7842
5468
1578
3317
4673
3252
-544
2378
2650
3738
3962
1129
-2010
-6956
-5277
-288
489
123
-536
-3181
-6345
-3810
-398
-3672
-2819
2124
-539
-3929
-3587
-3492
-3007
-7959
-7525
-4410
-4304
-4891
-5897
-4311
904
-3031
-4572
2919
-1689
4969
4603
5135
6621
4990
8450
6611
11159
11401
9837
9681
9806
10599
10312
9552
9728
9704
7433
5765
6652
5260
3520
3116
2513
1136
399
795
-1424
-1440
-1867
-1887
-2760
-6382
-8710
-10402
-10048
-5877
-7895
-9541
-7559
-7636
-7258
-11316
-11753
-12132
-10875
-9699
-12014
-5341
-7751
-9667
-5961
-8343
-4992
2597
-1137
1358
-260
1460
6366
4083
4350
11238
14644
9369
12122
5450
14019
20578
11975
10988
15646
13264
9582
11165
11196
10639
12227
12443
7533
7968
3054
2199
523
2245
4078
-1796
686
-2423
-2014
-1556
-2266
-2939
-5209
-6947
-8266
-8994
-10404
-12145
-13436
-14981
-15194
-10272
-12836
-14224
-12992
-13000
-12904
-14756
-9448
-886
-3110
4438
5747
1904
9709
11848
7583
9970
12290
10706
14870
14917
13225
13375
11762
14006
14703
15067
9703
6620
7644
5604
4009
3264
3538
2771
426
465
4079
1558
710
2086
-239
-3488
-3336
-5712
-6239
-6065
-8598
-11397
-12679
-9459
-11967
-11222
-14964
-14996
-13730
-16232
-17740
-18898
-17858
-14015
-10451
-12316
-3995
-1544
-924
-422
3794
-470
7947
10786
6033
11106
10398
12355
13482
16060
17866
16861
15845
16920
20525
17196
10635
9261
9822
7916
5887
3851
4169
3320
6022
9187
4951
2801
1597
-606
-865
-4401
-5076
-3815
-4624
-5282
-5734
-6590
-6367
-5172
-9480
-7698
-9847
-10728
-9925
-16576
-10981
-12835
-14530
-10527
-8181
-13362
-11503
-4123
-5205
1056
-2174
1980
4462
6076
10017
7973
7873
7540
7716
6642
7792
10314
10373
10259
12942
9276
9264
9226
7467
7117
6172
4394
4045
3543
1652
5746
5648
282
-3234
-1727
1395
1153
-2110
-1398
-2014
-4032
856
-484
-771
3222
-4734
-7773
-6354
-3331
-1191
-7458
-9977
-8344
-10329
-9086
-6952
-8397
-4094
-3508
-658
4223
4761
2578
1426
594
205
1544
12
199
1467
5190
5300
8509
11710
11027
6570
4633
5096
3054
5154
3060
3247
3295
4209
4096
7432
7201
3971
5884
2359
3206
4974
3553
1345
4497
1410
-870
-40
-652
-1170
-4506
-4657
-6077
-6971
-2069
-5573
-8066
-7585
-9771
-7894
-7076
-7935
-13691
-9812
-4543
-4885
337
2589
3817
1145
1159
1724
1482
2473
2572
1926
2245
902
-1246
3889
2263
2460
-1843
-1074
-3589
374
3518
-1091
2820
4772
13313
10608
5472
6163
6419
7718
5054
8693
7367
2338
4769
3511
3995
3337
3500
4225
2094
-1763
-1713
-6611
-6459
-6542
-11181
-9639
-12522
-11007
-5462
-2963
-7323
-5810
-1206
-2185
1550
3790
3811
860
3032
3736
4163
5101
4049
3407
3965
3209
767
1079
5721
2714
2176
4483
1305
938
1304
163
-279
533
91
2192
3678
1527
-1077
745
1684
3631
3949
4381
2306
2597
3848
-1133
-2505
-2655
-4494
-4612
-3132
-7131
-7689
-5443
-5906
-7922
-10534
-10849
-3288
-7659
-12092
-4568
-8299
-3023
4857
2488
112
1956
3947
6105
6386
5165
9384
6091
11673
11671
4752
11413
10891
9210
11127
10172
7410
4447
3159
5128
3563
3679
6276
6269
642
-4730
-2291
-2039
-4455
-1934
-564
-2800
-3759
-1552
-3918
-2884
-2465
6
-2719
-5123
-4310
-8033
-7292
-6909
-8077
-8988
-12793
-11615
-2877
-9200
-8086
-723
-6326
-603
6313
5171
7354
7150
7544
9204
9947
9936
10569
10945
11513
9861
8509
8797
9765
9753
6490
4948
3179
2237
984
2623
2716
144
323
-2019
-3945
-4762
-5600
-3182
-3308
-6722
-8674
-7378
-11351
-11596
-11567
-8754
-5119
-8870
-11166
-9475
-8328
-6331
-11802
-13211
-10552
-6004
-9130
-7613
-860
-5569
-692
4783
5590
6373
8641
9774
10337
13209
12111
12777
13816
15173
14337
13571
11720
13616
15632
10900
13396
11882
9016
10576
8560
5272
6825
6119
3271
2748
414
307
442
-1228
-1226
-1056
-2564
-5439
-5044
-6586
-9992
-10518
-12991
-10197
-12228
-11879
-13492
-13882
-12800
-9249
-8094
-11901
-8941
-10703
-10125
-1456
-3310
-11047
-698
-227
3124
9020
8167
9667
9006
9988
4986
5129
6568
5777
6190
10563
9514
11014
11274
9231
6998
2969
1305
2395
-250
540
1576
-1308
-1672
-2180
-3317
-3006
-4953
-3308
-2126
-7101
-10373
-9654
-7208
-4536
-7165
-7344
-6777
-10313
-6187
-5685
-13827
-12389
-12924
-15405
-14604
-12959
-12343
-12868
-8179
-4572
-6499
-8883
-5318
-5032
-1129
2992
1555
1053
2774
5370
6261
10717
12270
11625
12157
10445
10980
11558
7777
9123
7168
6593
4725
5012
7049
3681
1086
558
-798
-4116
-2216
-3116
-2643
-1096
-1752
-1227
-2203
-4733
-3276
-5172
-5444
-6831
-8463
-8683
-10493
-10710
-13914
-13058
-15107
-17455
-16646
-17691
-16426
-16618
-13831
-13304
-17266
-13944
-11338
-12201
-7614
503
-74
-3650
642
2753
3888
3958
4914
3957
4680
3066
2785
8152
4266
3726
4794
4060
3188
5450
1222
6645
9951
2978
3058
779
6060
4339
2934
7687
7948
7328
6971
4820
1309
-1142
-3423
-2354
-7862
-7888
-8998
-11130
-11459
-11104
-12656
-14504
-13434
-14659
-16210
-16057
-14173
-13111
-16072
-13821
-8085
-11742
-7224
-4569
-5920
-5159
-6453
-2298
115
4374
4093
4947
3474
5273
8498
4252
8035
8123
6925
7739
8325
7483
7127
8819
7748
7177
5915
6510
8465
8886
7295
4497
4443
3543
752
-2759
-3779
-3489
-5365
-4247
-4913
-6974
-7263
-8371
-9204
-11876
-13349
-15829
-18038
-15284
-15788
-15391
-15444
-19151
-17262
-10824
-10902
-13330
-10621
-9443
-7971
-7035
-9602
-5271
-1820
-2603
6972
4969
-2849
-659
-4480
11068
18645
6118
333
6237
7210
5371
10987
9195
10242
12674
9891
5085
5034
3536
4794
3221
2939
1446
-571
-1230
-1831
2046
1029
-3341
-5739
-8066
-7439
-8072
-10582
-12187
-14428
-14749
-18457
-16601
-16484
-15118
-14390
-17792
-14396
-9767
-12452
-9517
-2248
-4002
572
-3855
-2637
2932
749
2600
3792
4334
3718
3258
3563
2932
5357
4887
2583
1656
-1654
1094
-566
-561
-689
-1442
3466
4067
2283
812
2488
1859
-65
-1284
-5434
-4972
-4368
-4553
-6459
-6919
-4518
-5428
-6991
-13028
-14433
-13950
-15098
-16472
-16506
-13767
-10793
-9681
-5251
-8958
-9770
-5898
-12240
-3712
8369
687
394
2429
-1393
1387
3100
8429
12808
7009
7655
8474
5909
4238
3283
1972
3783
1648
-3278
-3629
-3432
-1808
287
30
848
-1579
309
1692
-2718
-5281
-2680
-1455
-5252
-6425
-4543
-3087
-2581
-3894
-6145
-5321
-6282
-6694
-6979
-10709
-9314
-9446
-11157
-11940
-10344
-9544
-8792
-11461
-6895
-5118
-7351
438
1906
4313
7823
3245
2613
5539
4565
3518
3237
2622
5155
5098
1365
3933
3820
3276
2197
951
-1167
-3435
-3407
-3122
-4696
-7999
-3615
-3056
-8647
-11635
-9736
-7055
-6400
-7916
-5241
-3929
-7382
-5454
-2237
-883
2617
199
-5121
-6390
-7150
-1117
-1958
-7925
-7815
-6968
-11306
-7720
-170
-7782
-4056
762
1553
3402
784
2079
2883
802
1497
3109
2256
4876
6402
6764
8479
6239
4229
3537
3192
2375
73
-707
-1949
-1068
-393
221
-669
315
-490
-2336
-1772
-6316
-5957
-8737
-10618
-7444
-9879
-8924
-9209
-8686
-5791
-5590
-5167
-7352
-9948
-8461
-8791
-7799
-8129
-5878
-10025
-9652
-10809
-9555
-6225
-11515
-11692
-8076
-4337
-3104
1328
3355
2491
3684
3567
2538
2749
3761
4227
2768
2804
5597
4708
1674
-641
-586
2581
2677
775
31
2951
1361
6773
6653
999
307
-2144
-2586
2009
2815
-3273
-3622
-5807
-5089
-8607
-4897
-3773
-8625
-5110
-7760
-6724
-11585
-7224
-9386
-12864
-13584
-13874
-11780
-12718
-9567
-10134
-2167
-11401
-8555
1868
-4148
1091
2649
1514
-165
560
1574
3433
2730
4220
5858
5348
5601
8774
11834
7686
5216
6174
5579
6732
7597
7255
7263
5689
5784
5230
2856
1196
-593
-162
301
-3280
-5376
-3964
-4458
-6464
-6501
-7315
-10454
-11426
-12089
-11608
-12186
-13561
-15598
-17314
-18131
-20335
-17674
-17328
-17543
-18688
-14353
-11816
-19570
-7531
-6302
-10392
-4146
-4579
-467
2497
1947
3709
7120
5890
13948
13950
11820
13377
5391
11881
17437
9874
9916
11757
8710
8095
6780
9634
9247
7650
7741
5344
4945
3929
1352
-1032
-1729
-3463
-6056
-7092
-6694
-5991
-6604
-6339
-7859
-8362
-7981
-11887
-14371
-16066
-17546
-19583
-21363
-23463
-24862
-23470
-18224
-15446
-15266
-16637
-12517
-3755
-6480
-5339
876
4569
5597
5599
7314
7799
7953
10315
14174
17600
14101
10684
11608
10469
10876
7707
7913
8977
6096
3633
3269
3473
2908
1547
-252
2379
-2171
-3526
-4247
-6180
-5129
-5743
-6692
-7374
-10732
-14338
-10947
-10634
-12001
-15682
-16736
-15455
-15322
-17666
-19969
-17567
-16292
-18589
-17637
-15241
-12921
-14310
-15903
-9702
-5602
-6066
-2438
376
2238
5851
3662
6298
12802
15933
12697
13007
13220
11261
10165
8694
10728
11504
13251
10872
9962
9443
9227
7581
4528
4774
4453
1948
1777
2327
-121
-439
-2169
-2562
-4931
-4089
-6363
-7418
-6222
-8852
-6090
-7148
-7750
-9316
-11840
-13485
-14540
-15273
-17595
-18946
-18658
-17531
-10766
-12919
-16281
-12372
-8937
-8383
-5966
-5343
-6792
-5960
-3871
-4074
-1741
7018
7953
4993
3292
5556
9627
6502
6588
7397
6486
5534
4699
4311
5098
3859
2298
3043
1421
-125
1984
2626
2838
1563
-1114
1974
583
-869
1459
-1859
-793
-5772
-7037
-2056
-3051
-5862
-4937
-4127
-7833
-8611
-12857
-14351
-18156
-17730
-13176
-11588
-20002
-12403
-11278
-10193
-5497
-2815
321
-4105
-1592
384
-834
3241
3275
1849
1474
2475
70
6206
6920
2474
-831
609
5063
5189
4483
3936
6327
6502
7245
6454
6800
7062
5640
5100
4179
2017
2100
3059
1296
592
-1765
-2947
-3930
-4153
-3828
-5568
-8753
-10860
-9119
-11450
-12239
-16029
-17584
-21040
-17537
-9044
-17791
-14015
-10412
-12094
-6714
-5899
-4881
-6501
-8508
-6663
-380
2056
-223
-2127
-4533
-652
-1777
-1954
407
1531
3544
2614
-375
574
10426
3923
924
6578
11049
12009
9159
7365
3886
4769
1785
2680
2841
1813
1145
455
2673
1342
201
-297
-1149
-3461
-5129
-6502
-9328
-11861
-11809
-12832
-13814
-17610
-17626
-6332
-14192
-16613
-10230
-11773
-4058
-5467
-4951
-4343
-4074
1256
2322
3072
5206
7363
3918
4823
4974
5442
4682
4309
5363
3674
3648
2673
1469
-1396
-1399
-1651
-3310
-5196
-996
2880
-4302
-2494
-2117
-1196
1891
-2572
401
-3474
-6320
-8200
-8303
-8796
-8287
-7006
-10572
-11559
-13947
-13061
-10650
-13059
-19123
-17793
-20622
-14248
-11494
-18074
-9190
-821
-6404
-6521
-5432
-3214
8499
6055
-754
3883
11658
11053
7704
13195
13425
8477
12607
11223
7704
4337
4219
2788
854
487
-3502
-934
573
-1647
-3895
-4494
-2661
-1928
-5610
-4236
-1936
-3053
-2955
-6750
-6318
-7403
-7674
-7719
-7709
-7586
-10480
-6456
-11591
-13239
-11709
-12917
-10298
-12751
-13582
-13105
-7869
-15268
-7761
-3001
-4969
-1971
-2097
2499
5042
6722
4148
6991
9612
9779
8266
6771
6218
3914
7221
8674
4840
4193
3808
1072
2663
2802
-1079
-4494
-5617
-5154
-5371
-7170
-7705
-11251
-11460
-8347
-8962
-11795
-15085
-16221
-14226
-11132
-12708
-15619
-14281
-10301
-8130
-2844
-4230
-7689
-10893
-13014
-3174
-678
-9023
-6428
-664
-11067
-10095
950
2322
3116
7567
8943
6240
9241
7297
6044
7370
11037
12253
8859
10552
9893
11347
11673
11026
9036
4655
2259
2149
2363
1295
708
-1587
-2959
-3250
-4030
-5745
-5117
-7426
-8227
-9098
-10015
-6668
-9583
-9795
-9291
-12608
-12683
-11664
-13155
-12526
-11310
-9478
-10213
-12138
-10963
-10729
-7514
-7426
-4067
-6704
-6205
-14269
-5896
-3646
-8723
2296
3152
2622
6250
8092
7167
10985
12952
13363
10194
6193
6783
6107
6738
3991
4592
5127
3972
-395
-917
2363
1602
-860
-3502
-1548
-629
3894
887
-5366
-5676
-5582
-2127
-1074
-2060
-5275
-6348
-6473
-11350
-11925
-8397
-11792
-10974
-9660
-12747
-17049
-11781
-10619
-15876
-17477
-17171
-12927
-9916
-7721
-12009
-5198
2393
-1967
3679
3848
3793
4684
4371
4866
6268
7401
9976
12837
11869
10599
11278
8603
4052
5647
5488
8244
6138
4714
6109
5548
4816
2171
2618
85
-654
-457
1307
-182
-2526
473
-1015
-3152
-4224
-7913
-9022
-10370
-11748
-13595
-15174
-16782
-18081
-17168
-16732
-19486
-20954
-19214
-23259
-21121
-14736
-12579
-12259
-20295
-14401
-6009
-6799
4052
261
747
4538
-414
6955
4983
6549
10199
10129
12939
18244
11694
7887
8140
6717
14448
16237
10586
4917
6760
7814
5703
5655
9479
8748
7779
6537
3727
295
-84
-1929
-3453
-3520
-8060
-8437
-8856
-8418
-9298
-8283
-11601
-13262
-12810
-16502
-16306
-18522
-19787
-20086
-20809
-22742
-19799
-15691
-21027
-15308
-8296
-9977
-7315
-2432
-1482
-801
5837
7035
6126
6555
12566
14326
13419
14573
13807
12593
10557
12014
8959
9828
10602
9338
10993
5803
7023
4861
3127
-1053
-2308
1278
-232
-880
-3256
-3352
-2432
-4928
-6987
-11515
-11790
-11801
-13557
-13772
-16416
-17916
-13087
-14055
-17933
-19778
-21250
-19766
-19078
-19738
-20220
-14392
-11009
-17673
-10852
-3025
-4765
-2219
-527
-220
7842
8493
6503
6587
6128
11049
14223
12400
15620
15223
10413
14191
15254
12861
10101
10327
7898
5864
5554
3707
3369
2694
3073
5388
4842
4040
2187
-1071
-818
-4390
-5963
-6456
-9793
-10729
-12067
-10429
-10990
-13142
-12425
-14981
-14410
-14635
-17399
-15371
-15753
-17410
-18139
-15441
-15210
-16068
-13521
-6284
-8602
-5850
-4316
-3729
2078
4427
4587
3269
2937
6474
6653
10165
7472
4154
7149
10541
7802
10067
10104
7658
6758
2901
4195
248
-494
414
-2588
1999
1036
-397
-3108
-6451
-2570
-3617
-5654
-8818
-6933
-4296
-4413
-6655
-6706
-6515
-6794
-9040
-9344
-6669
-8487
-12625
-12104
-9963
-13737
-12042
-5492
-11259
-13841
-5911
-5148
-2746
-809
-3670
-3670
-1169
-597
2029
2841
662
1792
-2299
4263
7858
5151
7749
6655
2785
737
4765
4865
1350
3230
4171
364
2534
2571
2952
3963
2995
3723
3453
2356
956
2075
-1065
-333
-1664
-2468
-3088
-6171
-4299
-6125
-9288
-10302
-12191
-10830
-13119
-14121
-12537
-13477
-12992
-11458
-8012
-16234
-12761
-6083
-7506
-3421
-682
-2342
-6424
650
1074
-1549
-2189
-7508
-1465
-1589
-3621
-1014
6385
4775
1848
-1783
1372
5703
4728
2028
-857
7694
9258
5679
6754
6510
7520
6713
6601
5930
6928
5352
2629
3629
2518
851
720
-1646
-1819
-3641
-4283
-10042
-11927
-10183
-10630
-11943
-14578
-12418
-10810
-14753
-12072
-9648
-17212
-6564
-5782
-6094
942
-2071
-1406
-2450
1531
2655
805
814
1629
720
2954
2003
257
1050
4414
2117
117
-424
-1988
872
2085
6352
5264
4839
6430
4398
5973
5201
2440
3188
-37
-1523
-330
-2222
-1639
-1512
-1275
-1129
-4244
-4652
-7015
-10004
-9768
-9440
-10436
-11126
-14504
-17135
-14319
-13217
-13583
-13115
-13674
-15120
-8460
-10959
-10850
-5304
914
1935
-2099
701
-838
3549
8765
7776
5423
3837
5434
6032
8415
10559
7525
6510
9007
7882
2524
1187
3152
517
-2554
531
159
-1757
711
-2491
-669
2048
-968
-1986
-3645
-2376
-1178
-3388
-3716
-7372
-5810
-6511
-10211
-8298
-11237
-11330
-12617
-14676
-14293
-11769
-10202
-11405
-7102
-9402
-11038
-421
-3918
-1208
6328
5491
4676
2478
5238
5765
9308
9212
8575
8410
7459
5340
5318
5343
3611
3880
1118
1836
222
-1798
-2526
-4996
-5322
-7120
-6746
-7634
-8274
-10918
-11051
-6171
-7124
-9209
-11888
-8860
-7144
-7236
-9233
-13290
-11993
-8632
-5521
-9717
-11462
-14576
-8474
-4490
-7946
-14484
-10824
-4199
-8753
-3519
32
779
5902
5104
6090
3708
6323
3061
1826
6180
5179
7503
8889
8712
9456
7900
12599
10257
5973
4873
3921
4010
1086
715
-637
-1361
-4203
-3990
-3815
-6082
-6886
-10742
-11748
-9892
-10574
-8904
-7495
-8934
-11070
-6021
-7608
-9452
-9674
-9188
-5254
-6927
-6363
-9551
-10982
-9021
-10856
-10831
-10218
-6313
-6058
-748
-4241
-9165
-1044
-340
108
1953
381
3796
2640
1636
6424
9602
11721
8994
7846
8475
5444
5262
4750
1301
1470
-985
-1307
-409
-613
-3125
-6921
-6877
-4309
-6995
-10712
-8028
-6494
-5734
-1482
-2839
-8471
-9416
-13101
-7331
-3600
-5661
-6749
-6328
-6239
-10388
-7204
-7769
-7357
-3586
-8045
-5892
-4254
-6361
-7700
-5013
-5017
-11180
-2347
-906
-116
5978
5761
4896
4678
6342
7679
9962
10869
9778
6646
8707
9332
7715
5417
3567
4093
6190
3133
1462
2320
796
2422
194
-1379
-3973
-4304
-4397
-4999
-6484
-6258
-6940
-6717
-7033
-8530
-7000
-7981
-8180
-11563
-11764
-13897
-15646
-13480
-13123
-14088
-13315
-13061
-13112
-11904
-13700
-11274
-2423
-7727
-12355
-5740
-5883
-793
2647
3233
767
1319
6420
4238
6427
8355
8324
6395
3032
7240
8331
10301
13944
3662
4463
2288
2272
11004
8739
3350
-750
2595
3198
-1637
-162
4371
2670
2029
-1580
-4080
-8159
-7809
-6595
-10666
-9351
-11932
-13921
-12709
-13459
-12062
-12917
-15927
-17479
-17755
-16886
-19219
-16215
-14320
-10902
-13197
-17203
-10145
-6317
-4000
10
119
-335
3803
4846
10028
12643
11814
13558
11076
10980
12126
10735
9754
10706
10612
8039
6964
8500
7109
5455
5559
4301
516
-651
374
-2725
-3810
-1721
-5512
-7546
-8035
-6762
-8734
-8902
-9830
-10993
-11886
-12106
-14444
-14701
-16555
-17553
-18819
-18253
-18782
-17444
-19512
-21979
-18607
-15310
-15283
-23434
-15707
-6076
-8923
562
-2101
-3449
7419
11787
9875
10892
9554
9026
16054
15668
10689
11185
13874
10506
10972
13834
12819
10968
11399
14372
12591
8464
7898
3700
1368
1362
-1332
-4149
-4002
-2481
-1667
-1272
-2887
-6353
-6399
-6774
-10097
-10125
-13272
-13372
-14570
-15552
-16916
-15181
-16371
-18847
-14760
-18802
-16123
-14305
-14187
-18813
-13126
-11088
-10316
-3637
-8627
-1203
1641
4399
7670
2570
4843
13641
14412
14295
11862
9197
10008
8284
9418
8859
4454
4678
4200
5373
2497
2215
3134
677
2514
251
-4051
-2562
-7082
-8943
-4528
-6020
-9536
-12972
-11593
-10442
-9523
-11929
-13738
-11614
-13462
-12775
-7840
-8213
-12752
-15157
-18575
-11023
-7843
-10617
-11222
-16094
-12991
-10924
-6852
-1247
4647
3835
509
1598
810
2691
5119
7197
6954
4695
627
4599
9072
8714
9195
9731
10596
8235
6932
6536
5549
4087
3758
2834
1046
259
-808
1346
-2850
-1388
-4235
-5721
-3290
-7193
-4653
-4215
-4783
-4931
-6086
-6152
-7073
-9139
-9169
-9765
-10043
-10417
-11207
-12779
-11079
-9961
-8385
-14236
-12998
-5432
-9991
-3329
-1556
-1998
212
-766
-280
-930
2679
3982
1124
1813
3685
4353
3548
2074
70
1216
3037
4177
4608
850
-856
-632
481
2666
2976
-448
3182
1853
-59
4248
-1291
-2753
-437
-2681
1106
1169
-2121
-4685
-3443
-2189
-3455
-4107
-3973
-8467
-7911
-9802
-12817
-13949
-14509
-11983
-8766
-10302
-12385
-4973
-5952
-3632
-1003
-1717
1003
-1601
60
2536
3156
4380
2995
3472
2065
360
1021
-2066
-958
-1318
254
2490
-124
-966
2269
4766
1106
2635
3758
1924
1537
2332
2106
-1140
-37
1714
-418
-2725
-371
352
1876
-1208
-4713
-4007
-3423
-7897
-9044
-8019
-10973
-10525
-10508
-12946
-14939
-14722
-14676
-7648
-16337
-16929
-7953
-12639
-5635
-2166
-5395
-4571
-1510
-256
-128
-1014
-2200
78
3021
1235
-275
306
1908
3519
2414
-514
-3754
1852
1005
-155
7505
3747
2
412
3740
7275
2576
3484
7549
4385
2577
727
-831
-2359
-2172
-1911
-3863
-1843
-1951
-3070
-3376
-2726
-5715
-6689
-9136
-10094
-12575
-11554
-15072
-9825
-10722
-18767
-5712
-11234
-5306
-1705
-3200
323
-871
2941
2745
2752
4566
4754
4532
5478
4202
7310
4666
5628
4363
2729
3868
1917
-219
-2059
-1888
-6032
-4663
-5910
-7216
-2255
-4166
-9512
-3328
530
-3415
-4755
-6111
-5407
-6174
-6523
-6694
-6226
-5126
-5828
-5712
-6617
-9153
-10093
-10429
-10348
-13063
-13075
-12457
-13706
-5056
-16464
-11255
3335
-3363
1626
5449
3177
2950
4125
6819
10635
12702
14027
9331
8599
9993
9499
8981
7394
4511
-166
1894
2487
-694
-832
208
-814
-3191
-3810
-4079
-5910
-9268
-8667
-7754
-8577
-4275
-6431
-9617
-4703
-3159
-6938
-7807
-6376
-6885
-6517
-9375
-6585
-6222
-7698
-7317
-10232
-6993
-9685
-8939
-10590
-5004
-6980
-9643
-1938
-4308
4084
4490
7661
6386
4416
6967
5138
6308
3398
5090
3503
5068
5665
5440
4842
3718
3150
1108
483
-2859
-3919
-2854
-3136
-5873
-4928
-6357
-8246
-9256
-7513
-10275
-11753
-7563
-11814
-14921
-14065
-10267
-5874
-7293
-8238
-4916
-3510
-8114
-6163
-2709
-6491
-5534
-5693
-7642
-8410
-6383
-4366
-751
-1827
-2942
-411
3450
3846
1840
4539
35
1930
2567
4766
7210
9201
10596
12554
9481
9214
7316
5130
2790
692
276
-1484
-958
-196
-2985
-325
-507
-5431
-4599
-6913
-8382
-5870
-7725
-7556
-7197
-10501
-10163
-8226
-9466
-13179
-11298
-12203
-9162
-4923
-8587
-10189
-12028
-8059
-4247
-7317
-8547
-8758
-11514
-12489
-7956
-5859
-9130
-5336
-93
1189
6043
5504
5629
6801
4596
5102
4372
4573
6048
6935
3910
2729
6547
2623
2513
2790
-8
-3418
-3794
-650
276
1615
337
-3355
-4274
-3551
-2091
-3463
-3147
-3791
-7565
-6894
-2371
-3282
-5004
-1918
-5094
-5737
-6550
-7985
-10067
-12406
-11576
-8261
-8902
-12145
-15452
-8888
-6741
-8292
-5316
-5175
-5869
-5872
1564
-839
1429
4291
2956
5738
2218
4565
6899
7223
11177
6611
6496
7373
6701
9215
5605
4301
4775
5924
4525
3958
4313
3534
696
568
1476
-1228
-147
425
-2255
-1316
-1458
-3930
-3672
-4516
-6136
-5737
-7939
-9189
-8639
-10114
-12124
-11476
-12174
-12736
-15731
-16120
-13437
-11730
-14256
-19897
-14060
-8936
-8081
-10848
-11985
-3804
-4399
-1930
-1308
-4128
-4434
-362
786
144
6298
10291
17662
11543
8309
5074
1929
15807
16413
7182
4951
11286
10801
4371
8420
11925
6396
7137
7123
219
-1329
1290
211
-980
262
-2928
-3741
-1462
-2410
-5588
-6697
-9260
-10921
-10475
-11322
-13110
-13275
-15326
-16050
-16276
-18832
-19080
-17671
-11450
-11936
-12733
-18699
-10888
-644
-4307
124
3615
3077
3595
7611
2893
8378
12120
10838
12223
11668
13129
11192
11798
14130
13685
10136
8544
6797
5165
3122
2807
605
-121
3169
1250
-1096
-658
-1739
-2490
-1085
-3624
-6838
-8045
-9347
-8669
-11987
-15591
-17495
-14759
-10818
-14241
-16873
-20198
-19594
-17804
-22679
-21285
-22251
-19791
-18581
-12371
-13535
-13253
-1547
-5562
-10075
-3190
4922
7531
6094
2157
4053
9249
12236
13121
13564
16574
11914
14944
19479
18483
13799
10041
10166
7244
3879
3369
1487
2400
4994
4435
5120
3079
1732
2738
-2430
-3217
-3193
-4788
-7097
-6785
-7562
-8093
-8481
-7870
-9360
-10901
-12930
-15361
-13178
-19273
-16248
-16220
-18615
-18177
-18207
-17986
-16247
-13986
-16942
-8506
-5316
-5045
-1456
8180
5489
-2449
3854
5972
8945
8538
8710
10204
8578
12188
13644
10068
9277
9188
7366
5951
6108
2778
2583
2982
-375
3144
2989
-2674
-3149
-3225
137
381
-5076
-6398
-2968
-4726
-4722
-4251
-3549
203
-7317
-9655
-8862
-8333
-4918
-7984
-13353
-12616
-12384
-16215
-15660
-8205
-8526
-9117
-14774
-7542
-4983
-12136
-1732
-5160
-4919
-4444
-3811
303
5109
1571
6303
14131
11095
11808
10187
9185
5984
7199
5696
4139
5676
3447
3113
4018
3016
3384
2618
1199
-487
168
1944
3094
3969
1845
1767
322
-978
-3970
-3637
-2946
-6000
-8296
-7280
-7392
-7374
-5906
-7867
-9945
-10984
-11557
-15359
-16971
-17068
-13043
-12565
-21210
-14345
-10931
-10410
-5729
-5144
-8485
-10822
-5852
-6898
-5938
-1729
3486
6275
3703
504
1465
5502
5160
7730
3903
4868
7642
10751
11772
8022
7004
4188
7486
6942
7185
9710
7077
4781
2715
5100
4950
2838
3780
4355
4353
1306
-1748
-4509
-6896
-7766
-9853
-13209
-11817
-13480
-13781
-14439
-14130
-13930
-14677
-9257
-17284
-13128
-9136
-7930
-6299
-6151
-4071
-5785
-5027
-4970
-983
-2871
1041
3001
-134
1355
4252
7542
7928
4399
1567
8701
8079
5784
8644
7590
7715
5265
5195
7183
6475
6017
5589
4734
3629
2419
594
69
-452
-767
-3016
-4476
-6023
-5804
-8079
-7525
-8045
-10146
-13519
-14705
-15077
-16855
-17300
-17690
-15644
-13686
-12470
-15192
-11106
-11345
-9465
-3784
-3907
-6732
-4046
2667
-3277
308
2361
133
4675
3917
-44
3284
4120
1304
1052
4674
8052
5963
2500
8536
12891
6887
7270
7054
7138
6589
3106
2559
2172
3367
2216
3032
2292
-48
-803
-2404
-3330
-4679
-5521
-6314
-9106
-11578
-10898
-13645
-13632
-15861
-19628
-17903
-16823
-13146
-8796
-15732
-11195
-5796
-4352
-1378
-3182
10
-1192
-400
-670
3814
5178
5014
7289
3893
4670
4885
-308
-113
628
-2321
-151
286
-970
3939
2283
956
377
2200
6790
3083
2537
1082
-209
-1061
-1473
-1083
-3028
-3069
-3812
-5392
-4757
-3603
-5919
-9974
-11112
-8550
-7471
-11213
-14958
-11980
-10815
-13385
-10765
-9139
-5882
-11828
-15449
-5201
-3480
1324
696
3267
7171
3388
2382
4551
8865
4716
6558
6251
3210
4219
6196
4528
3162
4302
1814
-45
-1758
-2520
-3149
-2432
-1050
3368
480
1197
-3331
-3935
3788
-1316
-1088
-2374
-2189
-4326
-5197
-1673
-2666
-2432
-1279
-2898
-4929
-6131
-6273
-7716
-10153
-11549
-10021
-11175
-11645
-5622
-9874
-6226
-10134
-8368
-6825
-8574
-2569
-2903
673
974
4387
4278
1129
3910
3414
2569
1740
1596
1441
1573
719
-323
-2177
-3842
-4715
-3872
-4699
-4200
-4867
-4250
-6148
-10641
-3826
-877
-587
-3653
-8542
2154
2432
-1875
3492
484
-533
-899
-1800
1978
3580
2381
-205
-1887
-2535
-8623
-12458
-10561
-13292
-11898
-6789
-6875
-12893
-9413
-2558
-3984
151
77
284
2237
1091
2103
895
2179
4446
2942
2586
3621
3179
3032
249
1446
-2363
-4352
182
-1948
4
-1027
-2029
-2080
-3432
-4169
-3930
-5182
-5804
-5654
-7161
598
2008
-1146
-3155
-1321
3787
29
-1116
-2146
-6313
-5406
-6841
-8557
-8717
-9388
-9543
-12164
-12732
-13865
-9675
-6931
-14030
-12421
-6606
-5502
-5693
-1392
-2057
-2996
661
1464
1324
3020
2776
107
293
161
3000
7144
5778
1209
582
-2772
3194
11287
5060
1685
-875
-79
4455
-1662
4591
1559
-4999
1402
-1200
-4561
-5853
-5403
-8772
-4558
331
-7470
-12132
-7143
-2132
-5484
-6060
-6038
-6907
-6086
-8830
-11505
-12402
-13832
-15288
-7778
-9452
-13236
-10295
-2405
-3574
-825
1126
677
758
-2710
4634
5594
5455
3676
6877
7924
10215
11560
9656
7694
6449
6439
4664
8750
9657
8830
4856
3081
1719
133
-2171
-4472
-3162
-2380
-3990
-7063
-7175
-7942
-8571
-9617
-9655
-11090
-13131
-15784
-11771
-8811
-14629
-18096
-17071
-9126
-10714
-12802
-13773
-16390
-18318
-11997
-3699
-15007
-16283
-2069
-4150
72
9072
718
3794
-392
46
16052
14333
8732
8274
9421
8253
9167
13257
10696
10118
12732
6613
4879
5028
5574
6615
4243
2573
-1548
-437
277
660
-133
-1731
-3068
-4376
-5180
-7951
-9853
-9825
-9706
-12141
-12656
-15247
-15075
-14558
-16269
-16554
-11399
-13978
-19928
-19244
-17797
-14493
-16170
-7625
-7913
-18015
-8086
1677
1926
1259
5589
5279
5804
8125
7891
8834
13399
14858
10589
9097
9889
5830
10054
10139
8334
6935
5188
7878
4825
3567
1518
977
-548
-4134
-3648
-5334
-4613
-7228
-7284
-6702
-6792
-10558
-12429
-12394
-9581
-11656
-13844
-12540
-14633
-15096
-14121
-14632
-13662
-10995
-17694
-17996
-14243
-9065
-8909
-19007
-3570
-9462
-11158
-2399
-2803
5600
8934
5444
7760
8384
8896
9771
9399
13077
12187
9890
7693
8598
10700
11481
11727
7886
8803
9180
8752
5997
4323
2725
912
-2066
-3339
-3069
-3005
-2731
-1494
-1385
-4394
-1416
-5685
-3298
-4454
-8876
-7834
-10414
-11175
-14031
-12214
-10183
-12841
-14574
-14556
-16066
-15846
-16338
-16157
-18094
-10414
-2004
-13435
-18578
-6648
-4515
516
2097
2104
4327
2076
1764
4432
8071
6416
9131
9130
9050
9593
6013
7546
9003
5343
4813
3579
-798
4490
-94
-4300
233
3107
2540
1615
-48
-625
805
563
-1711
2172
3511
-455
-4307
-1980
-948
-5446
-4002
-1397
-3669
-9751
-10406
-12657
-14695
-17307
-18707
-19236
-20244
-19235
-16817
-5702
-14209
-9212
589
-7263
-4659
-148
2436
284
1122
1876
-26
5926
9058
9378
11834
9421
10697
9654
9510
11825
7870
11055
9095
7930
8380
7088
1638
935
2494
3765
2564
1689
3431
1427
385
273
2279
428
-311
-3290
-6652
-6219
-9869
-10427
-11740
-15789
-13687
-14979
-17779
-16004
-20113
-20554
-22263
-20378
-22177
-19532
-16118
-19994
-18952
-16159
-16353
-6268
986
-9027
-10762
-3840
3791
2873
1092
10749
11402
13060
16274
11460
9888
7599
8309
12774
12225
9896
7443
6444
6789
9566
11383
10042
7779
9003
6025
2348
2489
83
-6
166
-2323
-4680
-4713
-2991
-3803
-6168
-6868
-8317
-9573
-12036
-14632
-16545
-15551
-16913
-18516
-19840
-20278
-20598
-17780
-15650
-18382
-17529
-13539
-12476
-10677
-6377
-7118
-653
3021
4992
2841
3188
5411
8457
9292
8415
8054
9000
7977
6877
4772
1241
-1618
-1605
-2294
-3590
-2803
-6387
-4215
-1445
-2133
-5767
-6499
-6482
-7263
-1046
-1938
-2054
945
4611
5645
104
-1457
-2579
135
2434
1259
266
-3588
-6221
-7943
-7997
-5506
-4534
-6322
-1518
348
-3536
-1830
-2067
2685
2728
5024
8763
8152
7314
8981
13289
12644
12507
12214
8877
8682
7750
7049
4274
4108
2859
1323
595
-258
-587
-1437
-1350
-3050
-2180
-2413
-3045
-1640
-4508
-4239
-1832
-3799
-4508
-4670
-2456
-5266
-10339
-2590
-1580
-1653
-662
-1845
-3113
-4985
-6299
-9312
-9459
-7686
-8717
-8244
-1394
-7426
-5294
1362
2491
6716
7050
7373
7654
7210
6857
7906
7525
9722
8522
7584
10140
10976
10318
5633
289
2260
3549
4286
1597
2471
3810
420
5256
7015
3618
1552
-355
-794
647
5118
2488
-1618
-869
-1121
-7728
-9410
-7519
-8684
-11254
-10716
-7721
-9251
-8595
-7609
-6234
-5259
-6505
-5559
-9646
-4520
-5731
-7436
2552
375
5215
7605
3311
7461
6826
6805
9042
8144
8321
12480
12530
12416
11913
12211
12479
10907
8497
7110
8700
7263
7035
6838
4891
3617
2143
2477
1912
2883
1693
422
-393
-3117
-3151
-3991
-5423
-6057
-9200
-8922
-9201
-12610
-12021
-12756
-13990
-15473
-16846
-15480
-16277
-17457
-14402
-15462
-13743
-9828
-16522
-9038
-1012
-2360
244
411
627
4686
6571
7636
10413
13174
15638
15292
17009
16243
14849
14923
16970
19442
17815
14467
13421
10774
10304
10378
6849
7608
8485
5242
4956
4152
3772
3891
1796
304
-378
-960
-3201
-3253
-5168
-5488
-6611
-8518
-9568
-10317
-11281
-12735
-14875
-13847
-18113
-16372
-15484
-16486
-11172
-18038
-11477
-9326
-8475
-1112
4085
4994
842
3962
9778
11904
10984
13753
13371
16419
16642
18604
18787
15960
16686
17016
14125
10883
8297
6529
6325
6470
6514
3194
2066
1363
972
3512
2633
-4641
-4718
-5136
-6914
-4078
-6260
-8038
-8861
-9895
-11913
-14209
-11517
-13533
-17235
-19709
-18670
-15805
-15925
-14120
-12186
-6786
-10987
-11063
-3169
-4993
-2107
3004
938
3771
3845
3098
12225
11076
12079
14994
15108
11062
11031
13055
9787
10198
9971
9722
8061
9605
8894
10341
10303
8115
8120
6782
5509
3754
2923
2199
3488
689
-2690
-2750
-4775
-2827
-3913
-7538
-8130
-7232
-9175
-8938
-9057
-9483
-10419
-12661
-9897
-11871
-10486
-12052
-6843
-9971
-9385
-2484
-5011
836
1591
3923
4670
3166
2476
4024
3630
4756
7706
3389
3830
4394
5538
1488
3733
4446
5923
4213
3630
6971
5084
881
1020
484
1581
1138
566
2558
3143
656
-666
127
-2548
-4824
-3838
-2684
-353
-551
-2317
-6126
-3997
-5103
-8764
-4730
1822
-3429
-4929
-4807
-8212
-6879
-9034
-9515
-3349
-4353
-1329
699
6269
9233
5310
6582
10401
8867
8398
8035
8485
8335
8385
7382
5308
4313
2483
2604
1724
800
-349
-606
-1027
-621
569
-865
-1413
-2146
1134
1254
-3401
2859
606
584
71
1308
553
-97
2226
-1025
-2041
-3611
-2593
-2055
-46
96
-6061
-6107
-5320
-8943
-5397
-6632
-10837
-3027
511
211
5962
5751
6551
9450
7547
6895
6174
6900
6806
7200
6549
5904
3321
650
4734
3025
1054
-4399
-5741
-3785
-2488
-3715
-5204
-941
1703
602
802
-3381
-6019
-886
-498
762
4530
1290
-117
-273
1728
5069
2964
1029
1615
181
-2328
-3056
-6652
-7684
-5850
-7055
-11374
-2772
-5804
-4906
5475
1310
3726
5336
7582
5957
6998
7182
7688
6734
9349
9278
7403
9597
6725
8097
4435
6102
2121
1220
3671
1073
3893
1551
577
927
916
253
-1425
-3295
-3729
-3837
-4618
-4220
-4855
-3266
-5176
-7362
-7397
-9091
-5807
-5721
-7145
-9797
-10640
-6153
-4517
-7267
-5968
-7078
-5490
-9923
-4292
-5424
-9918
-102
-73
2152
1041
3974
5985
6111
4890
3190
3981
7114
8094
4472
8277
7790
9799
12784
19366
10647
3628
536
1181
15842
11261
1095
2227
4582
-1162
-242
5725
5557
2128
849
3919
-1480
-3193
-2335
-7350
-6312
-6715
-10991
-11465
-12256
-10689
-8355
-9731
-12306
-13036
-11453
-11344
-12500
-15478
-9763
-9901
-7349
-3561
-2441
1017
4295
7783
8431
10628
11807
10828
8874
12351
12151
16988
15544
13611
14580
12417
11881
10229
10527
9107
6064
3067
8573
8911
7025
4506
1939
2088
3263
2817
-1166
-2844
-4177
-1708
-2059
-1374
-6049
-3028
-4465
-8256
-10559
-13010
-13114
-13495
-17643
-16914
-13301
-13338
-16194
-17143
-20258
-13966
-11345
-17360
-13675
-9414
-5805
-601
4837
1424
10102
16982
7700
12221
10977
13012
20802
11075
12388
16464
11164
12711
14719
14927
15748
11614
9755
13927
14616
10547
7930
5128
3431
4216
1497
1535
2312
1944
4168
2203
999
-974
-2818
-3320
-7008
-6938
-7869
-9781
-8727
-11450
-12420
-10407
-12330
-11820
-13959
-15537
-12073
-11466
-12497
-8482
-5846
-4622
1495
125
2439
5636
6054
7959
5834
7268
10446
12425
12341
11760
12384
12143
10705
10109
8773
6840
6901
6073
6533
7625
6555
6039
5113
3681
4038
2423
1470
585
-745
-2121
-3082
-971
-2997
-5740
-7903
-7418
-6093
-6711
-10713
-7446
-5229
-9562
-5340
-4012
-10504
-12483
-13835
-10544
-1694
-10817
-7360
-3912
-4248
-790
-929
6728
6535
9718
9615
10478
9314
6746
7857
7045
5496
6000
3494
3824
5364
7824
10343
6529
6456
9321
8822
6738
6345
4761
2182
1911
3728
1636
3153
3845
3474
2536
1181
2269
-3283
-656
-1941
-3738
1214
-1504
-4288
-4318
-5552
-7005
-6011
-6247
-7413
-8865
-10724
-5164
-7229
-5398
495
280
4169
3688
6843
6238
4069
5259
5204
6188
4942
4554
6432
7269
5214
4270
3068
86
482
-3652
-3668
-4565
-5378
-2622
-5211
-50
-3549
-3738
-1004
121
-2283
-54
1769
1928
3571
2652
507
1223
1965
47
5078
1881
1976
-1785
-2652
-1837
-4365
-3444
-4632
-4081
-1918
-7209
-5510
-6037
-9091
-2415
-3613
-2239
2022
1082
4037
7191
6092
7312
7851
8309
7026
7846
6405
2909
3649
5786
4387
3317
2538
2776
-2597
-2905
-1769
-1857
-3585
-3491
-2962
-1366
-1647
-1082
-2911
-621
560
-1877
-5358
-169
1955
951
-1367
-663
-883
-41
68
574
-18
-2052
-3106
-8553
-8498
-9243
-8919
-10442
-7163
-9993
-6316
278
-2535
5858
3424
1748
4137
5602
5830
6076
5927
5554
7551
8029
6754
870
2459
3917
5989
5458
3615
5721
3558
3372
5175
7047
6249
3520
1647
2468
3453
-1239
-4702
-643
1043
-1884
1992
3558
2358
-201
-131
-237
-6648
-3131
-1313
-5666
-5637
-3244
-4873
-5771
-5197
-5309
-6728
-6090
-2149
-9040
-2371
-138
-2101
5779
3682
4704
6559
6043
5968
6704
5978
8358
7702
9957
12139
10493
9399
10031
9527
7502
6700
6116
2929
4464
7024
4862
5698
4369
2180
2462
1021
-897
341
-669
-2498
-2917
-4542
-6570
-6691
-8440
-8153
-8716
-9755
-10067
-11556
-12057
-13381
-9416
-13949
-16562
-12400
-10717
-11569
-11091
-6144
-8798
-4218
-5470
-3574
1124
3105
5254
3379
7471
5369
11825
17582
15493
11231
12800
13398
11214
13774
15086
15977
13090
10181
10751
7278
6748
8454
8144
3801
2802
4081
5273
4540
2945
3116
755
915
-1142
-2518
-4201
-4981
-4273
-5409
-8032
-6033
-9018
-10154
-11673
-16082
-16397
-18404
-16655
-18359
-19353
-19300
-12698
-12920
-12927
-7436
-4196
5423
2556
2243
7243
10653
11889
10243
11202
12960
9918
14741
17364
17638
17242
14358
16075
9320
6491
7160
6322
5535
5753
4075
2040
3648
2701
4726
4297
1082
1500
-1220
-3383
-2193
-3836
-6656
-8249
-9083
-7299
-10224
-9738
-6331
-8937
-11978
-15816
-14582
-14492
-12259
-16296
-17335
-13510
-13096
-8315
-11833
-5351
-6535
-6693
1834
-559
2079
9812
9110
6013
15746
17036
12828
12731
12941
12108
10033
10607
11090
10918
11500
12780
15002
15102
12000
10774
7426
5088
4306
3280
3477
3230
4318
2724
2141
1117
-2732
-2522
-3757
-6371
-5198
-5727
-4797
-3850
-5285
-6115
-6995
-6443
-9754
-11568
-12382
-12877
-14998
-10600
-6461
-11773
-6396
-3866
-4466
496
3076
-1186
-88
-1184
-578
3007
4359
5794
3540
8424
8014
5495
6069
7677
10996
7889
7506
9434
6641
6172
6217
3707
3760
4208
3940
5947
6651
210
-2337
-1683
-1599
5828
1355
-1528
1092
-2710
2298
2544
-1683
-2017
-3488
-5531
-4096
-700
-2470
-5624
-3682
-7211
-9079
-6914
-10582
-7339
-2819
-4446
-2993
1213
123
1467
4437
6308
8303
7579
6890
5246
3287
3566
4608
419
937
2918
4056
4109
2711
4659
-612
453
3957
1474
4043
5872
5456
4660
4806
6076
4019
2723
3857
3885
6542
6052
3683
2819
1990
2030
369
-2327
-3683
-6225
-6395
-7116
-8607
-10757
-9659
-14042
-7215
-6192
-11201
-2926
-5116
-3771
123
1841
1125
3973
1060
2958
5340
5517
956
1544
2804
2477
714
1366
-676
-583
1235
-1716
-1371
-7986
-3703
3148
4507
2649
1066
3801
2665
4106
8936
13139
11269
10767
13728
6599
4695
3855
1910
802
495
-456
-4060
-792
132
-1496
-4583
-5070
-6481
-5341
-9907
-7906
-7501
-13382
-4277
-5239
-3330
-1171
-109
1941
-165
463
5737
6411
7815
7354
4446
8020
5937
8858
7899
5683
8205
7168
4583
2372
3719
3400
3975
3947
3376
3129
2686
2608
2897
2423
1854
367
1014
433
-3784
-3086
-416
209
818
-272
-3362
-4556
-5487
-4216
-5050
-8577
-9872
-9481
-9643
-8782
-11460
-8025
-9849
-8857
-2058
-1168
2494
-1621
-3619
1446
1901
3465
3318
9812
18184
7975
8759
5890
9168
22868
13936
4204
10536
14909
6401
7413
13875
11180
6655
11302
8320
2047
1768
2330
41
-157
-972
-6208
-6321
-4764
-5329
-6367
-5650
-5939
-5694
-6099
-6719
-10891
-9705
-7027
-7487
-11807
-11748
-12794
-11701
-12995
-10122
-8785
-9345
-3567
-2710
258
4046
4275
8655
10458
8333
11151
12787
10945
11168
14869
13621
11832
10141
10245
13665
16206
13008
9893
10500
6470
6820
5489
4063
4193
4004
3410
1466
1410
1615
1062
-1378
-4698
-6356
-7242
-6859
-7128
-9471
-11087
-14681
-13729
-10871
-13973
-19628
-22152
-18671
-15001
-16425
-18919
-16757
-9683
-7494
-5160
-544
4398
5800
1799
45
5503
17358
14192
11664
13973
12143
9744
14868
15612
20496
17407
12427
16542
15955
13048
10391
9082
10021
9403
4055
3666
3284
2540
5574
5543
3724
1794
-177
-1074
-4421
-5494
-6718
-7447
-10016
-8678
-10291
-10279
-9243
-11246
-10976
-14232
-13307
-19590
-17916
-19394
-17587
-15771
-15073
-14795
-12934
-6847
-6196
3259
1684
3384
7497
8794
13103
15309
15800
13217
13450
14269
15357
11517
11945
12695
12990
14424
11974
11441
12481
14143
12475
6454
5515
5588
3744
3229
-639
-2612
-410
-239
-3726
-6480
-4774
-3996
-5093
-10233
-10920
-7256
-6958
-7215
-3132
-4647
-6564
-10294
-13308
-5529
-5428
-11246
-11684
-8921
-13433
-18169
-6237
-1282
-2341
630
2108
5751
5699
6694
7027
7861
11032
6255
5063
11379
12401
11659
15272
17465
12972
12086
11712
8891
9379
8017
8571
6365
6004
7212
5392
6452
4538
6472
2448
-288
2114
251
825
-612
-3112
-4138
-1817
-6297
-5109
-5846
-4302
-8585
-10221
-10718
-12283
-12429
-11090
-12484
-13077
-9648
-17147
-10166
-7407
-7294
-5239
-1066
-501
-1343
4136
3025
4672
3360
3704
1253
508
1904
1704
4481
5176
5351
6038
2914
4129
5591
5923
7201
4319
3867
5429
8894
9300
6484
4928
3880
8381
7658
5336
7217
6149
4193
868
1048
2481
412
-1459
1159
181
-5320
-8543
-9538
-13633
-9574
-12293
-14147
-12850
-14536
-5394
-4932
-3836
-1981
126
421
416
1671
4969
3233
6364
5719
2152
3105
1765
2378
2527
2276
3384
265
1496
1599
1293
4467
1089
5349
5889
2498
1095
2667
6511
4053
3914
5402
3906
1212
1953
1770
3086
2449
4289
-1448
-2229
-2839
-4795
-5494
-8160
-9255
-11361
-12423
-13679
-12809
-14449
-8959
-11187
-9575
-6890
-5279
-1095
-761
1078
-4130
1915
4267
2730
1941
1335
5749
5527
3320
2477
8330
7501
10270
12337
5005
5427
4764
2491
7784
4549
2975
4153
-380
559
-643
223
5454
5309
6123
6277
1984
-1537
4447
722
-3896
-2286
-3119
-4004
-4342
-3933
-4184
-2611
-6324
-8723
-9416
-9072
-12871
-7291
-9410
-11513
-2780
-3985
-363
204
2370
1533
5927
5434
5862
11996
10202
12787
10703
11103
12379
9230
11175
11784
10477
10000
8736
7900
7738
6038
3995
4654
4361
3181
1640
472
-1821
-1871
-3736
-5578
-5563
-7633
-5309
-8020
-8765
-6927
-4954
-6001
-10681
-13851
-8888
-9429
-13347
-11715
-13617
-14658
-9837
-9464
-13299
-10481
-10815
-4201
-2561
-4735
5797
6577
9257
13382
11168
10520
10374
11913
13514
16298
17104
10658
12991
11956
8685
14904
15040
12692
16712
13839
9395
6980
7803
5711
1930
1930
-1864
-624
-3903
-1299
-2490
-2744
-1605
-3680
-4697
-8126
-9577
-10022
-12498
-13952
-14494
-15501
-13787
-12173
-13007
-11149
-12910
-21144
-16022
-11886
-7717
-6985
-9895
-1472
1083
4286
4755
6293
8342
12048
11430
12007
14896
14922
17137
14997
16386
14098
13431
10687
12828
13100
8379
8450
7156
6277
4320
5655
4270
3094
3001
-232
327
249
-3953
-5900
-6455
-7685
-5065
-8791
-11070
-9860
-8953
-10425
-14280
-16116
-15965
-14794
-15756
-15423
-13234
-14988
-14187
-12805
-13310
-11968
-8770
-10390
-5029
-1575
1122
7190
8253
12488
13872
12780
14819
15128
13911
14058
13913
15213
16395
17723
16338
15058
16446
15655
12626
11206
9924
6801
8134
6756
6138
6141
5889
4914
638
701
-758
-2820
-4447
-5973
-6104
-6522
-5508
-7960
-6053
-6319
-8596
-7920
-11546
-13152
-14391
-12792
-14248
-13614
-14225
-15803
-17465
-14147
-9739
-12119
-6801
-6545
-5598
-1878
2318
1524
4668
3795
2700
7322
9292
10391
9030
12265
12261
14343
10666
12474
11220
10127
10484
8777
7897
8570
7589
5099
7399
6989
3313
481
466
-36
5158
-707
-816
4963
-543
2543
2795
-1223
910
-1681
-7409
-4576
-7020
-7544
-10255
-8976
-4987
-8123
-9385
-12860
-13378
-9552
-14758
-11561
-7157
-5770
-1087
-1742
3119
3124
2247
4552
6098
4488
6377
6008
5232
10266
9189
9979
9728
10838
11253
9163
8517
9072
8575
7798
7014
8455
7560
6068
7907
5993
6588
6027
5729
5388
5517
4707
2354
515
-55
-1059
-2711
-4034
-6684
-9310
-10844
-9250
-9916
-12722
-10511
-12385
-14692
-13503
-14477
-11860
-17180
-10885
-6448
-6519
-1415
-4871
-1129
-1856
969
3249
2595
1008
2118
4737
5108
4954
1693
2546
3020
6408
2249
3318
12222
10631
6137
9060
9877
8286
10481
7699
11518
14468
12699
8694
7151
8855
4552
5080
5833
1070
-380
1806
1219
-948
-2556
-4880
-7449
-7379
-6761
-11085
-6936
-9095
-11373
-12742
-10968
-9688
-12109
-5086
-4750
-4274
-1629
127
-484
192
3197
3782
7713
8628
4111
5829
6601
5176
9667
5619
5167
4181
3049
4759
2243
4321
3036
1397
2877
3959
6681
7882
4063
788
2817
5595
-1072
-1796
-2191
-2585
-898
-1985
-2074
-3566
-4084
-5744
-6513
-8813
-10431
-9376
-11465
-13924
-10713
-13349
-15633
-11620
-7935
-12032
-13526
-5627
-7289
482
-190
-112
3900
12051
14259
7162
7448
7243
13421
13867
10811
11223
9095
8618
8449
9683
12476
9104
5366
8642
7752
2256
-366
-1507
-2236
-896
-2630
-4550
-1774
-1717
-256
-121
-956
-5694
-4007
318
-3914
-9870
-8404
-7132
-8521
-10193
-12250
-8351
-10712
-7375
-7806
-9415
-9389
-10302
-11144
-7223
402
-3028
5738
4376
6755
11935
11719
12652
12229
14718
14286
15925
14314
11745
10312
11287
11584
9820
9373
8025
7989
7461
7389
5483
3397
1892
247
-667
-3289
-4455
-5792
-5464
-7180
-9224
-10410
-13605
-14143
-14974
-11078
-10401
-13557
-13457
-13439
-17449
-13136
-9685
-11326
-9324
-14541
-12872
-8777
-5556
-1538
-2896
-9763
-2805
3481
4588
11745
11158
15000
14659
14839
13435
12984
12974
10759
13354
14372
13735
10169
13198
14451
14590
13418
9318
7629
6546
8532
5463
4505
-55
1980
944
-1613
-163
-966
-2748
-4422
-6362
-7848
-11051
-13300
-9486
-11485
-13991
-13717
-11186
-13384
-13314
-13351
-14916
-14569
-13445
-16089
-13663
-8465
-6503
-6225
-7011
-3942
2481
6454
10917
10856
11070
11710
9602
11089
12525
13027
12860
14215
14982
14433
14778
14524
12498
11470
10526
7815
7101
7433
5070
4782
1674
1904
5195
1210
-2751
-4227
-5081
-1952
-8047
-8049
-4125
-3488
-2248
-4860
-7403
-8833
-10298
-6474
-4185
-6132
-9172
-9508
-10906
-15476
-13524
-10292
-9816
-10686
-7177
-7493
-10021
-3588
-90
-2249
1019
2685
6000
4753
8217
10395
13606
14985
15673
13231
12465
13825
13227
11473
9497
10653
8436
10984
5927
4991
5920
3943
4577
3220
3281
3383
3543
2903
2019
1103
-793
-1122
-1961
-4210
-5486
-6384
-5314
-4732
-4415
-4190
-8133
-8241
-10271
-10496
-12434
-12656
-16008
-18111
-15963
-14304
-14255
-10647
-12339
-10006
-6648
-4815
-1895
-3532
610
1618
6021
4398
2965
5212
9909
14096
9701
9656
9958
9432
10980
11366
8691
11857
10371
8147
6739
7548
14948
14007
6563
3440
10684
9875
4253
7428
8532
5563
4970
3960
87
-2236
-2854
-4607
-7924
-7213
-7042
-8550
-6934
-8406
-8837
-10429
-14375
-14469
-12796
-13433
-12753
-9999
-13883
-6034
-3605
-2249
72
-807
464
-597
1117
-589
2232
4204
6819
7361
8051
8634
11080
9731
7081
14757
10968
8831
8772
10883
9541
8209
11032
8012
6742
5297
7278
6928
8071
6960
4893
1511
-585
-1179
-3220
-3088
-5913
-5640
-5969
-8360
-7267
-6709
-5499
-6603
-9157
-12910
-14330
-14902
-13543
-14317
-9916
-13264
-11289
-3012
-8553
-2247
1412
975
-938
-848
1377
-1639
3047
8126
12504
14016
8194
6097
2897
11518
14678
5472
6684
9059
5646
3465
7992
11071
12220
9427
9209
11949
10341
7239
3443
2833
4519
855
-1154
-2720
-1678
334
-1906
-343
-4511
-5383
-5343
-6134
-7297
-8247
-11806
-13991
-13043
-13133
-11587
-8497
-6032
-12805
-1615
-4559
-868
3791
606
8163
3510
7492
6611
6408
4636
6289
9305
8277
7478
6801
7416
7627
8466
8183
6000
3492
3282
146
-676
-1221
-1778
-1198
464
-484
-899
-1109
-1138
1096
-109
-2837
-4658
-5896
-6540
-7954
-8832
-6478
-6499
-9174
-8662
-9495
-9026
-6048
-12394
-10161
-6442
-7605
-3456
-1465
-441
-1259
2701
-776
2350
11993
11605
10278
9723
12152
11542
9355
11892
17038
16907
14085
15587
16625
12731
10009
8334
4048
4524
2728
-1104
643
-801
425
2767
1983
-315
-3343
-3474
-4916
-7734
-8912
-7450
-8796
-8205
-8215
-11391
-9205
-6250
-5656
-9789
-6789
-4754
-8391
-3751
-5696
-6039
-6337
-4558
-6471
-3218
-893
-6006
1944
2719
3424
6537
9738
14404
12195
13821
13294
11421
10564
12458
6638
9962
9532
10054
8472
5841
11991
7650
7487
6244
3368
1382
-1259
-3224
-1815
-3436
-7275
-1359
-1718
-4536
-10679
-12010
-9917
-8508
-9979
-11412
-9727
-8940
-9728
-9925
-7607
-4789
-4354
-6142
-7108
-2600
-2711
-2690
-5898
-4640
-3827
-218
2382
702
8009
3099
9430
9279
11880
13545
8918
12239
11090
13614
14864
14757
14825
14875
12961
11893
11250
11194
10070
6486
5799
6215
4515
3130
1002
-838
-592
-2066
-2190
-364
-4794
-2041
-3439
-5851
-2489
-5880
-6974
-9165
-10051
-9835
-8673
-11787
-13092
-12388
-12778
-11390
-12592
-8364
-11964
-9830
-7761
-12198
-11985
-7464
-8357
-7267
-47
-255
7101
6235
8878
11036
10530
11848
11252
11584
10608
10635
12042
9204
8265
9354
10428
13990
9392
5729
4972
6325
4364
3764
296
2610
2345
7096
6532
4538
5763
-1770
-4117
-393
2545
-58
-1946
-1215
-1685
-3664
-4144
-4649
-10583
-12415
-13388
-11382
-9424
-10440
-10496
-10875
-11174
-10847
-13184
-9678
-11459
-10373
-945
-2512
154
3054
10068
10115
6978
11409
10426
10026
9925
8373
11452
13084
11313
13066
13683
15782
15500
14006
12810
11138
10117
8862
8156
8673
7248
5088
4980
3735
4773
2484
-651
-589
-2412
-3143
-3690
-6838
-5624
-6604
-6653
-4938
-11678
-14715
-14490
-12451
-11324
-11420
-12382
-11084
-12638
-14585
-15869
-12660
-15729
-16024
-8313
-12485
-2744
-1779
-1079
861
-998
6625
3502
5490
9787
13110
13804
14100
14360
12822
14804
15361
14754
16937
17503
14703
15487
11633
9126
9087
6854
5753
5334
6680
1554
2427
1870
833
2486
686
258
-1671
-2440
-5113
-6688
-8372
-8890
-10541
-9358
-8914
-9162
-9743
-14931
-9757
-15467
-15741
-15467
-14920
-14182
-15004
-5810
-8415
-3331
-1687
3237
3961
3459
5073
4562
6642
5858
12287
10012
11565
9834
13132
17541
16494
16375
13585
12862
10740
8341
6131
7076
6819
7291
6763
5635
6677
5857
3508
2220
-665
-2152
-1883
-3737
-3744
-4042
-6431
-9030
-9571
-10978
-11049
-10206
-14506
-13409
-12611
-12396
-8487
-11816
-8414
-4523
-5109
-5946
-10810
-1710
2720
839
3613
7266
6504
4082
6701
9400
8798
6653
10085
8658
11509
8623
4747
3321
4253
8875
5385
3689
779
4279
9945
8417
7434
8370
8286
5852
3529
2980
4936
1637
-866
41
-2326
555
-3369
-4398
-5733
-4677
-5290
-5648
-6237
-7369
-7444
-8719
-6149
-5403
-5798
-6673
-6164
-7915
-3377
-8300
-4378
945
-2500
2907
3111
3856
2504
5866
6252
5665
9586
8193
9801
5693
1783
4254
3317
3407
821
1332
485
-997
-773
-2485
-1928
-4958
-2561
-4276
-1399
-2011
-1980
179
-1087
-5059
-3133
-3679
-2887
-1856
-1508
2648
-1506
-3684
2290
876
-333
2603
3027
-157
-306
1654
-6394
-7320
-7116
-2364
-2857
-9218
990
394
4403
8701
5931
8808
6195
7376
6352
9059
8842
8719
9386
6513
6492
6215
5101
5103
3854
1675
470
-230
-1366
-1548
-1933
-4198
-3237
-975
-8186
-5283
-5272
-7911
-1572
-3861
-4184
-3466
-2371
-714
-1085
-565
172
-1107
-365
995
417
299
-5410
-4127
-556
-2589
-4928
-7960
-7395
-2187
-5266
-3671
2180
-820
5544
8416
7880
7161
6362
8290
6553
8285
9349
5865
6539
5413
7842
5468
1578
3317
4673
3252
-544
2378
2650
3738
3962
1129
-2010
-6956
-5277
-288
489
123
-536
-3181
-6345
-3810
-398
-3672
-2819
2124
-539
-3929
-3587
-3492
-3007
-7959
-7525
-4410
-4304
-4891
-5897
-4311
904
-3031
-4572
2919
-1689
4969
4603
5135
6621
4990
8450
6611
11159
11401
9837
9681
9806
10599
10312
9552
9728
9704
7433
5765
6652
5260
3520
3116
2513
1136
399
795
-1424
-1440
-1867
-1887
-2760
-6382
-8710
-10402
-10048
-5877
-7895
-9541
-7559
-7636
-7258
-11316
-11753
-12132
-10875
-9699
-12014
-5341
-7751
-9667
-5961
-8343
-4992
2597
-1137
1358
-260
1460
6366
4083
4350
11238
14644
9369
12122
5450
14019
20578
11975
10988
15646
13264
9582
11165
11196
10639
12227
12443
7533
7968
3054
2199
523
2245
4078
-1796
686
-2423
-2014
-1556
-2266
-2939
-5209
-6947
-8266
-8994
-10404
-12145
-13436
-14981
-15194
-10272
-12836
-14224
-12992
-13000
-12904
-14756
-9448
-886
-3110
4438
5747
1904
9709
11848
7583
9970
12290
10706
14870
14917
13225
13375
11762
14006
14703
15067
9703
6620
7644
5604
4009
3264
3538
2771
426
465
4079
1558
710
2086
-239
-3488
-3336
-5712
-6239
-6065
-8598
-11397
-12679
-9459
-11967
-11222
-14964
-14996
-13730
-16232
-17740
-18898
-17858
-14015
-10451
-12316
-3995
-1544
-924
-422
3794
-470
7947
10786
6033
11106
10398
12355
13482
16060
17866
16861
15845
16920
20525
17196
10635
9261
9822
7916
5887
3851
4169
3320
6022
9187
4951
2801
1597
-606
-865
-4401
-5076
-3815
-4624
-5282
-5734
-6590
-6367
-5172
-9480
-7698
-9847
-10728
-9925
-16576
-10981
-12835
-14530
-10527
-8181
-13362
-11503
-4123
-5205
1056
-2174
1980
4462
6076
10017
7973
7873
7540
7716
6642
7792
10314
10373
10259
12942
9276
9264
9226
7467
7117
6172
4394
4045
3543
1652
5746
5648
282
-3234
-1727
1395
1153
-2110
-1398
-2014
-4032
856
-484
-771
3222
-4734
-7773
-6354
-3331
-1191
-7458
-9977
-8344
-10329
-9086
-6952
-8397
-4094
-3508
-658
4223
4761
2578
1426
594
205
1544
12
199
1467
5190
5300
8509
11710
11027
6570
4633
5096
3054
5154
3060
3247
3295
4209
4096
7432
7201
3971
5884
2359
3206
4974
3553
1345
4497
1410
-870
-40
-652
-1170
-4506
-4657
-6077
-6971
-2069
-5573
-8066
-7585
-9771
-7894
-7076
-7935
-13691
-9812
-4543
-4885
337
2589
3817
1145
1159
1724
1482
2473
2572
1926
2245
902
-1246
3889
2263
2460
-1843
-1074
-3589
374
3518
-1091
2820
4772
13313
10608
5472
6163
6419
7718
5054
8693
7367
2338
4769
3511
3995
3337
3500
4225
2094
-1763
-1713
-6611
-6459
-6542
-11181
-9639
-12522
-11007
-5462
-2963
-7323
-5810
-1206
-2185
1550
3790
3811
860
3032
3736
4163
5101
4049
3407
3965
3209
767
1079
5721
2714
2176
4483
1305
938
1304
163
-279
533
91
2192
3678
1527
-1077
745
1684
3631
3949
4381
2306
2597
3848
-1133
-2505
-2655
-4494
-4612
-3132
-7131
-7689
-5443
-5906
-7922
-10534
-10849
-3288
-7659
-12092
-4568
-8299
-3023
4857
2488
112
1956
3947
6105
6386
5165
9384
6091
11673
11671
4752
11413
10891
9210
11127
10172
7410
4447
3159
5128
3563
3679
6276
6269
642
-4730
-2291
-2039
-4455
-1934
-564
-2800
-3759
-1552
-3918
-2884
-2465
6
-2719
-5123
-4310
-8033
-7292
-6909
-8077
-8988
-12793
-11615
-2877
-9200
-8086
-723
-6326
-603
6313
5171
7354
7150
7544
9204
9947
9936
10569
10945
11513
9861
8509
8797
9765
9753
6490
4948
3179
2237
984
2623
2716
144
323
-2019
-3945
-4762
-5600
-3182
-3308
-6722
-8674
-7378
-11351
-11596
-11567
-8754
-5119
-8870
-11166
-9475
-8328
-6331
-11802
-13211
-10552
-6004
-9130
-7613
-860
-5569
-692
4783
5590
6373
8641
9774
10337
13209
12111
12777
13816
15173
14337
13571
11720
13616
15632
10900
13396
11882
9016
10576
8560
5272
6825
6119
3271
2748
414
307
442
-1228
-1226
-1056
-2564
-5439
-5044
-6586
-9992
-10518
-12991
-10197
-12228
-11879
-13492
-13882
-12800
-9249
-8094
-11901
-8941
-10703
-10125
-1456
-3310
-11047
-698
-227
3124
9020
8167
9667
9006
9988
4986
5129
6568
5777
6190
10563
9514
11014
11274
9231
6998
2969
1305
2395
-250
540
1576
-1308
-1672
-2180
-3317
-3006
-4953
-3308
-2126
-7101
-10373
-9654
-7208
-4536
-7165
-7344
-6777
-10313
-6187
-5685
-13827
-12389
-12924
-15405
-14604
-12959
-12343
-12868
-8179
-4572
-6499
-8883
-5318
-5032
-1129
2992
1555
1053
2774
5370
6261
10717
12270
11625
12157
10445
10980
11558
7777
9123
7168
6593
4725
5012
7049
3681
1086
558
-798
-4116
-2216
-3116
-2643
-1096
-1752
-1227
-2203
-4733
-3276
-5172
-5444
-6831
-8463
-8683
-10493
-10710
-13914
-13058
-15107
-17455
-16646
-17691
-16426
-16618
-13831
-13304
-17266
-13944
-11338
-12201
-7614
503
-74
-3650
642
2753
3888
3958
4914
3957
4680
3066
2785
8152
4266
3726
4794
4060
3188
5450
1222
6645
9951
2978
3058
779
6060
4339
2934
7687
7948
7328
6971
4820
1309
-1142
-3423
-2354
-7862
-7888
-8998
-11130
-11459
-11104
-12656
-14504
-13434
-14659
-16210
-16057
-14173
-13111
-16072
-13821
-8085
-11742
-7224
-4569
-5920
-5159
-6453
-2298
115
4374
4093
4947
3474
5273
8498
4252
8035
8123
6925
7739
8325
7483
7127
8819
7748
7177
5915
6510
8465
8886
7295
4497
4443
3543
752
-2759
-3779
-3489
-5365
-4247
-4913
-6974
-7263
-8371
-9204
-11876
-13349
-15829
-18038
-15284
-15788
-15391
-15444
-19151
-17262
-10824
-10902
-13330
-10621
-9443
-7971
-7035
-9602
-5271
-1820
-2603
6972
4969
-2849
-659
-4480
11068
18645
6118
333
6237
7210
5371
10987
9195
10242
12674
9891
5085
5034
3536
4794
3221
2939
1446
-571
-1230
-1831
2046
1029
-3341
-5739
-8066
-7439
-8072
-10582
-12187
-14428
-14749
-18457
-16601
-16484
-15118
-14390
-17792
-14396
-9767
-12452
-9517
-2248
-4002
572
-3855
-2637
2932
749
2600
3792
4334
3718
3258
3563
2932
5357
4887
2583
1656
-1654
1094
-566
-561
-689
-1442
3466
4067
2283
812
2488
1859
-65
-1284
-5434
-4972
-4368
-4553
-6459
-6919
-4518
-5428
-6991
-13028
-14433
-13950
-15098
-16472
-16506
-13767
-10793
-9681
-5251
-8958
-9770
-5898
-12240
-3712
8369
687
394
2429
-1393
1387
3100
8429
12808
7009
7655
8474
5909
4238
3283
1972
3783
1648
-3278
-3629
-3432
-1808
287
30
848
-1579
309
1692
-2718
-5281
-2680
-1455
-5252
-6425
-4543
-3087
-2581
-3894
-6145
-5321
-6282
-6694
-6979
-10709
-9314
-9446
-11157
-11940
-10344
-9544
-8792
-11461
-6895
-5118
-7351
438
1906
4313
7823
3245
2613
5539
4565
3518
3237
2622
5155
5098
1365
3933
3820
3276
2197
951
-1167
-3435
-3407
-3122
-4696
-7999
-3615
-3056
-8647
-11635
-9736
-7055
-6400
-7916
-5241
-3929
-7382
-5454
-2237
-883
2617
199
-5121
-6390
-7150
-1117
-1958
-7925
-7815
-6968
-11306
-7720
-170
-7782
-4056
762
1553
3402
784
2079
2883
802
1497
3109
2256
4876
6402
6764
8479
6239
4229
3537
3192
2375
73
-707
-1949
-1068
-393
221
-669
315
-490
-2336
-1772
-6316
-5957
-8737
-10618
-7444
-9879
-8924
-9209
-8686
-5791
-5590
-5167
-7352
-9948
-8461
-8791
-7799
-8129
-5878
-10025
-9652
-10809
-9555
-6225
-11515
-11692
-8076
-4337
-3104
1328
3355
2491
3684
3567
2538
2749
3761
4227
2768
2804
5597
4708
1674
-641
-586
2581
2677
775
31
2951
1361
6773
6653
999
307
-2144
-2586
2009
2815
-3273
-3622
-5807
-5089
-8607
-4897
-3773
-8625
-5110
-7760
-6724
-11585
-7224
-9386
-12864
-13584
-13874
-11780
-12718
-9567
-10134
-2167
-11401
-8555
1868
-4148
1091
2649
1514
-165
560
1574
3433
2730
4220
5858
5348
5601
8774
11834
7686
5216
6174
5579
6732
7597
7255
7263
5689
5784
5230
2856
1196
-593
-162
301
-3280
-5376
-3964
-4458
-6464
-6501
-7315
-10454
-11426
-12089
-11608
-12186
-13561
-15598
-17314
-18131
-20335
-17674
-17328
-17543
-18688
-14353
-11816
-19570
-7531
-6302
-10392
-4146
-4579
-467
2497
1947
3709
7120
5890
13948
13950
11820
13377
5391
11881
17437
9874
9916
11757
8710
8095
6780
9634
9247
7650
7741
5344
4945
3929
1352
-1032
-1729
-3463
-6056
-7092
-6694
-5991
-6604
-6339
-7859
-8362
-7981
-11887
-14371
-16066
-17546
-19583
-21363
-23463
-24862
-23470
-18224
-15446
-15266
-16637
-12517
-3755
-6480
-5339
876
4569
5597
5599
7314
7799
7953
10315
14174
17600
14101
10684
11608
10469
10876
7707
7913
8977
6096
3633
3269
3473
2908
1547
-252
2379
-2171
-3526
-4247
-6180
-5129
-5743
-6692
-7374
-10732
-14338
-10947
-10634
-12001
-15682
-16736
-15455
-15322
-17666
-19969
-17567
-16292
-18589
-17637
-15241
-12921
-14310
-15903
-9702
-5602
-6066
-2438
376
2238
5851
3662
6298
12802
15933
12697
13007
13220
11261
10165
8694
10728
11504
13251
10872
9962
9443
9227
7581
4528
4774
4453
1948
1777
2327
-121
-439
-2169
-2562
-4931
-4089
-6363
-7418
-6222
-8852
-6090
-7148
-7750
-9316
-11840
-13485
-14540
-15273
-17595
-18946
-18658
-17531
-10766
-12919
-16281
-12372
-8937
-8383
-5966
-5343
-6792
-5960
-3871
-4074
-1741
7018
7953
4993
3292
5556
9627
6502
6588
7397
6486
5534
4699
4311
5098
3859
2298
3043
1421
-125
1984
2626
2838
1563
-1114
1974
583
-869
1459
-1859
-793
-5772
-7037
-2056
-3051
-5862
-4937
-4127
-7833
-8611
-12857
-14351
-18156
-17730
-13176
-11588
-20002
-12403
-11278
-10193
-5497
-2815
321
-4105
-1592
384
-834
3241
3275
1849
1474
2475
70
6206
6920
2474
-831
609
5063
5189
4483
3936
6327
6502
7245
6454
6800
7062
5640
5100
4179
2017
2100
3059
1296
592
-1765
-2947
-3930
-4153
-3828
-5568
-8753
-10860
-9119
-11450
-12239
-16029
-17584
-21040
-17537
-9044
-17791
-14015
-10412
-12094
-6714
-5899
-4881
-6501
-8508
-6663
-380
2056
-223
-2127
-4533
-652
-1777
-1954
407
1531
3544
2614
-375
574
10426
3923
924
6578
11049
12009
9159
7365
3886
4769
1785
2680
2841
1813
1145
455
2673
1342
201
-297
-1149
-3461
-5129
-6502
-9328
-11861
-11809
-12832
-13814
-17610
-17626
-6332
-14192
-16613
-10230
-11773
-4058
-5467
-4951
-4343
-4074
1256
2322
3072
5206
7363
3918
4823
4974
5442
4682
4309
5363
3674
3648
2673
1469
-1396
-1399
-1651
-3310
-5196
-996
2880
-4302
-2494
-2117
-1196
1891
-2572
401
-3474
-6320
-8200
-8303
-8796
-8287
-7006
-10572
-11559
-13947
-13061
-10650
-13059
-19123
-17793
-20622
-14248
-11494
-18074
-9190
-821
-6404
-6521
-5432
-3214
8499
6055
-754
3883
11658
11053
7704
13195
13425
8477
12607
11223
7704
4337
4219
2788
854
487
-3502
-934
573
-1647
-3895
-4494
-2661
-1928
-5610
-4236
-1936
-3053
-2955
-6750
-6318
-7403
-7674
-7719
-7709
-7586
-10480
-6456
-11591
-13239
-11709
-12917
-10298
-12751
-13582
-13105
-7869
-15268
-7761
-3001
-4969
-1971
-2097
2499
5042
6722
4148
6991
9612
9779
8266
6771
6218
3914
7221
8674
4840
4193
3808
1072
2663
2802
-1079
-4494
-5617
-5154
-5371
-7170
-7705
-11251
-11460
-8347
-8962
-11795
-15085
-16221
-14226
-11132
-12708
-15619
-14281
-10301
-8130
-2844
-4230
-7689
-10893
-13014
-3174
-678
-9023
-6428
-664
-11067
-10095
950
2322
3116
7567
8943
6240
9241
7297
6044
7370
11037
12253
8859
10552
9893
11347
11673
11026
9036
4655
2259
2149
2363
1295
708
-1587
-2959
-3250
-4030
-5745
-5117
-7426
-8227
-9098
-10015
-6668
-9583
-9795
-9291
-12608
-12683
-11664
-13155
-12526
-11310
-9478
-10213
-12138
-10963
-10729
-7514
-7426
-4067
-6704
-6205
-14269
-5896
-3646
-8723
2296
3152
2622
6250
8092
7167
10985
12952
13363
10194
6193
6783
6107
6738
3991
4592
5127
3972
-395
-917
2363
1602
-860
-3502
-1548
-629
3894
887
-5366
-5676
-5582
-2127
-1074
-2060
-5275
-6348
-6473
-11350
-11925
-8397
-11792
-10974
-9660
-12747
-17049
-11781
-10619
-15876
-17477
-17171
-12927
-9916
-7721
-12009
-5198
2393
-1967
3679
3848
3793
4684
4371
4866
6268
7401
9976
12837
11869
10599
11278
8603
4052
5647
5488
8244
6138
4714
6109
5548
4816
2171
2618
85
-654
-457
1307
-182
-2526
473
-1015
-3152
-4224
-7913
-9022
-10370
-11748
-13595
-15174
-16782
-18081
-17168
-16732
-19486
-20954
-19214
-23259
-21121
-14736
-12579
-12259
-20295
-14401
-6009
-6799
4052
261
747
4538
-414
6955
4983
6549
10199
10129
12939
18244
11694
7887
8140
6717
14448
16237
10586
4917
6760
7814
5703
5655
9479
8748
7779
6537
3727
295
-84
-1929
-3453
-3520
-8060
-8437
-8856
-8418
-9298
-8283
-11601
-13262
-12810
-16502
-16306
-18522
-19787
-20086
-20809
-22742
-19799
-15691
-21027
-15308
-8296
-9977
-7315
-2432
-1482
-801
5837
7035
6126
6555
12566
14326
13419
14573
13807
12593
10557
12014
8959
9828
10602
9338
10993
5803
7023
4861
3127
-1053
-2308
1278
-232
-880
-3256
-3352
-2432
-4928
-6987
-11515
-11790
-11801
-13557
-13772
-16416
-17916
-13087
-14055
-17933
-19778
-21250
-19766
-19078
-19738
-20220
-14392
-11009
-17673
-10852
-3025
-4765
-2219
-527
-220
7842
8493
6503
6587
6128
11049
14223
12400
15620
15223
10413
14191
15254
12861
10101
10327
7898
5864
5554
3707
3369
2694
3073
5388
4842
4040
2187
-1071
-818
-4390
-5963
-6456
-9793
-10729
-12067
-10429
-10990
-13142
-12425
-14981
-14410
-14635
-17399
-15371
-15753
-17410
-18139
-15441
-15210
-16068
-13521
-6284
-8602
-5850
-4316
-3729
2078
4427
4587
3269
2937
6474
6653
10165
7472
4154
7149
10541
7802
10067
10104
7658
6758
2901
4195
248
-494
414
-2588
1999
1036
-397
-3108
-6451
-2570
-3617
-5654
-8818
-6933
-4296
-4413
-6655
-6706
-6515
-6794
-9040
-9344
-6669
-8487
-12625
-12104
-9963
-13737
-12042
-5492
-11259
-13841
-5911
-5148
-2746
-809
-3670
-3670
-1169
-597
2029
2841
662
1792
-2299
4263
7858
5151
7749
6655
2785
737
4765
4865
1350
3230
4171
364
2534
2571
2952
3963
2995
3723
3453
2356
956
2075
-1065
-333
-1664
-2468
-3088
-6171
-4299
-6125
-9288
-10302
-12191
-10830
-13119
-14121
-12537
-13477
-12992
-11458
-8012
-16234
-12761
-6083
-7506
-3421
-682
-2342
-6424
650
1074
-1549
-2189
-7508
-1465
-1589
-3621
-1014
6385
4775
1848
-1783
1372
5703
4728
2028
-857
7694
9258
5679
6754
6510
7520
6713
6601
5930
6928
5352
2629
3629
2518
851
720
-1646
-1819
-3641
-4283
-10042
-11927
-10183
-10630
-11943
-14578
-12418
-10810
-14753
-12072
-9648
-17212
-6564
-5782
-6094
942
-2071
-1406
-2450
1531
2655
805
814
1629
720
2954
2003
257
1050
4414
2117
117
-424
-1988
872
2085
6352
5264
4839
6430
4398
5973
5201
2440
3188
-37
-1523
-330
-2222
-1639
-1512
-1275
-1129
-4244
-4652
-7015
-10004
-9768
-9440
-10436
-11126
-14504
-17135
-14319
-13217
-13583
-13115
-13674
-15120
-8460
-10959
-10850
-5304
914
1935
-2099
701
-838
3549
8765
7776
5423
3837
5434
6032
8415
10559
7525
6510
9007
7882
2524
1187
3152
517
-2554
531
159
-1757
711
-2491
-669
2048
-968
-1986
-3645
-2376
-1178
-3388
-3716
-7372
-5810
-6511
-10211
-8298
-11237
-11330
-12617
-14676
-14293
-11769
-10202
-11405
-7102
-9402
-11038
-421
-3918
-1208
6328
5491
4676
2478
5238
5765
9308
9212
8575
8410
7459
5340
5318
5343
3611
3880
1118
1836
222
-1798
-2526
-4996
-5322
-7120
-6746
-7634
-8274
-10918
-11051
-6171
-7124
-9209
-11888
-8860
-7144
-7236
-9233
-13290
-11993
-8632
-5521
-9717
-11462
-14576
-8474
-4490
-7946
-14484
-10824
-4199
-8753
-3519
32
779
5902
5104
6090
3708
6323
3061
1826
6180
5179
7503
8889
8712
9456
7900
12599
10257
5973
4873
3921
4010
1086
715
-637
-1361
-4203
-3990
-3815
-6082
-6886
-10742
-11748
-9892
-10574
-8904
-7495
-8934
-11070
-6021
-7608
-9452
-9674
-9188
-5254
-6927
-6363
-9551
-10982
-9021
-10856
-10831
-10218
-6313
-6058
-748
-4241
-9165
-1044
-340
108
1953
381
3796
2640
1636
6424
9602
11721
8994
7846
8475
5444
5262
4750
1301
1470
-985
-1307
-409
-613
-3125
-6921
-6877
-4309
-6995
-10712
-8028
-6494
-5734
-1482
-2839
-8471
-9416
-13101
-7331
-3600
-5661
-6749
-6328
-6239
-10388
-7204
-7769
-7357
-3586
-8045
-5892
-4254
-6361
-7700
-5013
-5017
-11180
-2347
-906
-116
5978
5761
4896
4678
6342
7679
9962
10869
9778
6646
8707
9332
7715
5417
3567
4093
6190
3133
1462
2320
796
2422
194
-1379
-3973
-4304
-4397
-4999
-6484
-6258
-6940
-6717
-7033
-8530
-7000
-7981
-8180
-11563
-11764
-13897
-15646
-13480
-13123
-14088
-13315
-13061
-13112
-11904
-13700
-11274
-2423
-7727
-12355
-5740
-5883
-793
2647
3233
767
1319
6420
4238
6427
8355
8324
6395
3032
7240
8331
10301
13944
3662
4463
2288
2272
11004
8739
3350
-750
2595
3198
-1637
-162
4371
2670
2029
-1580
-4080
-8159
-7809
-6595
-10666
-9351
-11932
-13921
-12709
-13459
-12062
-12917
-15927
-17479
-17755
-16886
-19219
-16215
-14320
-10902
-13197
-17203
-10145
-6317
-4000
10
119
-335
3803
4846
10028
12643
11814
13558
11076
10980
12126
10735
9754
10706
10612
8039
6964
8500
7109
5455
5559
4301
516
-651
374
-2725
-3810
-1721
-5512
-7546
-8035
-6762
-8734
-8902
-9830
-10993
-11886
-12106
-14444
-14701
-16555
-17553
-18819
-18253
-18782
-17444
-19512
-21979
-18607
-15310
-15283
-23434
-15707
-6076
-8923
562
-2101
-3449
7419
11787
9875
10892
9554
9026
16054
15668
10689
11185
13874
10506
10972
13834
12819
10968
11399
14372
12591
8464
7898
3700
1368
1362
-1332
-4149
-4002
-2481
-1667
-1272
-2887
-6353
-6399
-6774
-10097
-10125
-13272
-13372
-14570
-15552
-16916
-15181
-16371
-18847
-14760
-18802
-16123
-14305
-14187
-18813
-13126
-11088
-10316
-3637
-8627
-1203
1641
4399
7670
2570
4843
13641
14412
14295
11862
9197
10008
8284
9418
8859
4454
4678
4200
5373
2497
2215
3134
677
2514
251
-4051
-2562
-7082
-8943
-4528
-6020
-9536
-12972
-11593
-10442
-9523
-11929
-13738
-11614
-13462
-12775
-7840
-8213
-12752
-15157
-18575
-11023
-7843
-10617
-11222
-16094
-12991
-10924
-6852
-1247
4647
3835
509
1598
810
2691
5119
7197
6954
4695
627
4599
9072
8714
9195
9731
10596
8235
6932
6536
5549
4087
3758
2834
1046
259
-808
1346
-2850
-1388
-4235
-5721
-3290
-7193
-4653
-4215
-4783
-4931
-6086
-6152
-7073
-9139
-9169
-9765
-10043
-10417
-11207
-12779
-11079
-9961
-8385
-14236
-12998
-5432
-9991
-3329
-1556
-1998
212
-766
-280
-930
2679
3982
1124
1813
3685
4353
3548
2074
70
1216
3037
4177
4608
850
-856
-632
481
2666
2976
-448
3182
1853
-59
4248
-1291
-2753
-437
-2681
1106
1169
-2121
-4685
-3443
-2189
-3455
-4107
-3973
-8467
-7911
-9802
-12817
-13949
-14509
-11983
-8766
-10302
-12385
-4973
-5952
-3632
-1003
-1717
1003
-1601
60
2536
3156
4380
2995
3472
2065
360
1021
-2066
-958
-1318
254
2490
-124
-966
2269
4766
1106
2635
3758
1924
1537
2332
2106
-1140
-37
1714
-418
-2725
-371
352
1876
-1208
-4713
-4007
-3423
-7897
-9044
-8019
-10973
-10525
-10508
-12946
-14939
-14722
-14676
-7648
-16337
-16929
-7953
-12639
-5635
-2166
-5395
-4571
-1510
-256
-128
-1014
-2200
78
3021
1235
-275
306
1908
3519
2414
-514
-3754
1852
1005
-155
7505
3747
2
412
3740
7275
2576
3484
7549
4385
2577
727
-831
-2359
-2172
-1911
-3863
-1843
-1951
-3070
-3376
-2726
-5715
-6689
-9136
-10094
-12575
-11554
-15072
-9825
-10722
-18767
-5712
-11234
-5306
-1705
-3200
323
-871
2941
2745
2752
4566
4754
4532
5478
4202
7310
4666
5628
4363
2729
3868
1917
-219
-2059
-1888
-6032
-4663
-5910
-7216
-2255
-4166
-9512
-3328
530
-3415
-4755
-6111
-5407
-6174
-6523
-6694
-6226
-5126
-5828
-5712
-6617
-9153
-10093
-10429
-10348
-13063
-13075
-12457
-13706
-5056
-16464
-11255
3335
-3363
1626
5449
3177
2950
4125
6819
10635
12702
14027
9331
8599
9993
9499
8981
7394
4511
-166
1894
2487
-694
-832
208
-814
-3191
-3810
-4079
-5910
-9268
-8667
-7754
-8577
-4275
-6431
-9617
-4703
-3159
-6938
-7807
-6376
-6885
-6517
-9375
-6585
-6222
-7698
-7317
-10232
-6993
-9685
-8939
-10590
-5004
-6980
-9643
-1938
-4308
4084
4490
7661
6386
4416
6967
5138
6308
3398
5090
3503
5068
5665
5440
4842
3718
3150
1108
483
-2859
-3919
-2854
-3136
-5873
-4928
-6357
-8246
-9256
-7513
-10275
-11753
-7563
-11814
-14921
-14065
-10267
-5874
-7293
-8238
-4916
-3510
-8114
-6163
-2709
-6491
-5534
-5693
-7642
-8410
-6383
-4366
-751
-1827
-2942
-411
3450
3846
1840
4539
35
1930
2567
4766
7210
9201
10596
12554
9481
9214
7316
5130
2790
692
276
-1484
-958
-196
-2985
-325
-507
-5431
-4599
-6913
-8382
-5870
-7725
-7556
-7197
-10501
-10163
-8226
-9466
-13179
-11298
-12203
-9162
-4923
-8587
-10189
-12028
-8059
-4247
-7317
-8547
-8758
-11514
-12489
-7956
-5859
-9130
-5336
-93
1189
6043
5504
5629
6801
4596
5102
4372
4573
6048
6935
3910
2729
6547
2623
2513
2790
-8
-3418
-3794
-650
276
1615
337
-3355
-4274
-3551
-2091
-3463
-3147
-3791
-7565
-6894
-2371
-3282
-5004
-1918
-5094
-5737
-6550
-7985
-10067
-12406
-11576
-8261
-8902
-12145
-15452
-8888
-6741
-8292
-5316
-5175
-5869
-5872
1564
-839
1429
4291
2956
5738
2218
4565
6899
7223
11177
6611
6496
7373
6701
9215
5605
4301
4775
5924
4525
3958
4313
3534
696
568
1476
-1228
-147
425
-2255
-1316
-1458
-3930
-3672
-4516
-6136
-5737
-7939
-9189
-8639
-10114
-12124
-11476
-12174
-12736
-15731
-16120
-13437
-11730
-14256
-19897
-14060
-8936
-8081
-10848
-11985
-3804
-4399
-1930
-1308
-4128
-4434
-362
786
144
6298
10291
17662
11543
8309
5074
1929
15807
16413
7182
4951
11286
10801
4371
8420
11925
6396
7137
7123
219
-1329
1290
211
-980
262
-2928
-3741
-1462
-2410
-5588
-6697
-9260
-10921
-10475
-11322
-13110
-13275
-15326
-16050
-16276
-18832
-19080
-17671
-11450
-11936
-12733
-18699
-10888
-644
-4307
124
3615
3077
3595
7611
2893
8378
12120
10838
12223
11668
13129
11192
11798
14130
13685
10136
8544
6797
5165
3122
2807
605
-121
3169
1250
-1096
-658
-1739
-2490
-1085
-3624
-6838
-8045
-9347
-8669
-11987
-15591
-17495
-14759
-10818
-14241
-16873
-20198
-19594
-17804
-22679
-21285
-22251
-19791
-18581
-12371
-13535
-13253
-1547
-5562
-10075
-3190
4922
7531
6094
2157
4053
9249
12236
13121
13564
16574
11914
14944
19479
18483
13799
10041
10166
7244
3879
3369
1487
2400
4994
4435
5120
3079
1732
2738
-2430
-3217
-3193
-4788
-7097
-6785
-7562
-8093
-8481
-7870
-9360
-10901
-12930
-15361
-13178
-19273
-16248
-16220
-18615
-18177
-18207
-17986
-16247
-13986
-16942
-8506
-5316
-5045
-1456
8180
5489
-2449
3854
5972
8945
8538
8710
10204
8578
12188
13644
10068
9277
9188
7366
5951
6108
2778
2583
2982
-375
3144
2989
-2674
-3149
-3225
137
381
-5076
-6398
-2968
-4726
-4722
-4251
-3549
203
-7317
-9655
-8862
-8333
-4918
-7984
-13353
-12616
-12384
-16215
-15660
-8205
-8526
-9117
-14774
-7542
-4983
-12136
-1732
-5160
-4919
-4444
-3811
303
5109
1571
6303
14131
11095
11808
10187
9185
5984
7199
5696
4139
5676
3447
3113
4018
3016
3384
2618
1199
-487
168
1944
3094
3969
1845
1767
322
-978
-3970
-3637
-2946
-6000
-8296
-7280
-7392
-7374
-5906
-7867
-9945
-10984
-11557
-15359
-16971
-17068
-13043
-12565
-21210
-14345
-10931
-10410
-5729
-5144
-8485
-10822
-5852
-6898
-5938
-1729
3486
6275
3703
504
1465
5502
5160
7730
3903
4868
7642
10751
11772
8022
7004
4188
7486
6942
7185
9710
7077
4781
2715
5100
4950
2838
3780
4355
4353
1306
-1748
-4509
-6896
-7766
-9853
-13209
-11817
-13480
-13781
-14439
-14130
-13930
-14677
-9257
-17284
-13128
-9136
-7930
-6299
-6151
-4071
-5785
-5027
-4970
-983
-2871
1041
3001
-134
1355
4252
7542
7928
4399
1567
8701
8079
5784
8644
7590
7715
5265
5195
7183
6475
6017
5589
4734
3629
2419
594
69
-452
-767
-3016
-4476
-6023
-5804
-8079
-7525
-8045
-10146
-13519
-14705
-15077
-16855
-17300
-17690
-15644
-13686
-12470
-15192
-11106
-11345
-9465
-3784
-3907
-6732
-4046
2667
-3277
308
2361
133
4675
3917
-44
3284
4120
1304
1052
4674
8052
5963
2500
8536
12891
6887
7270
7054
7138
6589
3106
2559
2172
3367
2216
3032
2292
-48
-803
-2404
-3330
-4679
-5521
-6314
-9106
-11578
-10898
-13645
-13632
-15861
-19628
-17903
-16823
-13146
-8796
-15732
-11195
-5796
-4352
-1378
-3182
10
-1192
-400
-670
3814
5178
5014
7289
3893
4670
4885
-308
-113
628
-2321
-151
286
-970
3939
2283
956
377
2200
6790
3083
2537
1082
-209
-1061
-1473
-1083
-3028
-3069
-3812
-5392
-4757
-3603
-5919
-9974
-11112
-8550
-7471
-11213
-14958
-11980
-10815
-13385
-10765
-9139
-5882
-11828
-15449
-5201
-3480
1324
696
3267
7171
3388
2382
4551
8865
4716
6558
6251
3210
4219
6196
4528
3162
4302
1814
-45
-1758
-2520
-3149
-2432
-1050
3368
480
1197
-3331
-3935
3788
-1316
-1088
-2374
-2189
-4326
-5197
-1673
-2666
-2432
-1279
-2898
-4929
-6131
-6273
-7716
-10153
-11549
-10021
-11175
-11645
-5622
-9874
-6226
-10134
-8368
-6825
-8574
-2569
-2903
673
974
4387
4278
1129
3910
3414
2569
1740
1596
1441
1573
719
-323
-2177
-3842
-4715
-3872
-4699
-4200
-4867
-4250
-6148
-10641
-3826
-877
-587
-3653
-8542
2154
2432
-1875
3492
484
-533
-899
-1800
1978
3580
2381
-205
-1887
-2535
-8623
-12458
-10561
-13292
-11898
-6789
-6875
-12893
-9413
-2558
-3984
151
77
284
2237
1091
2103
895
2179
4446
2942
2586
3621
3179
3032
249
1446
-2363
-4352
182
-1948
4
-1027
-2029
-2080
-3432
-4169
-3930
-5182
-5804
-5654
-7161
598
2008
-1146
-3155
-1321
3787
29
-1116
-2146
-6313
-5406
-6841
-8557
-8717
-9388
-9543
-12164
-12732
-13865
-9675
-6931
-14030
-12421
-6606
-5502
-5693
-1392
-2057
-2996
661
1464
1324
3020
2776
107
293
161
3000
7144
5778
1209
582
-2772
3194
11287
5060
1685
-875
-79
4455
-1662
4591
1559
-4999
1402
-1200
-4561
-5853
-5403
-8772
-4558
331
-7470
-12132
-7143
-2132
-5484
-6060
-6038
-6907
-6086
-8830
-11505
-12402
-13832
-15288
-7778
-9452
-13236
-10295
-2405
-3574
-825
1126
677
758
-2710
4634
5594
5455
3676
6877
7924
10215
11560
9656
7694
6449
6439
4664
8750
9657
8830
4856
3081
1719
133
-2171
-4472
-3162
-2380
-3990
-7063
-7175
-7942
-8571
-9617
-9655
-11090
-13131
-15784
-11771
-8811
-14629
-18096
-17071
-9126
-10714
-12802
-13773
-16390
-18318
-11997
-3699
-15007
-16283
-2069
-4150
72
9072
718
3794
-392
46
16052
14333
8732
8274
9421
8253
9167
13257
10696
10118
12732
6613
4879
5028
5574
6615
4243
2573
-1548
-437
277
660
-133
-1731
-3068
-4376
-5180
-7951
-9853
-9825
-9706
-12141
-12656
-15247
-15075
-14558
-16269
-16554
-11399
-13978
-19928
-19244
-17797
-14493
-16170
-7625
-7913
-18015
-8086
1677
1926
1259
5589
5279
5804
8125
7891
8834
13399
14858
10589
9097
9889
5830
10054
10139
8334
6935
5188
7878
4825
3567
1518
977
-548
-4134
-3648
-5334
-4613
-7228
-7284
-6702
-6792
-10558
-12429
-12394
-9581
-11656
-13844
-12540
-14633
-15096
-14121
-14632
-13662
-10995
-17694
-17996
-14243
-9065
-8909
-19007
-3570
-9462
-11158
-2399
-2803
5600
8934
5444
7760
8384
8896
9771
9399
13077
12187
9890
7693
8598
10700
11481
11727
7886
8803
9180
8752
5997
4323
2725
912
-2066
-3339
-3069
-3005
-2731
-1494
-1385
-4394
-1416
-5685
-3298
-4454
-8876
-7834
-10414
-11175
-14031
-12214
-10183
-12841
-14574
-14556
-16066
-15846
-16338
-16157
-18094
-10414
-2004
-13435
-18578
-6648
-4515
516
2097
2104
4327
2076
1764
4432
8071
6416
9131
9130
9050
9593
6013
7546
9003
5343
4813
3579
-798
4490
-94
-4300
233
3107
2540
1615
-48
-625
805
563
-1711
2172
3511
-455
-4307
-1980
-948
-5446
-4002
-1397
-3669
-9751
-10406
-12657
-14695
-17307
-18707
-19236
-20244
-19235
-16817
-5702
-14209
-9212
589
-7263
-4659
-148
2436
284
1122
1876
-26
5926
9058
9378
11834
9421
10697
9654
9510
11825
7870
11055
9095
7930
8380
7088
1638
935
2494
3765
2564
1689
3431
1427
385
273
2279
428
-311
-3290
-6652
-6219
-9869
-10427
-11740
-15789
-13687
-14979
-17779
-16004
-20113
-20554
-22263
-20378
-22177
-19532
-16118
-19994
-18952
-16159
-16353
-6268
986
-9027
-10762
-3840
3791
2873
1092
10749
11402
13060
16274
11460
9888
7599
8309
12774
12225
9896
7443
6444
6789
9566
11383
10042
7779
9003
6025
2348
2489
83
-6
166
-2323
-4680
-4713
-2991
-3803
-6168
-6868
-8317
-9573
-12036
-14632
-16545
-15551
-16913
-18516
-19840
-20278
-20598
-17780
-15650
-18382
-17529
-13539
-12476
-10677
-6377
-7118
-653
3021
4992
2841
3188
