-9394
-9546
-4678
-2509
231
3687
2212
4226
9012
11739
11439
13659
14276
12629
14798
16505
15675
16142
15429
15108
14545
14137
10164
8977
9891
9205
9734
6189
6929
6205
3450
1638
1385
1708
5148
4317
2297
2522
-75
1226
-513
-787
-3034
-3161
-3949
-4673
-1710
-3638
-2848
-3601
-4921
-3891
-3734
-3932
-4417
-5625
-6177
-6320
-9194
-8618
-9312
-9742
-9758
-9919
-8608
-4938
-3695
-6946
-1366
-602
-1823
-738
-980
1279
4571
3586
3811
5761
4635
5692
4982
3561
4772
5469
3248
1521
892
28
-1541
-864
-3759
-2382
-3420
-2300
1979
-146
4180
10929
5217
6827
7521
7816
8343
9839
9465
6451
5478
4547
4085
2663
393
1224
635
897
-1383
-2513
-4110
-5087
-5966
-7522
-8490
-11299
-8176
-9553
-9760
-8874
-6829
-7472
-9261
-6677
-5344
-4207
-2353
1987
1614
5308
5127
7337
7028
7360
7487
8319
9108
9938
12251
11580
13028
12502
11840
11343
11046
9782
5917
4190
4655
4627
3763
5291
2304
4001
156
-1521
-1803
-3166
-1930
-3757
-2769
-4159
-5857
-7965
-8093
-11288
-12529
-11104
-13662
-13677
-14531
-15094
-15628
-16570
-17227
-15368
-17262
-14247
-16880
-13396
-16690
-8273
-8692
-8111
-702
3158
6352
7952
14712
15629
17174
18607
19032
20031
19282
19519
20976
19425
18101
17027
16570
11155
10667
8342
6663
7047
6338
6142
3735
3960
2039
2611
1392
97
-373
-1945
240
-1949
-1565
-2101
-4696
-7215
-4104
-4034
-5052
-4309
-4609
-3400
-4511
-2247
-3417
-2475
-2996
-3595
-1927
-2553
-1134
-4052
-2612
-2838
-4016
-3329
-3507
-493
-5421
-2483
2223
228
2345
5929
6047
5697
6543
5863
7496
8056
5735
5024
5992
903
1570
818
-262
-93
581
-2578
-5252
-2769
-6744
-9228
-11096
-7498
-7702
-5071
-1537
479
1937
4219
10718
8184
7749
7428
6509
9013
9162
8800
8064
7873
8773
8997
9779
8131
7922
6132
4251
3591
2138
-23
-253
-2509
-3957
-3540
-5044
-1147
-6140
-3395
184
-813
-1916
-29
987
-67
1767
-99
-1383
-3856
-1347
-2413
994
2103
988
515
1902
2344
1452
3553
3208
4506
1954
3823
5125
7308
5270
4672
3259
1566
4190
3405
5023
1777
1432
1362
1860
1579
1312
-53
-2047
-999
-2456
-1091
-4173
-6538
-7510
-9516
-11234
-12910
-15332
-12652
-14868
-15882
-15858
-13823
-14797
-15851
-14677
-20546
-12551
-11428
-8119
-1285
385
6766
8493
8084
11500
13910
12608
13844
14947
14983
13882
13189
13948
14240
13812
11886
12873
11190
15500
11571
8090
12484
11360
5107
4840
7812
363
5472
4671
-1688
2771
1842
1632
-513
-1359
-4772
-4983
-8018
-6491
-5506
-9409
-6746
-11084
-14482
-13077
-11068
-14113
-12812
-10839
-9787
-10467
-4713
-3588
-3101
-283
619
-3937
827
4963
3719
4449
7687
2040
7616
10123
9370
10976
10921
6878
4992
5631
5814
5403
3868
2943
3580
2271
2277
-1424
-1135
-1728
-3682
-4227
-5756
-7131
-10378
-9710
-8538
-9621
-11972
-8646
-7316
-5975
-2322
-1392
4932
4117
4876
6535
5998
7966
8529
9386
7069
5594
6432
7742
5800
3619
4632
2952
1489
1889
1933
-529
3026
958
-2831
4601
4190
2589
3678
4180
3774
4697
5275
5882
5967
5828
5702
3404
3085
718
-549
-596
242
1515
2374
1510
2405
2215
2012
4766
2544
3286
5331
6898
7272
7096
7100
6837
7291
5951
6850
6582
5142
4345
4366
3785
3085
1483
-942
-1722
-4047
-4936
-7043
-3414
-10326
-11823
-11622
-14530
-9667
-15845
-16053
-16858
-14038
-12277
-14589
-14155
-9796
-10919
-15103
-14231
-12473
-8782
-7703
-1307
-2733
2190
8147
3565
8327
13706
15602
13855
12600
13324
15249
14189
15067
15911
13727
15745
15073
12347
13041
12159
10585
9642
8226
7562
7723
7147
5631
3457
2989
2114
511
-1164
-4420
-4865
-7487
-3623
-3902
-6177
-8132
-13281
-14869
-17562
-16343
-18518
-19308
-19291
-16164
-17523
-13105
-11211
-10069
-6849
-8862
-1922
-1689
1343
3262
3794
5816
7265
7777
8691
9667
8908
9982
9618
8756
7446
8389
6576
8023
8079
6766
6412
5212
5029
3872
4032
3195
3307
1264
-123
-25
-1037
-4126
-6057
-5932
-9685
-8807
-10006
-9900
-11106
-10035
-10298
-5541
-1066
-7240
-627
-3006
-1647
227
-1878
-2180
-1759
356
-2649
-1985
-2757
-2354
-2090
-1770
-119
-1281
-4095
4278
6797
1606
7347
5575
4631
9116
7743
8925
9439
8544
9161
8497
8500
8434
5778
5447
3647
2063
1471
298
981
832
843
30
150
-996
320
-233
2304
1300
1058
3636
-1321
2149
430
-1784
-1464
-20
-852
-2187
-1537
-4472
-4632
-873
-293
-2117
-3024
-2194
-2968
-4660
-4876
-5744
-6201
-6602
-9319
-8438
-8405
-8813
-5554
-14008
-13422
-6304
-8325
-6800
-5565
-4024
-4248
-4535
-1129
-574
1629
4521
6501
9282
10432
8942
11886
12766
9240
12803
12453
11374
13258
10915
13591
14272
14447
13905
12406
11763
11896
12042
11045
10069
8611
9041
7644
7716
4342
3590
3520
806
273
-1440
-812
-3594
-2893
-4395
-5061
-6094
-9391
-9719
-10949
-9504
-12148
-12696
-13648
-12711
-12497
-9005
-8201
-9526
-1436
-2645
-2420
2585
2584
595
6267
4713
3472
9803
6353
5989
6228
8547
8501
8578
9914
7853
8912
7953
8273
5807
5048
5880
4175
4241
3562
3058
353
516
-741
-2966
-2641
-6717
-7427
-9208
-12545
-12316
-12548
-12713
-10949
-10402
-9426
-7888
-6960
-409
-321
-226
318
-1052
-935
-2278
800
-1152
-1464
-1058
-2943
-1590
547
4116
288
250
8081
6892
6382
7791
6845
7447
8171
13508
11390
11533
12532
12747
13469
13292
13089
12332
12247
9342
9118
6485
5772
5117
-2533
4243
2317
2829
1446
1990
-3968
-4250
-3969
-4592
-3526
-3763
-3862
-3897
-4102
-4874
-6844
-7326
-4174
-6240
-6889
-6946
-8730
-8894
-6466
-8271
-8927
-7983
-8708
-8760
-8171
-8316
-9268
-9792
-8877
-11386
-9723
-7557
-7896
-903
-1425
-658
511
-4873
-4048
-691
-3693
-3277
-2574
-11
3083
4107
8424
11547
14288
13848
14967
14064
13636
12158
11921
12088
10149
9771
7978
6058
4980
8127
4904
7183
5781
3899
7306
5173
3451
4136
4779
3715
4233
2497
2919
4220
1783
378
-69
-1320
-814
-1789
-4365
-4890
-6933
-8094
-10160
-12158
-11166
-13251
-10092
-11030
-8162
-8215
-8577
-2195
-3018
468
1443
3519
2371
8463
8279
7930
1973
1578
4026
2759
3915
3167
6116
3742
3991
4470
1751
1175
598
1653
2121
3823
4920
2971
3462
2617
-1226
390
-1775
-4817
-5693
-6561
-6884
-7693
-9261
-9498
-9305
-9893
-8110
-6619
-5355
-3919
-1862
2150
4732
3231
1117
3441
3145
1098
484
-392
-2016
-4175
-3790
-951
-1806
-4753
1396
494
561
5220
4181
4655
4567
3031
4049
7262
5237
5859
7154
7895
10450
9449
8876
7832
8148
6262
3934
4873
4065
3633
3020
1375
1283
2706
113
678
990
70
1574
1079
2978
2425
2388
3688
4072
3591
1692
1885
-92
-1287
-4335
-6522
-6192
-6500
-7671
-10359
-10913
-13614
-10980
-11633
-11450
-10884
-12100
-10622
-10865
-9329
-10342
-6482
-2854
-5511
-2391
-594
-3481
-1929
-3818
-3387
-2855
-3552
-3594
-2275
829
1248
4280
6355
10201
11854
12905
14654
12436
12084
12282
12927
12427
11178
12567
13706
14174
12832
11292
9900
9809
8296
7765
5860
1505
-478
-4311
-2980
-4933
-519
1077
-715
-8475
-10097
-10384
-8638
-7916
-9088
-7752
-9875
-9573
-9772
-11587
-12576
-13322
-9491
-8628
-7897
-1892
1097
-64
4636
484
5499
1565
2984
4552
5304
5695
4831
5021
5489
10406
10377
5340
11445
9135
3991
5302
1181
5594
-477
555
-2456
-1881
-2587
-1296
-2135
-2740
-2557
-2835
-4508
-5951
-6507
-6103
-6558
-6384
-7240
-8687
-7126
-9550
-9355
-7098
-8090
-5029
-4095
-3331
-2564
1915
3681
505
2478
1335
2353
2146
4313
5020
4523
-225
2956
7835
6342
7858
7133
7470
6257
6669
5023
5348
6045
5125
5410
3686
2688
3389
1154
809
4048
4177
3148
1166
-105
3417
4761
1839
1662
1933
2026
3686
2492
2373
2193
2099
4127
2701
4063
3580
3432
2588
2356
1705
204
363
-1791
-726
-2467
-2732
-4878
-6886
-8034
-9589
-10450
-11252
-10441
-12228
-11926
-12309
-9533
-9035
-13459
-6958
-6122
-8943
-2665
-4426
-2482
-1456
-3190
-2015
-3877
-6486
-5109
-3980
-4166
-1969
-1410
-273
248
2683
3212
4295
5466
10138
11432
10587
12530
12093
12378
14339
13502
12241
10327
9252
8876
7396
8240
5800
5924
5138
6015
3591
2037
1049
-511
-2064
-3987
-3591
-4547
-5332
-8268
-9218
-13412
-12419
-14281
-17252
-15060
-14726
-14771
-11595
-10378
-12579
-6137
-4451
-2089
739
1681
4553
4507
5258
4603
5789
7634
7351
9862
9316
7321
8560
9281
10412
9484
9824
9483
9681
9326
8810
8552
8304
6608
5719
6670
4601
4550
3008
2444
1978
313
-712
-1847
-3281
-5456
-9266
-8777
-9563
-12509
-11984
-12920
-13684
-14949
-16865
-16324
-13641
-11740
-10410
-7549
-6732
-4165
-1653
-3661
-1844
-904
2805
1870
4929
11030
7529
8855
10835
10911
12070
13218
14517
13843
13559
14633
14726
14253
11409
11139
9226
8060
6771
5786
4302
2795
2602
6557
5065
3878
659
209
2207
-3736
-458
-3307
-5092
-2271
-3444
-2434
-3771
-1558
-1399
-758
-290
234
693
641
682
1098
1073
510
-278
-2126
-1499
-6366
-7892
-8407
-10196
-8876
-7118
-6570
-6412
-8217
-4398
-8011
-2684
3696
-1435
1896
3308
2496
2968
4489
2764
2152
2425
892
1508
-116
498
-370
-2909
-413
-2407
-3176
1605
820
2041
6349
8232
13820
12598
12494
15781
14794
15293
14390
14774
14065
12826
12763
11671
10295
9595
9600
8456
6172
5956
5509
4418
3282
1752
1529
-1545
-1982
-4165
-5176
-5908
-7584
-7825
-10776
-9302
-11192
-8494
-7002
-10225
-12359
-6244
-2449
-6595
675
-809
-1705
993
1270
1134
3109
6288
6073
6756
7827
8751
13359
14735
11427
13043
13727
11745
11473
9646
9731
8460
9314
3739
4333
2935
3244
4480
2928
729
-2611
-3843
-4153
-3699
-2311
-3448
-4040
-4606
-6621
-8201
-9940
-13634
-11799
-12719
-16157
-15628
-17999
-18513
-15533
-14815
-12294
-11993
-8009
-2854
-1688
1238
3263
798
7729
12296
9636
12955
12986
16420
19723
15427
16962
16138
17432
14974
14998
16039
15435
15528
12594
13251
12571
12212
12130
10334
8675
8492
7773
4733
3137
2138
-977
-1809
-3312
-6017
-6089
-8163
-8025
-10398
-12384
-9967
-11852
-9073
-6846
-6887
-5980
-3595
-3792
-4731
-3933
-6631
-5312
-5381
-6329
-6616
-5357
-4053
-3704
-3644
-4993
-3236
-276
-2271
-5127
1985
3006
2846
5424
6076
7492
5834
6364
6247
5110
2855
3371
2863
1143
1796
1358
673
-1040
-1159
-2383
-4659
-4846
-6219
-2736
-5093
-1574
-107
1702
6959
3401
9377
8245
6824
8449
8772
9266
9353
8736
8299
7930
6188
7834
6562
6832
5922
4678
3501
3554
4079
2530
1701
-568
-1126
-1269
-1753
-3115
-4065
-3253
263
-4488
-4404
1941
-1339
2151
2482
658
2038
2604
2126
2169
3302
2357
2782
2383
4189
5339
5604
3798
6748
5664
1285
934
838
4786
2647
2076
2716
1367
1986
7536
7105
4645
5641
5499
4779
4415
3136
3293
2055
3297
1242
490
-269
-2350
-2505
-7729
-8918
-11310
-11533
-13527
-13958
-14525
-16033
-17621
-17544
-17245
-14555
-10788
-6831
-7914
-9481
-956
4312
6700
5243
1855
6521
12111
8795
9107
12109
12080
16361
16202
16043
17308
16753
17756
15909
15900
13829
13266
13469
12027
10808
7987
8233
6115
7437
6269
4937
4462
3837
768
177
-1092
-4257
-4195
-7073
-7160
-9123
-6033
-7811
-10428
-11391
-12611
-12392
-12788
-13185
-12909
-12361
-13313
-7156
-8743
-9849
-7853
-4186
-9037
-4150
-3527
-6975
4281
4274
4790
6093
2348
4979
5588
7324
5530
7122
6450
5602
5659
3418
2900
7604
8468
1865
941
-422
-1
-399
-2265
-3497
-3318
-4868
-7432
-6524
-9554
-7484
-5994
-6696
-5717
-1847
3727
2160
2423
2124
3225
4901
4546
3245
914
2730
3335
1478
588
334
1296
3731
2914
742
-81
133
-1499
-1353
-3112
-1646
-3812
-3857
5067
2805
3376
6481
6118
6972
6784
5709
6536
7196
6613
4834
3132
3154
3518
384
-183
-666
2829
4308
3192
4129
3885
3658
3866
1959
1566
5250
3195
1199
2131
-411
367
-907
-4270
-3108
-4416
-322
66
2361
1436
1442
1723
2181
536
-5147
-5616
-7131
-6709
-6860
-6028
-6445
-7370
-8162
-10059
-10347
-12333
-8506
-10899
-14717
-6202
-7432
-8815
-1553
-1326
-1558
2666
4467
8631
10940
10757
10617
13134
11900
12334
15028
14336
13342
11866
15312
9345
12837
14529
10744
11822
12764
14905
12337
12484
9700
8694
7818
6628
4437
3835
4066
3827
2435
1700
2919
250
1288
-803
-3100
-4240
-5980
-6313
-8313
-9085
-10442
-10433
-10802
-10414
-10131
-9166
-8643
-9090
-6342
-10276
-10973
-4482
-6689
-5586
-120
-1377
-136
-457
1749
690
6154
11144
6076
6106
8881
10136
9407
8130
9145
9008
10049
4066
4144
3673
3700
2893
933
909
-744
-982
-2169
852
-1220
-3389
-3960
-3337
-9766
-8118
-5688
-5249
-2890
-495
1977
1262
2883
1385
-1447
-1262
-2191
-2222
-2864
-5276
-6838
-8692
-7096
-5258
-6828
-6932
-5403
-2024
-6084
-366
3995
4298
8165
7166
8641
10161
9684
10853
11830
10595
11780
11821
11361
9678
9375
9224
7445
7068
6043
3847
4063
4442
3363
2652
2794
2620
2072
2577
2188
2000
603
-230
274
-1661
-572
-2404
-4294
-4432
-5992
-6434
-9244
-6475
-9421
-7727
-9437
-12022
-7420
-11292
-11970
-11777
-10214
-11536
-10807
-10993
-8848
-10259
-8557
-5844
-13348
-5519
-3182
-4816
-1757
-1877
-1976
-2892
-3376
-2819
792
2791
4139
6030
6754
8623
13900
12600
13245
15099
12957
14376
15056
16536
14093
13540
12948
13214
12514
10231
8093
7380
7720
6139
5461
1815
3741
1452
-1059
-414
111
54
-2112
-3067
-3385
-2821
-4522
-5698
-7058
-8219
-8725
-10690
-12757
-13099
-14051
-15583
-10029
-8678
-8082
-10033
-11475
-10335
-2171
-1686
853
5081
5678
7896
8394
8977
7929
8577
8488
9251
10035
9139
8673
7133
8869
6346
7423
7294
6231
2375
6518
8591
353
2630
1085
1057
275
553
-51
-1228
-1393
-3567
-2461
-3923
-5915
-7273
-8106
-9077
-11130
-12864
-14185
-11557
-7268
-4046
-1579
-2742
2471
1103
503
1858
1116
1045
24
2912
3765
1313
4808
-1025
3805
9003
6745
8041
8241
10067
7983
11975
7294
4907
4371
9227
7018
4208
10475
10761
10035
10368
10924
3137
4503
5112
4802
5004
3367
3852
4079
2714
2980
3025
2496
682
1724
46
1385
180
-33
-779
-828
200
-2942
-1854
-3977
-3564
-5669
-6461
-7566
-6783
-6699
-9415
-7826
-10789
-10874
-11295
-13716
-12219
-9837
-10454
-8902
-7372
-9913
-6526
-3599
-3828
-1711
-727
-4
231
-103
1434
1025
550
1153
380
-711
186
978
3891
5600
7079
8870
11404
15977
13388
14415
14173
13068
14524
15182
14317
12355
12418
10569
9683
8844
7991
6654
6499
4890
4711
2810
-1745
-2955
-3547
-3743
-6256
-9110
-9092
-7705
-8579
-10828
-9487
-8463
-8408
-9100
-9865
-9905
-8684
-7714
-3254
-8808
-9238
-2107
-2981
-983
209
3824
4088
7173
7978
9178
10001
10753
11192
9633
10573
9737
11510
9468
8849
6151
5377
4715
1709
5761
4537
4233
3091
-2420
-4328
-4842
-5596
-4089
-4276
-8063
-5838
-3280
-5435
-7209
-4356
-6189
-7371
-7374
-10035
-8712
-8896
-10110
-11182
-10532
-12373
-11701
-9700
-9322
-8069
-6583
2030
722
2100
-2336
-88
3952
1322
7305
9943
8595
12041
12710
15054
14365
15491
16292
14045
13593
13272
13248
12139
11469
10557
6554
6032
5770
6574
912
1889
5309
737
1694
1425
1653
346
2157
-279
-733
-1977
-1757
294
-1179
855
-660
830
-545
-113
530
693
2624
1825
3361
2049
938
672
122
-2139
-2956
-2921
-6462
-6350
-7379
-7013
-6691
-7973
-5663
-7757
-7382
-3621
-2693
-2785
-2143
-2047
-1473
517
-2922
-2122
2399
-894
-903
-1280
-3504
-3781
-307
306
-1431
-1584
-735
-160
3902
5043
5754
4698
10614
14421
12557
13329
12576
12761
11689
13665
14428
14320
12813
11847
11954
10755
9825
9584
9742
7040
5189
4469
2630
899
-1551
-2815
-3562
-5528
-5994
-9624
-8362
-8200
-10056
-10224
-12760
-9389
-15667
-12031
-3219
-4740
-3605
-2355
-3479
-2358
-651
465
1408
3033
4524
5939
6038
7680
8646
9583
10711
10070
9602
8685
8603
8021
8076
7945
6811
7131
6244
6233
6006
4637
3005
2525
1634
210
154
-577
-1673
-3246
-3182
-4876
-5860
-7430
-8810
-8712
-10071
-10498
-12608
-12045
-14660
-14870
-14886
-15009
-14322
-15512
-11540
-9621
-7005
-903
2967
427
5569
8602
9564
13303
11987
14895
16920
17111
17419
17561
18697
17387
17144
17360
15711
15354
14628
14241
13810
11629
10620
10009
8368
5895
5474
4229
4150
2784
668
1964
-628
7
-3762
-2878
-4232
-7194
-4388
-6667
-4988
-4080
-3165
-3850
-3350
-2946
-2118
-2428
-2299
-887
-1015
-234
-1512
-2143
-3427
-3140
-4185
-4067
-2287
-2459
-851
-3055
-3806
219
1280
3000
3098
3150
4505
4819
3410
1477
-242
5324
5579
3594
3386
2265
1338
-697
750
132
-122
-524
-3292
-3218
-3268
-4187
-2919
-180
-459
4094
4433
7773
13476
9966
6590
9362
9870
11183
10577
11423
10192
7601
7069
10111
8989
8376
7572
7131
4434
3169
-3821
-5022
-4482
-6126
-6553
-7717
-8492
-7778
-6684
-7533
-12195
-6269
-2661
-6470
-2099
-1247
-6844
-1751
-1296
-1836
1428
154
2550
3178
3330
1900
4146
5553
6858
8045
8602
9410
10824
11529
9693
9622
8658
9953
8613
7764
7634
5739
6539
5023
3754
2272
1993
1833
-849
-814
-2507
-3990
-4993
-6891
-7974
-7679
-9296
-9772
-10573
-12195
-14580
-16669
-18353
-19500
-22392
-19484
-17550
-19843
-14960
-12988
-15093
-14072
-5910
-1865
-4949
4601
8800
7302
11495
13993
11752
12656
14718
16928
17476
18624
18082
18591
17480
17303
17073
15583
14611
14378
11986
12122
9345
7498
7229
4863
5443
3177
2814
3567
2068
-227
-122
-1286
-1704
-3427
-3771
-5537
-6599
-7747
-9461
-8922
-10684
-8648
-11482
-12113
-10427
-11020
-10309
-8839
-7957
-8897
-6086
-7330
-4129
-2924
-287
88
-5239
2140
2189
3850
5818
6142
6600
7048
7921
8015
11009
10262
10711
8831
8446
8834
8421
7646
7558
6342
4513
2924
873
111
-3139
-3495
-5786
-6369
-8199
-10805
-12140
-13145
-8859
-11558
-3810
-2210
-3516
1313
-2889
1509
2942
1898
1153
3169
4466
2796
2125
792
1656
6109
5416
5223
5141
3332
1819
-3902
-4520
-3293
-563
-2
-644
-5116
-2957
3248
2050
2962
2681
1749
6947
6171
6924
5333
5073
312
140
1809
953
2973
33
916
3700
1260
4716
4544
595
4318
6504
3991
6159
5881
5799
5364
6066
5792
5563
5751
4784
4648
3424
3446
2661
1910
505
624
766
567
-470
-1093
-2621
-4398
-5562
-8548
-9802
-12344
-13625
-15480
-12060
-12760
-14113
-12185
-10509
-9676
-14624
-12015
-7841
-9266
-4064
-4813
-1048
5457
8633
9932
9687
12692
16363
16109
15841
18927
17642
18195
18073
18400
18638
16867
17180
11785
11149
15076
15116
13537
12519
11564
9925
10018
8203
1598
1622
449
-329
-171
-1361
-1393
-3871
-3983
-4524
-7133
-6940
-10565
-11395
-12404
-10665
-11784
-12054
-12956
-13405
-11984
-14102
-11501
-12205
-8880
-10835
-9487
-3557
-5338
-8002
-2691
663
635
3781
3412
5122
5454
7573
8003
10643
12051
11576
13699
12003
12908
12394
10703
9958
8382
7510
6558
6661
4515
2790
1423
-540
-1659
-4036
-6426
-7087
-9697
-10481
-11273
-14109
-10754
-10569
-7142
-7628
-3682
-1632
-4068
1570
-258
1404
-3137
-3502
7829
4827
4127
5072
3633
-2351
-715
-2728
-1877
-3458
-1924
-1263
63
5826
-5035
2492
2203
2258
4317
4422
4105
5816
7608
6238
8776
6584
7184
5819
5897
5832
5422
5684
4703
3792
2516
1611
687
1149
1661
2605
741
891
-1687
565
1463
740
2606
-2055
-1622
2869
3764
2229
2971
266
323
2224
1538
1943
-131
-755
-117
-295
-643
-1158
-3359
-4291
-5061
-7133
-8561
-9284
-11354
-12613
-12485
-7135
-6067
-10181
-9159
-5315
-6350
-4215
-2780
-8536
-4371
-2028
1142
5009
7898
10666
8599
11138
7978
9716
12276
8920
14192
13464
11029
12617
13903
13839
13557
12465
12347
10513
11031
10820
9579
9606
7963
7396
7134
6979
7011
6534
3507
2097
1
-1800
-4547
-5439
-1846
-3354
-2930
-5581
-5222
-6726
-6845
-8335
-8987
-9795
-10445
-10093
-10763
-7997
-7320
-5021
-13585
-8568
-2967
-6925
-2664
-1659
-820
792
-62
-1046
2345
6296
5408
5522
5731
5299
4682
9903
9162
9037
8780
8360
8389
7206
7619
7577
5736
5860
-1667
-1683
-1885
-4024
-2855
-4592
-5799
-7053
-7489
-8758
-11393
-7393
-7489
-7026
-2129
-1501
1234
1069
599
2416
2555
1954
2029
-380
-2337
-1503
-2262
-1819
-3395
-2465
-2396
-239
3969
-1763
-1009
3684
1291
3768
4315
3474
4958
5179
6818
7475
9045
9530
7044
7064
6300
5082
3786
4030
2263
1926
2518
1182
1609
796
736
-1215
1145
1306
1183
764
-335
-1120
-401
1609
-466
1818
831
-51
-2876
-1581
686
-744
-1203
-4491
-2419
-6678
-4947
-1245
-5161
-6001
-6079
-6801
-6827
-6926
-8380
-7844
-6459
-8909
-6113
-5324
-11724
-5559
-3060
-3703
-793
-767
-3089
-1971
175
-1450
-583
1936
4526
5661
6907
12005
14098
12511
13541
12665
12696
13297
13760
11823
9927
9053
10465
10688
11523
10631
9937
9598
8005
3802
7990
10235
7392
6830
5089
4810
5396
3974
-2610
-3712
-3648
-4007
-3751
-4664
-6885
-6628
-8382
-9497
-10856
-11306
-13201
-13977
-14163
-11924
-10875
-9305
-5533
-10669
-4548
1164
-851
2069
2969
2131
2089
3331
3216
3518
5154
5750
5597
3105
3979
7564
7399
8910
7289
5766
1949
3873
10452
4626
3557
4340
2421
2782
2583
673
470
1580
386
-502
-2428
-3400
-3395
-5164
-7473
-6750
-10068
-11542
-11459
-9653
-7264
-9508
-8590
1832
2668
-1304
311
626
-3412
-5590
-5425
-5358
-3396
-2776
585
-1966
-6414
4638
-1024
2529
3230
2899
7193
5808
4496
3370
12930
12953
12700
13396
11261
11380
12372
10998
11618
10034
10169
10472
7945
8373
5532
5167
3185
3748
2534
1022
2414
1500
1247
144
-630
-1354
-191
-1241
-1521
-1428
-2045
-3331
-5479
-3928
-4771
-5035
-8008
-8085
-8652
-11606
-12399
-15591
-13676
-15845
-15253
-13558
-18599
-17683
-13092
-8476
-10090
-12963
-7471
-4769
-4022
-1465
-1231
-892
1319
1530
1140
1054
2926
2253
927
1110
-895
6553
9792
7766
12917
18800
16600
14024
14786
14154
14416
13586
13715
11390
11749
9905
10470
8783
7591
8168
4883
4447
3002
2963
-358
1544
-1958
-1969
-3579
-8303
-9240
-7837
-7098
-9469
-6975
-8617
-8133
-9535
-10034
-10746
-10303
-11490
-10941
-9811
-8709
-9576
-12359
-4208
-3279
-4939
4938
5391
6857
7427
9598
11367
6561
10919
10764
9828
9815
11279
10496
10810
9351
9932
9210
8047
8695
6259
6158
3190
2734
936
1620
641
371
-2149
-6623
-2174
-1830
-2528
-1396
-3215
-5835
-5975
-7546
-9746
-10697
-10541
-10743
-10986
-13156
-14987
-13945
-10802
-6578
-6421
-3345
-1093
-2639
-813
731
2576
2370
5233
6268
1186
4224
6433
6824
9527
11238
11569
12302
12708
13713
13260
11568
10650
7435
8662
5962
7415
6143
3761
1073
-1334
3963
-1807
-262
732
-2897
-1961
-1451
-2300
-3018
-1745
-2441
-2470
-2844
-3812
-5060
-3629
-5127
-4375
-2435
-2422
-1002
-600
602
-821
-1780
-3302
-4639
-5910
-5630
-7687
-3736
-4602
-3812
-3904
-6319
-12961
-12897
-9100
-9740
-5200
-11642
-8926
-4099
-7376
-1553
-600
-3598
-6439
291
-2753
-2772
1806
-1534
-1313
-1450
-2127
-2377
-1741
-3162
-3904
-2882
-2198
4559
9418
11228
12959
10427
14251
8701
8288
9398
11273
10930
10608
9698
9001
7934
6972
5797
4668
3837
1699
1570
1848
1215
-562
-3049
-4196
-5642
-8457
-10082
-12587
-13384
-11354
-13328
-14894
-12981
-15709
-13409
-7447
-5502
-11492
-7990
-1511
-5188
-1829
434
1704
2294
5407
8207
8237
10376
11357
12846
13538
12655
11795
10413
10249
11046
9736
9561
10562
7986
8025
7668
7058
5357
4993
4570
2525
4097
1659
854
-478
-201
-588
-4101
-4578
-3949
-4614
-6932
-6769
-7710
-10990
-10789
-9937
-10821
-11086
-11959
-10884
-11162
-13758
-10433
-9031
-5615
-3528
226
2445
1603
3583
311
7112
9278
9149
13210
11814
13093
13373
15350
17081
15269
14110
12178
12139
12882
10306
9731
7756
6407
7011
4985
3299
2909
3053
4313
2798
1800
1058
466
-150
590
-2412
-3565
-1905
-147
-2025
-1151
-649
-1027
-1447
-2339
-1177
-2000
151
266
-10
510
251
-2825
-4682
-4874
-5351
-5815
-7576
-7075
-6764
-7270
-4977
-4949
-1941
-6483
-3428
-493
-258
-1659
-1499
347
-1165
394
-1277
-535
-1880
4688
2734
2280
476
1462
1478
-1407
1259
-7354
-9676
-8481
-7723
-6332
-4929
-4821
-3166
1869
7842
11006
11465
12156
13826
13488
13315
14484
14871
14200
13362
11343
10938
11832
11005
10170
8430
6755
5747
5823
3150
1130
307
-1995
-3236
-5035
-5233
-6989
-8218
-8656
-6809
-8344
-9398
-5047
-5922
-4971
-1695
-3199
-2653
-271
-3061
1460
-1119
-1516
4159
1760
2180
7988
7884
7822
10337
9170
9870
10239
11638
12948
12003
11889
9619
11114
9847
9703
9255
8083
7492
6453
5894
5464
5054
3326
2023
986
273
-162
-1486
-2918
-4511
-6924
-8622
-10212
-11402
-13758
-13344
-14688
-15390
-17397
-18142
-17671
-18951
-16903
-14021
-13742
-11206
-4558
-597
4985
4655
8461
11157
12097
9166
10328
13859
15033
16941
15702
17371
17935
16762
17507
16041
15291
14132
12631
11707
9773
9081
8927
6935
6658
6783
6196
4839
3508
2186
1387
420
-2016
-960
-3821
-5222
-6585
-8785
-8901
-10427
-9517
-8629
-8432
-11411
-9544
-7679
-10085
-7567
-6347
-6632
-7210
-6204
-6137
-6757
-4111
-5920
-584
-3433
-2752
6317
2320
4845
8581
7825
7063
9904
10091
9958
11081
10553
11267
10647
8277
8868
8182
5724
4091
2583
2420
-50
-335
-1412
-3403
-4843
-6077
-8625
-8251
-9850
-9824
-6955
-8459
-4478
-4210
-1306
5265
2309
3073
4914
4224
5359
4965
4432
5257
4106
1330
329
-94
487
669
576
-1404
-1045
-1777
-1111
-989
-2077
209
-113
-2680
47
6470
4428
4498
5397
4835
5407
3819
2495
3369
1917
1120
774
-1102
-457
-875
-967
-1986
-276
5150
1720
2887
3417
5971
7094
4256
6088
5976
5927
4208
5336
991
356
3125
1678
2993
2699
2664
1971
-749
-456
-1899
-2701
-4159
-4874
-5116
-7573
-8538
-8484
-8373
-10047
-10751
-13815
-14833
-15758
-16553
-16412
-16648
-14869
-16527
-12590
-12834
-12784
-12115
-10322
-7239
-4266
17
3010
7409
7840
10180
11593
12691
12548
14191
16131
14759
15353
15653
16251
15713
15068
16017
15156
13928
12844
12676
11450
11508
10076
8566
7270
5590
5552
3064
1155
460
48
-2765
-4390
-8326
-9590
-9311
-11242
-12109
-13300
-12687
-14193
-14658
-15558
-16892
-15913
-16210
-16312
-15576
-13838
-14579
-12396
-11388
-9898
-2103
-2320
309
3461
4942
6613
6754
7456
7339
11057
14544
14342
12501
13519
14208
13261
13285
12001
10789
10622
8727
7917
7069
6902
4903
3721
2463
820
-180
-2348
-3298
-5112
-7642
-7331
-8447
-10852
-12309
-11266
-11031
-11716
-8595
-5774
-2074
-1899
-2032
-5644
-4023
3967
3106
4623
-818
-489
-725
-303
-1270
-1966
-2134
862
4950
1918
45
7616
7599
9225
12914
9946
10965
12585
12457
12008
11908
12180
12277
11120
9635
8117
6979
6802
5186
2887
1723
-107
-1243
-2948
-2753
-3971
-3288
-4061
-4530
-3215
-3834
-934
-2061
-2168
-2688
-1576
-273
-1127
-297
-873
-301
-903
600
2613
-357
-800
30
-1544
-2028
-2946
-5042
-4950
-5099
-6901
-8336
-4714
-10842
-6902
-6635
-3993
-6974
-5766
-2092
-2364
-1040
-2122
-101
-2936
-4058
-2448
-2938
-290
2371
1940
4243
9316
10543
10648
8609
11719
11166
10459
8239
10809
11944
9953
12754
13205
9221
8333
9723
8988
8491
7620
5132
4204
4317
2898
2606
7820
2880
2706
2325
583
-645
-1290
-3128
-3511
-5984
-5248
-6082
-6823
-8254
-10214
-10426
-12581
-11453
-12924
-11901
-10347
-8997
-8882
-7775
-2872
-4906
-236
-1539
1430
5025
3176
3455
1814
6483
7228
9204
7147
8829
10006
9873
10322
8894
8483
8851
9412
8233
10031
9108
7993
6251
5586
4880
2998
2057
1356
136
-213
-2313
-4406
-4081
-6578
-8108
-9028
-10306
-9599
-8734
-9797
-9568
-7179
-6089
-611
73
-2253
-461
-1124
214
-2306
-1715
289
-1097
-453
-1250
-1218
-4459
-1102
4146
1689
5272
6257
4089
5384
6575
6993
8656
9145
8796
8956
9466
9464
9002
7467
6723
7173
8966
9267
7979
6045
1788
1586
601
71
-1137
-2883
2145
1269
1691
583
345
1346
-734
-4579
-2520
-1855
-1159
-2770
-3555
-1486
-2631
-1715
-2345
-6897
-4790
-4701
-5246
-6188
-6245
-6125
-7919
-5139
-6419
-6021
-4223
-3363
-5610
-5705
-897
-1959
-108
2078
136
-77
324
411
1158
1555
627
1260
566
-804
159
-20
-587
2554
5462
9751
10052
6892
10704
9415
8702
8558
8087
8743
6804
6517
6323
8040
7941
6740
4385
5420
6218
4765
5930
3947
2518
414
-808
-565
-681
-3755
-5367
-5658
-7077
-1716
-5035
-4528
-6752
-7599
-12219
-13261
-13496
-11919
-11781
-15714
-9542
-7568
-7850
-3721
-2350
-1723
922
-119
311
7276
5804
9027
8855
10561
7819
6963
9750
6914
2951
2712
4102
4340
420
2007
4046
3001
3392
4232
5189
4915
4971
4372
3069
3429
2583
632
-721
-2812
-3374
-4371
-6144
-6522
-9475
-9134
-10999
-13270
-13575
-16498
-16160
-13485
-12486
-11756
-9579
-5508
-3218
-3326
-2139
-1830
-1229
-4495
3412
4797
3064
6265
5130
7742
7188
11538
10764
12585
11398
11542
12038
12152
16036
14461
14085
13356
14049
11741
11946
11526
9869
7731
7543
7463
6144
5528
3578
3467
1221
86
-271
-2655
-4239
-3371
-3880
-4883
-3379
-4455
-3522
-4264
-5778
-5363
-5651
-5744
-7472
-7334
-9780
-10312
-10708
-11335
-12919
-12061
-13203
-12837
-8365
-9836
-6301
-9742
-9374
-2449
-2036
1610
4967
3696
3985
5919
6092
6643
6260
5716
6079
6742
5694
5750
5631
3910
4007
2443
2261
521
-23
2608
4673
5973
4997
11520
12589
9605
10333
9825
9364
7386
7734
5156
4201
4272
2537
2503
1171
-49
-83
-2346
-4345
-1220
-3731
-5961
-6400
-8991
-6711
-8241
-7119
-9535
-9488
-8919
-9598
-6512
-4963
-4486
-8944
-1476
-974
-446
888
-751
-149
93
7244
7114
9953
8517
9963
9847
10843
11489
10532
10113
11145
11206
8754
9509
6998
2182
343
4733
4825
-619
-318
-2617
-4017
-5591
-7014
-7474
-107
-7220
-7130
-7691
-8730
-6216
-6865
-7412
-6503
-6203
-7922
-7495
-7202
-6886
-8328
-10234
-9790
-12049
-11740
-13032
-14495
-12304
-12008
-11085
-8253
-3011
-6406
362
6428
4216
9383
9368
9957
12950
15897
14426
13312
12032
11832
12703
12374
11536
11354
8797
9293
9133
4685
4875
3404
2395
527
829
-518
-614
2143
2433
3644
3147
2635
2835
3036
2688
1635
761
-1533
-1489
-391
-1444
-1431
-2021
-2897
-1606
-1452
-1676
-967
-1480
-1512
-2547
-3157
-3514
-5203
-5419
-5916
-4787
-6284
-4110
-5223
-8872
-984
-1936
-455
4005
779
1171
1481
311
1300
2917
2780
2672
1719
731
1942
4341
2342
1145
2211
1945
464
-327
-425
-3025
-3014
-3735
-4557
-3751
-2279
-1400
1710
3461
2080
8496
9755
10001
10657
10585
11225
10226
10997
8425
6361
4314
2928
980
-2238
-3032
-3677
-3748
-5253
-6052
-7076
-9661
-11091
-6005
-3964
-6366
-3547
-6235
-5074
-1495
-9981
-1522
-639
-3816
22
1288
63
311
-200
330
127
2794
4160
4227
6387
7017
9194
7729
6785
6662
7261
6375
6937
7126
5025
5946
4424
4040
3890
3165
2908
3253
3255
2316
1853
-132
-84
-1216
-1636
-3188
-5846
-5712
-6753
-7119
-8253
-8411
-9437
-13806
-16954
-11798
-12900
-16878
-15792
-16135
-15000
-16140
-12534
-15446
-15327
-9440
-5078
-4034
-2977
3374
5186
11412
12461
13358
14583
16240
18604
18070
19343
18342
18422
17393
16982
16306
15082
13507
13164
12631
11908
11694
10018
8925
8660
8384
4114
2544
517
28
-1130
-6475
-4428
355
-4005
-6359
-1197
-2931
-5459
-266
-1768
-2846
-3001
-4597
-5824
-4973
-5885
-6820
-7804
-8023
-11993
-10706
-7761
-7371
-3556
-2739
-1586
-5302
-1454
3588
-458
4391
3954
2980
4659
4942
4230
6512
5225
6099
6060
5315
4754
5063
4932
3537
4006
2951
3309
25
3641
3501
-2696
-3243
1205
-2277
-5794
-3600
-4588
-6457
-4314
-3319
-619
781
-1330
2399
3872
5391
4999
4778
5791
6586
5152
6862
5461
3886
4932
3650
2631
1192
721
-2889
-2263
-3995
-4037
-2598
-2363
-8051
-7991
-1686
-3769
2834
2987
4031
2600
4688
4459
3638
3064
7769
5663
1370
10649
5062
-813
1450
288
2600
2544
3580
932
2868
5582
5170
5954
6449
7160
6525
8101
6268
5999
4885
5253
5623
2444
2325
1664
752
-910
-1354
-3084
-3207
-4758
-5324
-7424
-9308
-9480
-11161
-11773
-13511
-14738
-15236
-17849
-18372
-18362
-18533
-17377
-14474
-10946
-16809
-8050
-4991
-8225
-5852
-5840
-969
3558
3079
7160
9464
15394
21081
17290
20688
14962
13323
16727
18139
17110
15117
16192
15562
14935
14586
13953
13309
12511
11101
10016
9862
7568
6135
4587
3343
2006
-451
-2375
-4273
-4276
-6437
-6944
-8996
-6388
-7927
-9689
-7645
-9657
-12031
-17372
-8305
-10347
-14476
-10286
-10746
-11362
-9423
-7689
-5259
-1584
-5772
612
5318
5393
8532
9219
9085
9530
10371
9241
8762
9227
9762
9686
10942
10797
10105
8441
7724
7112
4894
4496
2711
2549
-359
-578
-878
-2888
-3989
-6556
-7109
-7978
-6573
-9255
-9182
-7110
-12005
-14068
-8747
-9286
-10191
-6519
-5744
-4752
-2277
4416
3376
2307
4956
4517
2849
2547
3991
4565
4549
2141
2429
2945
1917
3919
4860
-58
5320
7217
3790
9842
7963
8094
7996
6631
8406
6904
8460
6371
5525
5188
4341
3624
1989
-1132
2581
1280
192
2539
-472
-4736
-1631
1850
-1194
17
323
679
1291
2484
2441
2343
3507
3025
3571
4138
2845
2684
3285
2155
2604
-3152
-2613
-1003
-1310
-2390
-3557
-3261
-3874
-4605
-5266
-5698
-7119
-7853
-6186
-8713
-5270
-8046
-10238
-2938
-3600
-3026
361
-4159
-4582
-2306
-2852
-2007
-1775
-5677
-5783
5021
3942
5381
6946
12250
16564
12608
14087
12860
13692
11974
13383
12168
12659
11348
12511
12590
11441
13934
10767
11891
8704
7615
5336
4433
4228
1804
5306
4222
3978
549
1396
-1226
-2136
-3187
-4979
-6879
-11557
-11332
-13515
-13965
-14159
-13627
-15761
-14079
-13415
-8312
-16520
-15110
305
-4691
-1372
2168
714
3053
4555
5554
4939
6370
6301
11717
12212
11946
12479
11656
11136
11223
11257
8895
9306
3105
3674
4890
5540
5415
3546
3439
2515
1237
-1113
-1853
-2874
-3626
-4302
-4163
-6129
-7948
-9969
-12238
-13502
-14664
-11681
-13087
-13186
-11059
-9974
-12818
-6256
79
-2045
-286
-4777
-2812
-825
-1028
1393
2581
1395
1101
4918
3932
5226
8339
7880
9952
11264
11159
11789
11873
11318
11500
10258
9205
8641
6542
7903
6849
6073
5287
4355
2864
2275
-476
-2207
-3455
-5022
-5578
-7330
-60
-2418
-6648
-7806
-5659
-5216
-6004
-9397
-5015
1730
-6381
-2140
-1189
-1567
-68
-962
144
-294
-200
-1914
-3649
-2286
-2884
-4694
-5613
-4576
-5250
-5485
-4898
-2744
-4491
-8407
-1069
-3503
-2537
-598
-3621
-1260
-2283
-1843
-2075
-2333
-2220
-1333
-2881
-4168
-5381
-6109
-4841
-5978
-6382
-1658
758
85
7406
4118
7182
12392
6881
10250
8543
14033
15416
14314
13241
8590
9986
8544
7730
6767
6551
5778
6156
4324
3526
3646
3016
2004
-618
-1020
-1730
-2181
-4894
-5930
-7102
-9212
-10387
-10582
-11053
-12211
-9907
-12258
-11512
-10283
-8108
-7136
-4970
-4852
-4263
-2301
-56
3697
3349
3443
948
10111
8551
7539
10818
9470
11323
11040
12149
10025
12564
10440
10147
11213
9316
9154
9340
9083
8551
8357
6209
5002
3692
3200
2176
751
-1460
-2379
-3553
-7238
-8515
-11146
-11400
-15216
-13055
-11715
-14259
-19874
-20101
-18729
-19309
-15432
-16200
-13855
-9187
-8756
-5918
-4219
-5015
-5610
3790
4556
4725
5823
7420
8206
8427
11056
12763
15350
15369
17044
16510
16620
16867
16246
15464
16080
13764
10907
11978
11090
9852
9116
8906
9250
6451
4962
3375
366
-360
-2291
-4276
-5332
-6617
-7819
-9504
-10037
-5248
-6768
-6173
-7567
-6190
-4960
-5571
-4349
-3821
-6459
-9729
-5721
-6336
-7926
-5654
-7777
-5572
-5583
-5008
-4010
-2776
443
-4673
-8239
-1143
510
2237
4679
3550
5750
6597
6026
5048
5136
5510
3514
4757
4210
4242
3509
2144
966
342
-1048
-1457
-720
-937
-169
1562
1313
4498
5346
3656
5160
4090
5412
5829
6267
4229
604
4496
6676
5265
5812
3667
4644
5365
4928
3845
2282
3827
2720
3339
1045
-1826
-3391
-5507
-6492
-8656
-7729
-3742
-4422
-977
-3021
-9624
-2419
-2775
-3111
-169
-2276
-150
782
2882
3097
2338
2971
2568
4948
3967
4749
1499
1097
8821
7060
5870
5595
7273
1966
3998
5796
4627
3437
4169
5629
-829
4340
3456
-75
-1046
754
-1296
-1557
-734
-155
-20
-2429
-2432
-4411
-3601
-5090
-6864
-8281
-9779
-9557
-11630
-12865
-13426
-13022
-12695
-11713
-9841
-9610
-7507
-3176
-300
13
4257
8307
8272
9502
10438
12042
12502
12258
14061
13557
10983
15371
17345
15746
15409
14988
14179
12271
12308
11138
11626
11250
10288
9252
8826
8525
7578
6876
4361
2624
357
-480
-1950
1101
190
-37
-499
-1948
-882
-2888
-3646
-2556
-3290
-3827
-3365
-5565
-4593
-4379
-4573
-3249
-6691
-5468
-10653
-13705
-11119
-11115
-9617
-10996
-7459
-7716
-2371
-1437
-1347
1262
3432
5532
6117
7354
6165
5349
5944
8833
6330
5418
4526
4678
6759
4796
5114
2777
1611
658
165
-1198
-3182
-3338
-3651
-1579
-1830
-118
-241
2325
7963
7626
4595
5555
7334
6428
6777
5347
4233
2493
2336
1341
641
852
-1794
-6005
-3305
-299
-5007
-5164
-842
-485
-2342
-2813
-3430
-4890
-8028
-5841
-3409
-4665
-879
1248
847
2438
3288
2640
2248
3578
2729
3307
4944
3772
4120
4065
3941
3804
4148
4727
4741
5505
5078
4224
3338
1871
1782
994
1371
1627
-438
2347
3508
4293
3994
1785
-2847
650
3170
-1990
224
-2009
-4792
-2410
-2731
-4657
-4649
-4467
-4030
-5783
-5553
-5649
-8302
-8814
-9804
-11282
-11505
-11202
-11797
-11914
-12100
-8693
-8846
-5115
-1188
2700
10965
8496
10206
11386
11861
11805
9490
12243
11829
10235
9490
14478
13401
13338
13981
11803
13488
13089
8077
6535
4577
5647
4072
5144
6063
4583
4630
4272
3218
3991
1884
2558
2255
1748
-1117
-964
-1921
-4455
-3890
-7092
-6334
-7845
-8161
-10398
-10495
-9416
-9998
-9328
-9833
-9502
-10103
-8887
-11099
-9773
-9590
-8253
-9415
-11469
-5661
-7366
-4307
-5616
994
3519
2930
6154
1024
873
-2820
2729
6078
4607
4476
5725
4462
5237
5144
2761
4497
3359
4092
2076
631
-868
-2675
-3262
-5306
-3808
-2327
-955
2347
2945
3970
8994
10902
8384
9923
10664
8957
8641
7509
6261
5767
4038
3211
2165
547
-24
-1888
-1509
-4673
-5541
-5369
-6949
-5917
-7303
-6901
-11601
-6329
455
-3660
-592
1264
544
1429
2076
1626
1923
1995
4230
4950
4020
5494
5143
5824
5261
9970
8454
8471
9434
3276
3403
3153
4209
3516
4450
3773
2181
1947
1309
4784
3404
3615
2805
2192
476
724
-4558
-5652
-8698
-8545
-9232
-8984
-8590
-9962
-11630
-15604
-8382
-6785
-10950
-10234
-10601
-10893
-12059
-13244
-13699
-13303
-12269
-13477
-12041
-8660
-9330
-6301
-1587
-1150
3790
4352
8295
15612
16683
19443
17725
17311
17089
17803
16981
13917
12889
11424
10578
15600
15062
14711
12983
11138
11805
10096
8649
-311
2020
1191
-728
895
-1216
-4650
-8637
-1370
-1356
-4039
-2765
-5610
-4785
-5327
-4528
-4941
-5432
-4329
-4242
-5527
-5593
-5920
-7702
-6065
-8117
-6759
-6189
-5578
-3961
-533
-907
-1894
6942
3571
5012
9415
6291
8529
9700
9416
10887
7697
7337
9076
6282
5467
4762
3419
3038
1861
2332
2611
2027
1680
-1762
-3441
134
-1131
-4525
-4502
-8380
-9393
-5694
-5741
-5276
-5973
-4150
-3837
-1509
-1353
-50
668
2727
7294
6896
4737
5521
6641
5955
7011
6402
6736
3682
4113
5178
2287
1979
1532
2448
971
4151
235
520
5647
4260
4421
3246
4746
4334
4833
6792
7552
2564
771
-424
4774
1980
455
2857
243
1162
1043
2547
3250
2704
3774
3464
4160
4444
4425
5839
5443
6229
5022
5059
5837
5620
5071
3979
3474
3095
2233
2104
2407
1015
295
-2441
-3063
-3384
-4239
-6231
-5205
-7124
-7653
-6594
-9373
-9730
-11223
-12074
-11706
-11668
-10112
-11080
-17564
-6319
-4495
-8506
-3371
-5526
-4085
-2714
866
1960
5577
9409
9006
11642
16993
17775
16618
17613
16512
15600
16077
16462
16090
16589
16323
15224
12759
12975
11669
10570
8852
7162
7586
5202
4144
2992
3332
3391
3878
1210
1313
173
-1853
-811
-4944
-4246
-5806
-7391
-7169
-10064
-10508
-9207
-8500
-8249
-8659
-9566
-9085
-9318
-6808
-8378
-5485
-5518
-4563
1761
792
3184
5005
6584
5107
5554
4503
9750
10352
9677
10991
10601
11433
11010
4870
3507
5041
5783
5041
5149
4642
3959
3028
2505
1047
20
-1872
-4096
-4972
-7074
-6247
-8127
-9954
-13196
-12508
-8494
-11081
-13044
-10173
-3107
-4027
-1316
-2477
1328
5530
4418
5375
5908
4316
213
2045
1126
742
-1623
3156
4549
3469
5130
4239
3638
8418
6464
5037
6580
6305
6983
8101
8475
8092
7909
9938
3371
4442
3110
2230
1267
-2210
3329
2199
3843
1888
1120
688
-1199
3785
4706
1350
3551
3502
3778
-401
-766
2527
2473
2705
557
2191
4139
3192
3622
2238
2837
1712
660
285
-613
-261
-4
-1652
-1788
-4325
-5363
-6587
-8514
-7800
-9980
-10111
-10163
-10280
-9824
-12727
-7933
-6163
-8008
-6550
-6183
-5375
-4962
-4059
-5785
-3650
-8100
-4048
2626
357
3886
5614
9554
13803
14090
13898
15235
15172
17745
17634
15621
17308
15553
14009
11496
10458
12376
11428
9496
9501
9088
7549
7400
5800
5890
4109
200
-1649
-2716
-1935
-3288
-6696
-7456
-8960
-9495
-9699
-11527
-13108
-16002
-17731
-16586
-16424
-17567
-13235
-15261
-15425
-12769
-11001
-7021
-4940
-1478
1303
2129
1912
4854
5709
8238
10841
11207
11717
11950
11218
12033
12001
9723
9059
8187
8390
6152
5844
7058
6765
7106
5971
5600
3618
1478
514
-1725
-2430
-4995
-6608
-8595
-11421
-11477
-12412
-13931
-15554
-16318
-17125
-16349
-18819
-13372
-9414
-14407
-9391
-4423
-756
-1110
-803
-612
-86
1251
998
2904
3078
5706
2255
4400
9599
9430
13614
16226
15474
16514
15494
13959
14205
11604
12872
12294
12672
11114
9264
10167
8311
6290
4802
5501
3164
2187
1527
2255
1734
32
-1875
-3860
-4747
-4556
-2562
-5563
-4351
-3785
-9216
-6306
-3479
-4597
-3949
-3906
-2262
-3629
-5102
-4497
-4745
-2823
-4026
-230
-760
-3375
-8563
-7977
-8125
-8928
-8794
-8900
-7652
-4983
-2582
-4321
-6443
-1443
-1466
-297
2012
1937
3682
2146
1595
725
1757
1928
-605
246
-1703
-2976
-4378
-1667
-1111
655
246
1829
7672
3072
5310
5865
8121
8923
8821
13658
13201
12977
11620
12454
6054
10988
9260
10052
9147
9784
9640
8504
7074
5472
5260
2974
2263
457
-696
-1504
-2316
-3225
-4439
-5015
-12136
-13303
-11625
-10048
-10660
-9139
-10559
-11822
-6778
-4209
-4840
-3253
-3290
-6444
-1714
-220
-990
1335
1952
4896
6619
7088
8205
9163
7223
9972
8643
7652
8947
8951
9630
8061
8473
7876
8632
6610
6643
6012
5241
4153
2270
2877
733
2232
1748
-844
-2172
-3529
-5799
-7105
-8807
-9657
-9652
-10638
-11505
-13000
-11851
-7813
-4528
-6385
-9555
-8911
-4306
-2032
-2110
-4237
-3781
515
255
298
4305
6825
10315
11932
9520
9122
11459
12337
11691
13904
13118
11575
9469
14744
14933
12643
12370
6456
7523
6206
6622
4740
4793
6549
5071
4959
4042
1707
759
323
-1361
226
-3187
-2475
-4117
-6800
-5394
-5431
-4064
-7497
-7707
-6879
-4902
-6929
-6774
-3339
-7126
-3428
-7861
-6777
-6388
-5279
-5051
-4834
-5640
-6963
-2287
-3350
-1646
-3596
-7190
-178
-304
-36
2268
2144
1004
520
1173
119
845
1790
927
96
-2468
2108
1389
641
1001
256
-709
3163
5769
-2409
-2295
4753
6716
2824
3498
2858
9388
11716
11508
12908
11404
8648
12196
10306
9226
8992
6994
8644
7349
6604
5490
5469
3624
3443
2965
2691
41
-771
-1590
-3739
-3076
-5021
-6203
-10502
-8183
-7652
-6167
-9981
-7490
-4422
-5600
-1331
-409
958
363
450
1714
1855
5302
6133
6221
7726
6418
7473
4330
6726
8553
5870
6497
1616
952
1617
3805
5795
4968
5933
7373
6245
6265
4934
3053
4498
3432
3147
790
-354
-1647
-2426
-3025
-3665
-3388
-5166
-7457
-8553
-8817
-10876
-11165
-12061
-13504
-14457
-14823
-12840
-12247
-14438
-13842
-7018
-3677
-4114
-1745
-4045
749
3221
2108
7050
6378
8928
8332
10749
8502
7939
11349
9367
12307
12424
12463
11062
12244
12404
11323
9637
8126
7803
8345
11434
8844
9878
9678
9719
6808
6122
5887
3810
3871
1810
-723
-3971
-6276
-5533
-4911
-5934
-4422
-4685
-2195
-3637
-3278
-5054
-6167
-7226
-7138
-7249
-8175
-9538
-11420
-8758
-10579
-9965
-10006
-8765
-7751
-3159
-4229
-6780
-114
-973
1715
4259
4017
3907
5176
7662
8063
8492
8823
9450
8837
8508
7272
4512
3272
2452
1004
398
-781
-161
506
2112
3013
2843
1804
6291
10133
6548
7260
6890
8000
8934
8882
8694
6695
6197
4079
3914
4027
2911
3099
200
-1048
-366
-2740
-3966
-4313
-5649
-4210
-2653
-5019
-5983
-7443
-8804
-6104
-5331
-4133
-5633
-7642
-1540
-2428
-3353
-776
-1127
1371
3284
6009
5346
5207
8309
9520
8040
8217
7818
8975
9572
8393
7773
5875
5781
6625
6202
2399
1632
-2805
-564
-129
-2030
-318
-1430
118
-4287
-1906
-1554
-4224
-1677
-2106
-1389
-2289
-5546
-4771
-4900
-5072
-5081
-7369
-10794
-12277
-8745
-10695
-15172
-16022
-13721
-16850
-18968
-8679
-7337
-5218
-3426
-2678
2112
5811
8414
7550
10200
14924
14755
13722
8274
9570
9714
16826
14497
14645
12373
12262
14736
12824
8724
8059
4547
3546
10416
2926
1759
2578
1737
2588
2999
869
1127
5274
4942
4542
3113
2113
1142
612
-896
-1354
-1601
-2259
-2511
-2501
-2055
-2248
-1622
-1420
-2844
-2185
-3496
-8039
-9146
-4036
-2914
-3854
-5829
-8925
-7333
-6064
-1203
-6187
-5401
-3918
-6900
-3949
-1707
-779
-775
389
2625
4309
5531
6120
6877
6536
8000
6487
5151
6837
4981
5124
3281
1669
1543
-469
-219
-39
-2641
-205
3907
2870
6403
5464
10387
13287
9252
9387
11142
11113
10449
11292
9736
10837
8269
6998
6416
5562
3112
3313
1834
-851
-2514
-3998
-4975
-7187
-4628
-8018
-10682
-10145
-7719
-5534
-6909
-4866
599
659
274
2754
3796
4081
3047
3322
4326
4909
3887
4243
5209
4623
5855
5927
6680
7592
6146
6085
6651
6755
5542
7286
7013
6427
6614
2885
4302
4418
4423
3981
3835
2783
2148
613
-1412
-2089
-2605
-2384
-5788
-3126
-6219
-5517
-5640
-6706
-4114
-5539
-7105
-10385
-11727
-14760
-14774
-14354
-15800
-17272
-17858
-15941
-14077
-11004
-3767
-218
-1353
7125
9631
9159
12653
13453
15142
15697
16865
17271
17345
19654
18415
17275
15790
16457
15801
14271
12011
12064
10444
8627
3235
3346
3916
3645
1296
6673
7210
635
3177
-3381
-4524
-1454
-808
761
-491
-684
-520
-675
-1813
-2394
-4812
-4753
-3852
-4773
-4513
-5414
-4266
-6355
-5511
-6502
-6165
-3790
-5151
-4456
-3899
-2880
-6442
741
1177
780
4200
2949
5332
5224
4668
3658
2228
4158
4183
1623
3715
3204
2503
3216
3388
699
-570
525
778
322
2043
1103
1014
-1227
-3446
-3457
-6043
-4871
-5912
-38
2828
1709
1825
7871
5328
6347
4935
7337
6983
5597
7432
5487
5454
3363
2195
-1116
-2839
-2822
-3487
-2987
-4936
-5365
-4727
-5415
-6797
-6779
-8856
-6278
-582
-3875
524
1813
1005
5038
1419
3468
4237
5032
5250
4498
3936
1534
3001
5765
6823
5746
5862
4445
5712
6913
7657
7057
6200
7622
7255
7167
6754
7504
6486
7471
7470
5989
4382
1062
1055
-2727
1803
-24
-1082
-2109
-9252
-8480
-9914
-10875
-12845
-7763
-10744
-11077
-13553
-14287
-18714
-13942
-12911
-15950
-18716
-15008
-13796
-16691
-12556
-9419
-10374
-6990
-4106
1958
2764
5146
9284
11853
16867
17104
16849
17635
16540
18794
19567
18300
19382
17688
16330
15427
17826
17125
15802
14150
12823
10766
10584
9352
9010
7897
5704
5637
3539
185
-5656
-6803
-7470
-7322
-8735
-10244
-9575
-9015
-14121
-9227
-9404
-13104
-11870
-14415
-12734
-12114
-11956
-11276
-13219
-13125
-10259
-8413
-5025
-5819
-6287
-2251
302
-745
2053
5716
6453
6836
4357
7454
9099
9092
10250
9990
9366
8310
9053
7847
7702
6182
5586
4675
4571
4199
1679
2003
-767
-1131
-597
-5126
-4057
-3436
-5520
-9514
-10625
-7589
-10916
-9604
-9877
-5946
-2344
-2876
-1198
1931
8503
4838
4711
4781
4387
5977
7066
6807
4150
3445
3011
2028
-1469
-1763
-271
1552
3704
-1131
1167
6201
2713
6356
7687
7944
9244
8318
9232
7401
8861
8596
6739
6423
3654
2237
113
-419
-1041
-746
-2410
-2445
870
560
942
1165
2449
2638
3523
3640
3432
4369
2669
3595
4111
2884
2501
3135
2202
2881
2888
1615
1543
172
-1810
-3901
-3993
617
-680
-2757
-3192
-4239
-4025
-6307
-8752
-8070
-10881
-11467
-8245
-7902
-11290
-8464
-7340
-8432
-12703
-11487
-7921
-6862
-4670
-5238
-3419
-1104
-1243
5603
5212
7285
10090
13778
14218
14553
17329
17492
17801
12415
11080
10959
10515
16019
11585
10381
9256
14525
13634
12842
9947
7796
2986
3958
3690
2277
1538
-2164
-2739
-2827
-4644
-6272
-7518
-9609
-11876
-10445
-12996
-13205
-12378
-13895
-12524
-12050
-10847
-13224
-14113
-12947
-8997
-6967
-8727
-1361
-46
-779
3025
3364
5412
7989
9573
10285
10641
11423
10910
11839
11599
11425
11838
9819
10470
10729
10676
9126
8028
7458
7002
6917
5515
4126
2887
2595
1799
2467
-348
-90
-2912
-5662
-6112
-10066
-10031
-11802
-10606
-12747
-7350
-4779
-7487
-4035
-3802
1672
2287
446
1200
-1277
-1813
-272
3334
4628
4949
3567
4695
5362
3725
2633
9151
8932
7467
9739
9449
10024
10838
11775
12349
12301
12488
11040
6253
4881
-9394
-9546
-4678
-2509
231
3687
2212
4226
9012
11739
11439
13659
14276
12629
14798
16505
15675
16142
15429
15108
14545
14137
10164
8977
9891
9205
9734
6189
6929
6205
3450
1638
1385
1708
5148
4317
2297
2522
-75
1226
-513
-787
-3034
-3161
-3949
-4673
-1710
-3638
-2848
-3601
-4921
-3891
-3734
-3932
-4417
-5625
-6177
-6320
-9194
-8618
-9312
-9742
-9758
-9919
-8608
-4938
-3695
-6946
-1366
-602
-1823
-738
-980
1279
4571
3586
3811
5761
4635
5692
4982
3561
4772
5469
3248
1521
892
28
-1541
-864
-3759
-2382
-3420
-2300
1979
-146
4180
10929
5217
6827
7521
7816
8343
9839
9465
6451
5478
4547
4085
2663
393
1224
635
897
-1383
-2513
-4110
-5087
-5966
-7522
-8490
-11299
-8176
-9553
-9760
-8874
-6829
-7472
-9261
-6677
-5344
-4207
-2353
1987
1614
5308
5127
7337
7028
7360
7487
8319
9108
9938
12251
11580
13028
12502
11840
11343
11046
9782
5917
4190
4655
4627
3763
5291
2304
4001
156
-1521
-1803
-3166
-1930
-3757
-2769
-4159
-5857
-7965
-8093
-11288
-12529
-11104
-13662
-13677
-14531
-15094
-15628
-16570
-17227
-15368
-17262
-14247
-16880
-13396
-16690
-8273
-8692
-8111
-702
3158
6352
7952
14712
15629
17174
18607
19032
20031
19282
19519
20976
19425
18101
17027
16570
11155
10667
8342
6663
7047
6338
6142
3735
3960
2039
2611
1392
97
-373
-1945
240
-1949
-1565
-2101
-4696
-7215
-4104
-4034
-5052
-4309
-4609
-3400
-4511
-2247
-3417
-2475
-2996
-3595
-1927
-2553
-1134
-4052
-2612
-2838
-4016
-3329
-3507
-493
-5421
-2483
2223
228
2345
5929
6047
5697
6543
5863
7496
8056
5735
5024
5992
903
1570
818
-262
-93
581
-2578
-5252
-2769
-6744
-9228
-11096
-7498
-7702
-5071
-1537
479
1937
4219
10718
8184
7749
7428
6509
9013
9162
8800
8064
7873
8773
8997
9779
8131
7922
6132
4251
3591
2138
-23
-253
-2509
-3957
-3540
-5044
-1147
-6140
-3395
184
-813
-1916
-29
987
-67
1767
-99
-1383
-3856
-1347
-2413
994
2103
988
515
1902
2344
1452
3553
3208
4506
1954
3823
5125
7308
5270
4672
3259
1566
4190
3405
5023
1777
1432
1362
1860
1579
1312
-53
-2047
-999
-2456
-1091
-4173
-6538
-7510
-9516
-11234
-12910
-15332
-12652
-14868
-15882
-15858
-13823
-14797
-15851
-14677
-20546
-12551
-11428
-8119
-1285
385
6766
8493
8084
11500
13910
12608
13844
14947
14983
13882
13189
13948
14240
13812
11886
12873
11190
15500
11571
8090
12484
11360
5107
4840
7812
363
5472
4671
-1688
2771
1842
1632
-513
-1359
-4772
-4983
-8018
-6491
-5506
-9409
-6746
-11084
-14482
-13077
-11068
-14113
-12812
-10839
-9787
-10467
-4713
-3588
-3101
-283
619
-3937
827
4963
3719
4449
7687
2040
7616
10123
9370
10976
10921
6878
4992
5631
5814
5403
3868
2943
3580
2271
2277
-1424
-1135
-1728
-3682
-4227
-5756
-7131
-10378
-9710
-8538
-9621
-11972
-8646
-7316
-5975
-2322
-1392
4932
4117
4876
6535
5998
7966
8529
9386
7069
5594
6432
7742
5800
3619
4632
2952
1489
1889
1933
-529
3026
958
-2831
4601
4190
2589
3678
4180
3774
4697
5275
5882
5967
5828
5702
3404
3085
718
-549
-596
242
1515
2374
1510
2405
2215
2012
4766
2544
3286
5331
6898
7272
7096
7100
6837
7291
5951
6850
6582
5142
4345
4366
3785
3085
1483
-942
-1722
-4047
-4936
-7043
-3414
-10326
-11823
-11622
-14530
-9667
-15845
-16053
-16858
-14038
-12277
-14589
-14155
-9796
-10919
-15103
-14231
-12473
-8782
-7703
-1307
-2733
2190
8147
3565
8327
13706
15602
13855
12600
13324
15249
14189
15067
15911
13727
15745
15073
12347
13041
12159
10585
9642
8226
7562
7723
7147
5631
3457
2989
2114
511
-1164
-4420
-4865
-7487
-3623
-3902
-6177
-8132
-13281
-14869
-17562
-16343
-18518
-19308
-19291
-16164
-17523
-13105
-11211
-10069
-6849
-8862
-1922
-1689
1343
3262
3794
5816
7265
7777
8691
9667
8908
9982
9618
8756
7446
8389
6576
8023
8079
6766
6412
5212
5029
3872
4032
3195
3307
1264
-123
-25
-1037
-4126
-6057
-5932
-9685
-8807
-10006
-9900
-11106
-10035
-10298
-5541
-1066
-7240
-627
-3006
-1647
227
-1878
-2180
-1759
356
-2649
-1985
-2757
-2354
-2090
-1770
-119
-1281
-4095
4278
6797
1606
7347
5575
4631
9116
7743
8925
9439
8544
9161
8497
8500
8434
5778
5447
3647
2063
1471
298
981
832
843
30
150
-996
320
-233
2304
1300
1058
3636
-1321
2149
430
-1784
-1464
-20
-852
-2187
-1537
-4472
-4632
-873
-293
-2117
-3024
-2194
-2968
-4660
-4876
-5744
-6201
-6602
-9319
-8438
-8405
-8813
-5554
-14008
-13422
-6304
-8325
-6800
-5565
-4024
-4248
-4535
-1129
-574
1629
4521
6501
9282
10432
8942
11886
12766
9240
12803
12453
11374
13258
10915
13591
14272
14447
13905
12406
11763
11896
12042
11045
10069
8611
9041
7644
7716
4342
3590
3520
806
273
-1440
-812
-3594
-2893
-4395
-5061
-6094
-9391
-9719
-10949
-9504
-12148
-12696
-13648
-12711
-12497
-9005
-8201
-9526
-1436
-2645
-2420
2585
2584
595
6267
4713
3472
9803
6353
5989
6228
8547
8501
8578
9914
7853
8912
7953
8273
5807
5048
5880
4175
4241
3562
3058
353
516
-741
-2966
-2641
-6717
-7427
-9208
-12545
-12316
-12548
-12713
-10949
-10402
-9426
-7888
-6960
-409
-321
-226
318
-1052
-935
-2278
800
-1152
-1464
-1058
-2943
-1590
547
4116
288
250
8081
6892
6382
7791
6845
7447
8171
13508
11390
11533
12532
12747
13469
13292
13089
12332
12247
9342
9118
6485
5772
5117
-2533
4243
2317
2829
1446
1990
-3968
-4250
-3969
-4592
-3526
-3763
-3862
-3897
-4102
-4874
-6844
-7326
-4174
-6240
-6889
-6946
-8730
-8894
-6466
-8271
-8927
-7983
-8708
-8760
-8171
-8316
-9268
-9792
-8877
-11386
-9723
-7557
-7896
-903
-1425
-658
511
-4873
-4048
-691
-3693
-3277
-2574
-11
3083
4107
8424
11547
14288
13848
14967
14064
13636
12158
11921
12088
10149
9771
7978
6058
4980
8127
4904
7183
5781
3899
7306
5173
3451
4136
4779
3715
4233
2497
2919
4220
1783
378
-69
-1320
-814
-1789
-4365
-4890
-6933
-8094
-10160
-12158
-11166
-13251
-10092
-11030
-8162
-8215
-8577
-2195
-3018
468
1443
3519
2371
8463
8279
7930
1973
1578
4026
2759
3915
3167
6116
3742
3991
4470
1751
1175
598
1653
2121
3823
4920
2971
3462
2617
-1226
390
-1775
-4817
-5693
-6561
-6884
-7693
-9261
-9498
-9305
-9893
-8110
-6619
-5355
-3919
-1862
2150
4732
3231
1117
3441
3145
1098
484
-392
-2016
-4175
-3790
-951
-1806
-4753
1396
494
561
5220
4181
4655
4567
3031
4049
7262
5237
5859
7154
7895
10450
9449
8876
7832
8148
6262
3934
4873
4065
3633
3020
1375
1283
2706
113
678
990
70
1574
1079
2978
2425
2388
3688
4072
3591
1692
1885
-92
-1287
-4335
-6522
-6192
-6500
-7671
-10359
-10913
-13614
-10980
-11633
-11450
-10884
-12100
-10622
-10865
-9329
-10342
-6482
-2854
-5511
-2391
-594
-3481
-1929
-3818
-3387
-2855
-3552
-3594
-2275
829
1248
4280
6355
10201
11854
12905
14654
12436
12084
12282
12927
12427
11178
12567
13706
14174
12832
11292
9900
9809
8296
7765
5860
1505
-478
-4311
-2980
-4933
-519
1077
-715
-8475
-10097
-10384
-8638
-7916
-9088
-7752
-9875
-9573
-9772
-11587
-12576
-13322
-9491
-8628
-7897
-1892
1097
-64
4636
484
5499
1565
2984
4552
5304
5695
4831
5021
5489
10406
10377
5340
11445
9135
3991
5302
1181
5594
-477
555
-2456
-1881
-2587
-1296
-2135
-2740
-2557
-2835
-4508
-5951
-6507
-6103
-6558
-6384
-7240
-8687
-7126
-9550
-9355
-7098
-8090
-5029
-4095
-3331
-2564
1915
3681
505
2478
1335
2353
2146
4313
5020
4523
-225
2956
7835
6342
7858
7133
7470
6257
6669
5023
5348
6045
5125
5410
3686
2688
3389
1154
809
4048
4177
3148
1166
-105
3417
4761
1839
1662
1933
2026
3686
2492
2373
2193
2099
4127
2701
4063
3580
3432
2588
2356
1705
204
363
-1791
-726
-2467
-2732
-4878
-6886
-8034
-9589
-10450
-11252
-10441
-12228
-11926
-12309
-9533
-9035
-13459
-6958
-6122
-8943
-2665
-4426
-2482
-1456
-3190
-2015
-3877
-6486
-5109
-3980
-4166
-1969
-1410
-273
248
2683
3212
4295
5466
10138
11432
10587
12530
12093
12378
14339
13502
12241
10327
9252
8876
7396
8240
5800
5924
5138
6015
3591
2037
1049
-511
-2064
-3987
-3591
-4547
-5332
-8268
-9218
-13412
-12419
-14281
-17252
-15060
-14726
-14771
-11595
-10378
-12579
-6137
-4451
-2089
739
1681
4553
4507
5258
4603
5789
7634
7351
9862
9316
7321
8560
9281
10412
9484
9824
9483
9681
9326
8810
8552
8304
6608
5719
6670
4601
4550
3008
2444
1978
313
-712
-1847
-3281
-5456
-9266
-8777
-9563
-12509
-11984
-12920
-13684
-14949
-16865
-16324
-13641
-11740
-10410
-7549
-6732
-4165
-1653
-3661
-1844
-904
2805
1870
4929
11030
7529
8855
10835
10911
12070
13218
14517
13843
13559
14633
14726
14253
11409
11139
9226
8060
6771
5786
4302
2795
2602
6557
5065
3878
659
209
2207
-3736
-458
-3307
-5092
-2271
-3444
-2434
-3771
-1558
-1399
-758
-290
234
693
641
682
1098
1073
510
-278
-2126
-1499
-6366
-7892
-8407
-10196
-8876
-7118
-6570
-6412
-8217
-4398
-8011
-2684
3696
-1435
1896
3308
2496
2968
4489
2764
2152
2425
892
1508
-116
498
-370
-2909
-413
-2407
-3176
1605
820
2041
6349
8232
13820
12598
12494
15781
14794
15293
14390
14774
14065
12826
12763
11671
10295
9595
9600
8456
6172
5956
5509
4418
3282
1752
1529
-1545
-1982
-4165
-5176
-5908
-7584
-7825
-10776
-9302
-11192
-8494
-7002
-10225
-12359
-6244
-2449
-6595
675
-809
-1705
993
1270
1134
3109
6288
6073
6756
7827
8751
13359
14735
11427
13043
13727
11745
11473
9646
9731
8460
9314
3739
4333
2935
3244
4480
2928
729
-2611
-3843
-4153
-3699
-2311
-3448
-4040
-4606
-6621
-8201
-9940
-13634
-11799
-12719
-16157
-15628
-17999
-18513
-15533
-14815
-12294
-11993
-8009
-2854
-1688
1238
3263
798
7729
12296
9636
12955
12986
16420
19723
15427
16962
16138
17432
14974
14998
16039
15435
15528
12594
13251
12571
12212
12130
10334
8675
8492
7773
4733
3137
2138
-977
-1809
-3312
-6017
-6089
-8163
-8025
-10398
-12384
-9967
-11852
-9073
-6846
-6887
-5980
-3595
-3792
-4731
-3933
-6631
-5312
-5381
-6329
-6616
-5357
-4053
-3704
-3644
-4993
-3236
-276
-2271
-5127
1985
3006
2846
5424
6076
7492
5834
6364
6247
5110
2855
3371
2863
1143
1796
1358
673
-1040
-1159
-2383
-4659
-4846
-6219
-2736
-5093
-1574
-107
1702
6959
3401
9377
8245
6824
8449
8772
9266
9353
8736
8299
7930
6188
7834
6562
6832
5922
4678
3501
3554
4079
2530
1701
-568
-1126
-1269
-1753
-3115
-4065
-3253
263
-4488
-4404
1941
-1339
2151
2482
658
2038
2604
2126
2169
3302
2357
2782
2383
4189
5339
5604
3798
6748
5664
1285
934
838
4786
2647
2076
2716
1367
1986
7536
7105
4645
5641
5499
4779
4415
3136
3293
2055
3297
1242
490
-269
-2350
-2505
-7729
-8918
-11310
-11533
-13527
-13958
-14525
-16033
-17621
-17544
-17245
-14555
-10788
-6831
-7914
-9481
-956
4312
6700
5243
1855
6521
12111
8795
9107
12109
12080
16361
16202
16043
17308
16753
17756
15909
15900
13829
13266
13469
12027
10808
7987
8233
6115
7437
6269
4937
4462
3837
768
177
-1092
-4257
-4195
-7073
-7160
-9123
-6033
-7811
-10428
-11391
-12611
-12392
-12788
-13185
-12909
-12361
-13313
-7156
-8743
-9849
-7853
-4186
-9037
-4150
-3527
-6975
4281
4274
4790
6093
2348
4979
5588
7324
5530
7122
6450
5602
5659
3418
2900
7604
8468
1865
941
-422
-1
-399
-2265
-3497
-3318
-4868
-7432
-6524
-9554
-7484
-5994
-6696
-5717
-1847
3727
2160
2423
2124
3225
4901
4546
3245
914
2730
3335
1478
588
334
1296
3731
2914
742
-81
133
-1499
-1353
-3112
-1646
-3812
-3857
5067
2805
3376
6481
6118
6972
6784
5709
6536
7196
6613
4834
3132
3154
3518
384
-183
-666
2829
4308
3192
4129
3885
3658
3866
1959
1566
5250
3195
1199
2131
-411
367
-907
-4270
-3108
-4416
-322
66
2361
1436
1442
1723
2181
536
-5147
-5616
-7131
-6709
-6860
-6028
-6445
-7370
-8162
-10059
-10347
-12333
-8506
-10899
-14717
-6202
-7432
-8815
-1553
-1326
-1558
2666
4467
8631
10940
10757
10617
13134
11900
12334
15028
14336
13342
11866
15312
9345
12837
14529
10744
11822
12764
14905
12337
12484
9700
8694
7818
6628
4437
3835
4066
3827
2435
1700
2919
250
1288
-803
-3100
-4240
-5980
-6313
-8313
-9085
-10442
-10433
-10802
-10414
-10131
-9166
-8643
-9090
-6342
-10276
-10973
-4482
-6689
-5586
-120
-1377
-136
-457
1749
690
6154
11144
6076
6106
8881
10136
9407
8130
9145
9008
10049
4066
4144
3673
3700
2893
933
909
-744
-982
-2169
852
-1220
-3389
-3960
-3337
-9766
-8118
-5688
-5249
-2890
-495
1977
1262
2883
1385
-1447
-1262
-2191
-2222
-2864
-5276
-6838
-8692
-7096
-5258
-6828
-6932
-5403
-2024
-6084
-366
3995
4298
8165
7166
8641
10161
9684
10853
11830
10595
11780
11821
11361
9678
9375
9224
7445
7068
6043
3847
4063
4442
3363
2652
2794
2620
2072
2577
2188
2000
603
-230
274
-1661
-572
-2404
-4294
-4432
-5992
-6434
-9244
-6475
-9421
-7727
-9437
-12022
-7420
-11292
-11970
-11777
-10214
-11536
-10807
-10993
-8848
-10259
-8557
-5844
-13348
-5519
-3182
-4816
-1757
-1877
-1976
-2892
-3376
-2819
792
2791
4139
6030
6754
8623
13900
12600
13245
15099
12957
14376
15056
16536
14093
13540
12948
13214
12514
10231
8093
7380
7720
6139
5461
1815
3741
1452
-1059
-414
111
54
-2112
-3067
-3385
-2821
-4522
-5698
-7058
-8219
-8725
-10690
-12757
-13099
-14051
-15583
-10029
-8678
-8082
-10033
-11475
-10335
-2171
-1686
853
5081
5678
7896
8394
8977
7929
8577
8488
9251
10035
9139
8673
7133
8869
6346
7423
7294
6231
2375
6518
8591
353
2630
1085
1057
275
553
-51
-1228
-1393
-3567
-2461
-3923
-5915
-7273
-8106
-9077
-11130
-12864
-14185
-11557
-7268
-4046
-1579
-2742
2471
1103
503
1858
1116
1045
24
2912
3765
1313
4808
-1025
3805
9003
6745
8041
8241
10067
7983
11975
7294
4907
4371
9227
7018
4208
10475
10761
10035
10368
10924
3137
4503
5112
4802
5004
3367
3852
4079
2714
2980
3025
2496
682
1724
46
1385
180
-33
-779
-828
200
-2942
-1854
-3977
-3564
-5669
-6461
-7566
-6783
-6699
-9415
-7826
-10789
-10874
-11295
-13716
-12219
-9837
-10454
-8902
-7372
-9913
-6526
-3599
-3828
-1711
-727
-4
231
-103
1434
1025
550
1153
380
-711
186
978
3891
5600
7079
8870
11404
15977
13388
14415
14173
13068
14524
15182
14317
12355
12418
10569
9683
8844
7991
6654
6499
4890
4711
2810
-1745
-2955
-3547
-3743
-6256
-9110
-9092
-7705
-8579
-10828
-9487
-8463
-8408
-9100
-9865
-9905
-8684
-7714
-3254
-8808
-9238
-2107
-2981
-983
209
3824
4088
7173
7978
9178
10001
10753
11192
9633
10573
9737
11510
9468
8849
6151
5377
4715
1709
5761
4537
4233
3091
-2420
-4328
-4842
-5596
-4089
-4276
-8063
-5838
-3280
-5435
-7209
-4356
-6189
-7371
-7374
-10035
-8712
-8896
-10110
-11182
-10532
-12373
-11701
-9700
-9322
-8069
-6583
2030
722
2100
-2336
-88
3952
1322
7305
9943
8595
12041
12710
15054
14365
15491
16292
14045
13593
13272
13248
12139
11469
10557
6554
6032
5770
6574
912
1889
5309
737
1694
1425
1653
346
2157
-279
-733
-1977
-1757
294
-1179
855
-660
830
-545
-113
530
693
2624
1825
3361
2049
938
672
122
-2139
-2956
-2921
-6462
-6350
-7379
-7013
-6691
-7973
-5663
-7757
-7382
-3621
-2693
-2785
-2143
-2047
-1473
517
-2922
-2122
2399
-894
-903
-1280
-3504
-3781
-307
306
-1431
-1584
-735
-160
3902
5043
5754
4698
10614
14421
12557
13329
12576
12761
11689
13665
14428
14320
12813
11847
11954
10755
9825
9584
9742
7040
5189
4469
2630
899
-1551
-2815
-3562
-5528
-5994
-9624
-8362
-8200
-10056
-10224
-12760
-9389
-15667
-12031
-3219
-4740
-3605
-2355
-3479
-2358
-651
465
1408
3033
4524
5939
6038
7680
8646
9583
10711
10070
9602
8685
8603
8021
8076
7945
6811
7131
6244
6233
6006
4637
3005
2525
1634
210
154
-577
-1673
-3246
-3182
-4876
-5860
-7430
-8810
-8712
-10071
-10498
-12608
-12045
-14660
-14870
-14886
-15009
-14322
-15512
-11540
-9621
-7005
-903
2967
427
5569
8602
9564
13303
11987
14895
16920
17111
17419
17561
18697
17387
17144
17360
15711
15354
14628
14241
13810
11629
10620
10009
8368
5895
5474
4229
4150
2784
668
1964
-628
7
-3762
-2878
-4232
-7194
-4388
-6667
-4988
-4080
-3165
-3850
-3350
-2946
-2118
-2428
-2299
-887
-1015
-234
-1512
-2143
-3427
-3140
-4185
-4067
-2287
-2459
-851
-3055
-3806
219
1280
3000
3098
3150
4505
4819
3410
1477
-242
5324
5579
3594
3386
2265
1338
-697
750
132
-122
-524
-3292
-3218
-3268
-4187
-2919
-180
-459
4094
4433
7773
13476
9966
6590
9362
9870
11183
10577
11423
10192
7601
7069
10111
8989
8376
7572
7131
4434
3169
-3821
-5022
-4482
-6126
-6553
-7717
-8492
-7778
-6684
-7533
-12195
-6269
-2661
-6470
-2099
-1247
-6844
-1751
-1296
-1836
1428
154
2550
3178
3330
1900
4146
5553
6858
8045
8602
9410
10824
11529
9693
9622
8658
9953
8613
7764
7634
5739
6539
5023
3754
2272
1993
1833
-849
-814
-2507
-3990
-4993
-6891
-7974
-7679
-9296
-9772
-10573
-12195
-14580
-16669
-18353
-19500
-22392
-19484
-17550
-19843
-14960
-12988
-15093
-14072
-5910
-1865
-4949
4601
8800
7302
11495
13993
11752
12656
14718
16928
17476
18624
18082
18591
17480
17303
17073
15583
14611
14378
11986
12122
9345
7498
7229
4863
5443
3177
2814
3567
2068
-227
-122
-1286
-1704
-3427
-3771
-5537
-6599
-7747
-9461
-8922
-10684
-8648
-11482
-12113
-10427
-11020
-10309
-8839
-7957
-8897
-6086
-7330
-4129
-2924
-287
88
-5239
2140
2189
3850
5818
6142
6600
7048
7921
8015
11009
10262
10711
8831
8446
8834
8421
7646
7558
6342
4513
2924
873
111
-3139
-3495
-5786
-6369
-8199
-10805
-12140
-13145
-8859
-11558
-3810
-2210
-3516
1313
-2889
1509
2942
1898
1153
3169
4466
2796
2125
792
1656
6109
5416
5223
5141
3332
1819
-3902
-4520
-3293
-563
-2
-644
-5116
-2957
3248
2050
2962
2681
1749
6947
6171
6924
5333
5073
312
140
1809
953
2973
33
916
3700
1260
4716
4544
595
4318
6504
3991
6159
5881
5799
5364
6066
5792
5563
5751
4784
4648
3424
3446
2661
1910
505
624
766
567
-470
-1093
-2621
-4398
-5562
-8548
-9802
-12344
-13625
-15480
-12060
-12760
-14113
-12185
-10509
-9676
-14624
-12015
-7841
-9266
-4064
-4813
-1048
5457
8633
9932
9687
12692
16363
16109
15841
18927
17642
18195
18073
18400
18638
16867
17180
11785
11149
15076
15116
13537
12519
11564
9925
10018
8203
1598
1622
449
-329
-171
-1361
-1393
-3871
-3983
-4524
-7133
-6940
-10565
-11395
-12404
-10665
-11784
-12054
-12956
-13405
-11984
-14102
-11501
-12205
-8880
-10835
-9487
-3557
-5338
-8002
-2691
663
635
3781
3412
5122
5454
7573
8003
10643
12051
11576
13699
12003
12908
12394
10703
9958
8382
7510
6558
6661
4515
2790
1423
-540
-1659
-4036
-6426
-7087
-9697
-10481
-11273
-14109
-10754
-10569
-7142
-7628
-3682
-1632
-4068
1570
-258
1404
-3137
-3502
7829
4827
4127
5072
3633
-2351
-715
-2728
-1877
-3458
-1924
-1263
63
5826
-5035
2492
2203
2258
4317
4422
4105
5816
7608
6238
8776
6584
7184
5819
5897
5832
5422
5684
4703
3792
2516
1611
687
1149
1661
2605
741
891
-1687
565
1463
740
2606
-2055
-1622
2869
3764
2229
2971
266
323
2224
1538
1943
-131
-755
-117
-295
-643
-1158
-3359
-4291
-5061
-7133
-8561
-9284
-11354
-12613
-12485
-7135
-6067
-10181
-9159
-5315
-6350
-4215
-2780
-8536
-4371
-2028
1142
5009
7898
10666
8599
11138
7978
9716
12276
8920
14192
13464
11029
12617
13903
13839
13557
12465
12347
10513
11031
10820
9579
9606
7963
7396
7134
6979
7011
6534
3507
2097
1
-1800
-4547
-5439
-1846
-3354
-2930
-5581
-5222
-6726
-6845
-8335
-8987
-9795
-10445
-10093
-10763
-7997
-7320
-5021
-13585
-8568
-2967
-6925
-2664
-1659
-820
792
-62
-1046
2345
6296
5408
5522
5731
5299
4682
9903
9162
9037
8780
8360
8389
7206
7619
7577
5736
5860
-1667
-1683
-1885
-4024
-2855
-4592
-5799
-7053
-7489
-8758
-11393
-7393
-7489
-7026
-2129
-1501
1234
1069
599
2416
2555
1954
2029
-380
-2337
-1503
-2262
-1819
-3395
-2465
-2396
-239
3969
-1763
-1009
3684
1291
3768
4315
3474
4958
5179
6818
7475
9045
9530
7044
7064
6300
5082
3786
4030
2263
1926
2518
1182
1609
796
736
-1215
1145
1306
1183
764
-335
-1120
-401
1609
-466
1818
831
-51
-2876
-1581
686
-744
-1203
-4491
-2419
-6678
-4947
-1245
-5161
-6001
-6079
-6801
-6827
-6926
-8380
-7844
-6459
-8909
-6113
-5324
-11724
-5559
-3060
-3703
-793
-767
-3089
-1971
175
-1450
-583
1936
4526
5661
6907
12005
14098
12511
13541
12665
12696
13297
13760
11823
9927
9053
10465
10688
11523
10631
9937
9598
8005
3802
7990
10235
7392
6830
5089
4810
5396
3974
-2610
-3712
-3648
-4007
-3751
-4664
-6885
-6628
-8382
-9497
-10856
-11306
-13201
-13977
-14163
-11924
-10875
-9305
-5533
-10669
-4548
1164
-851
2069
2969
2131
2089
3331
3216
3518
5154
5750
5597
3105
3979
7564
7399
8910
7289
5766
1949
3873
10452
4626
3557
4340
2421
2782
2583
673
470
1580
386
-502
-2428
-3400
-3395
-5164
-7473
-6750
-10068
-11542
-11459
-9653
-7264
-9508
-8590
1832
2668
-1304
311
626
-3412
-5590
-5425
-5358
-3396
-2776
585
-1966
-6414
4638
-1024
2529
3230
2899
7193
5808
4496
3370
12930
12953
12700
13396
11261
11380
12372
10998
11618
10034
10169
10472
7945
8373
5532
5167
3185
3748
2534
1022
2414
1500
1247
144
-630
-1354
-191
-1241
-1521
-1428
-2045
-3331
-5479
-3928
-4771
-5035
-8008
-8085
-8652
-11606
-12399
-15591
-13676
-15845
-15253
-13558
-18599
-17683
-13092
-8476
-10090
-12963
-7471
-4769
-4022
-1465
-1231
-892
1319
1530
1140
1054
2926
2253
927
1110
-895
6553
9792
7766
12917
18800
16600
14024
14786
14154
14416
13586
13715
11390
11749
9905
10470
8783
7591
8168
4883
4447
3002
2963
-358
1544
-1958
-1969
-3579
-8303
-9240
-7837
-7098
-9469
-6975
-8617
-8133
-9535
-10034
-10746
-10303
-11490
-10941
-9811
-8709
-9576
-12359
-4208
-3279
-4939
4938
5391
6857
7427
9598
11367
6561
10919
10764
9828
9815
11279
10496
10810
9351
9932
9210
8047
8695
6259
6158
3190
2734
936
1620
641
371
-2149
-6623
-2174
-1830
-2528
-1396
-3215
-5835
-5975
-7546
-9746
-10697
-10541
-10743
-10986
-13156
-14987
-13945
-10802
-6578
-6421
-3345
-1093
-2639
-813
731
2576
2370
5233
6268
1186
4224
6433
6824
9527
11238
11569
12302
12708
13713
13260
11568
10650
7435
8662
5962
7415
6143
3761
1073
-1334
3963
-1807
-262
732
-2897
-1961
-1451
-2300
-3018
-1745
-2441
-2470
-2844
-3812
-5060
-3629
-5127
-4375
-2435
-2422
-1002
-600
602
-821
-1780
-3302
-4639
-5910
-5630
-7687
-3736
-4602
-3812
-3904
-6319
-12961
-12897
-9100
-9740
-5200
-11642
-8926
-4099
-7376
-1553
-600
-3598
-6439
291
-2753
-2772
1806
-1534
-1313
-1450
-2127
-2377
-1741
-3162
-3904
-2882
-2198
4559
9418
11228
12959
10427
14251
8701
8288
9398
11273
10930
10608
9698
9001
7934
6972
5797
4668
3837
1699
1570
1848
1215
-562
-3049
-4196
-5642
-8457
-10082
-12587
-13384
-11354
-13328
-14894
-12981
-15709
-13409
-7447
-5502
-11492
-7990
-1511
-5188
-1829
434
1704
2294
5407
8207
8237
10376
11357
12846
13538
12655
11795
10413
10249
11046
9736
9561
10562
7986
8025
7668
7058
5357
4993
4570
2525
4097
1659
854
-478
-201
-588
-4101
-4578
-3949
-4614
-6932
-6769
-7710
-10990
-10789
-9937
-10821
-11086
-11959
-10884
-11162
-13758
-10433
-9031
-5615
-3528
226
2445
1603
3583
311
7112
9278
9149
13210
11814
13093
13373
15350
17081
15269
14110
12178
12139
12882
10306
9731
7756
6407
7011
4985
3299
2909
3053
4313
2798
1800
1058
466
-150
590
-2412
-3565
-1905
-147
-2025
-1151
-649
-1027
-1447
-2339
-1177
-2000
151
266
-10
510
251
-2825
-4682
-4874
-5351
-5815
-7576
-7075
-6764
-7270
-4977
-4949
-1941
-6483
-3428
-493
-258
-1659
-1499
347
-1165
394
-1277
-535
-1880
4688
2734
2280
476
1462
1478
-1407
1259
-7354
-9676
-8481
-7723
-6332
-4929
-4821
-3166
1869
7842
11006
11465
12156
13826
13488
13315
14484
14871
14200
13362
11343
10938
11832
11005
10170
8430
6755
5747
5823
3150
1130
307
-1995
-3236
-5035
-5233
-6989
-8218
-8656
-6809
-8344
-9398
-5047
-5922
-4971
-1695
-3199
-2653
-271
-3061
1460
-1119
-1516
4159
1760
2180
7988
7884
7822
10337
9170
9870
10239
11638
12948
12003
11889
9619
11114
9847
9703
9255
8083
7492
6453
5894
5464
5054
3326
2023
986
273
-162
-1486
-2918
-4511
-6924
-8622
-10212
-11402
-13758
-13344
-14688
-15390
-17397
-18142
-17671
-18951
-16903
-14021
-13742
-11206
-4558
-597
4985
4655
8461
11157
12097
9166
10328
13859
15033
16941
15702
17371
17935
16762
17507
16041
15291
14132
12631
11707
9773
9081
8927
6935
6658
6783
6196
4839
3508
2186
1387
420
-2016
-960
-3821
-5222
-6585
-8785
-8901
-10427
-9517
-8629
-8432
-11411
-9544
-7679
-10085
-7567
-6347
-6632
-7210
-6204
-6137
-6757
-4111
-5920
-584
-3433
-2752
6317
2320
4845
8581
7825
7063
9904
10091
9958
11081
10553
11267
10647
8277
8868
8182
5724
4091
2583
2420
-50
-335
-1412
-3403
-4843
-6077
-8625
-8251
-9850
-9824
-6955
-8459
-4478
-4210
-1306
5265
2309
3073
4914
4224
5359
4965
4432
5257
4106
1330
329
-94
487
669
576
-1404
-1045
-1777
-1111
-989
-2077
209
-113
-2680
47
6470
4428
4498
5397
4835
5407
3819
2495
3369
1917
1120
774
-1102
-457
-875
-967
-1986
-276
5150
1720
2887
3417
5971
7094
4256
6088
5976
5927
4208
5336
991
356
3125
1678
2993
2699
2664
1971
-749
-456
-1899
-2701
-4159
-4874
-5116
-7573
-8538
-8484
-8373
-10047
-10751
-13815
-14833
-15758
-16553
-16412
-16648
-14869
-16527
-12590
-12834
-12784
-12115
-10322
-7239
-4266
17
3010
7409
7840
10180
11593
12691
12548
14191
16131
14759
15353
15653
16251
15713
15068
16017
15156
13928
12844
12676
11450
11508
10076
8566
7270
5590
5552
3064
1155
460
48
-2765
-4390
-8326
-9590
-9311
-11242
-12109
-13300
-12687
-14193
-14658
-15558
-16892
-15913
-16210
-16312
-15576
-13838
-14579
-12396
-11388
-9898
-2103
-2320
309
3461
4942
6613
6754
7456
7339
11057
14544
14342
12501
13519
14208
13261
13285
12001
10789
10622
8727
7917
7069
6902
4903
3721
2463
820
-180
-2348
-3298
-5112
-7642
-7331
-8447
-10852
-12309
-11266
-11031
-11716
-8595
-5774
-2074
-1899
-2032
-5644
-4023
3967
3106
4623
-818
-489
-725
-303
-1270
-1966
-2134
862
4950
1918
45
7616
7599
9225
12914
9946
10965
12585
12457
12008
11908
12180
12277
11120
9635
8117
6979
6802
5186
2887
1723
-107
-1243
-2948
-2753
-3971
-3288
-4061
-4530
-3215
-3834
-934
-2061
-2168
-2688
-1576
-273
-1127
-297
-873
-301
-903
600
2613
-357
-800
30
-1544
-2028
-2946
-5042
-4950
-5099
-6901
-8336
-4714
-10842
-6902
-6635
-3993
-6974
-5766
-2092
-2364
-1040
-2122
-101
-2936
-4058
-2448
-2938
-290
2371
1940
4243
9316
10543
10648
8609
11719
11166
10459
8239
10809
11944
9953
12754
13205
9221
8333
9723
8988
8491
7620
5132
4204
4317
2898
2606
7820
2880
2706
2325
583
-645
-1290
-3128
-3511
-5984
-5248
-6082
-6823
-8254
-10214
-10426
-12581
-11453
-12924
-11901
-10347
-8997
-8882
-7775
-2872
-4906
-236
-1539
1430
5025
3176
3455
1814
6483
7228
9204
7147
8829
10006
9873
10322
8894
8483
8851
9412
8233
10031
9108
7993
6251
5586
4880
2998
2057
1356
136
-213
-2313
-4406
-4081
-6578
-8108
-9028
-10306
-9599
-8734
-9797
-9568
-7179
-6089
-611
73
-2253
-461
-1124
214
-2306
-1715
289
-1097
-453
-1250
-1218
-4459
-1102
4146
1689
5272
6257
4089
5384
6575
6993
8656
9145
8796
8956
9466
9464
9002
7467
6723
7173
8966
9267
7979
6045
1788
1586
601
71
-1137
-2883
2145
1269
1691
583
345
1346
-734
-4579
-2520
-1855
-1159
-2770
-3555
-1486
-2631
-1715
-2345
-6897
-4790
-4701
-5246
-6188
-6245
-6125
-7919
-5139
-6419
-6021
-4223
-3363
-5610
-5705
-897
-1959
-108
2078
136
-77
324
411
1158
1555
627
1260
566
-804
159
-20
-587
2554
5462
9751
10052
6892
10704
9415
8702
8558
8087
8743
6804
6517
6323
8040
7941
6740
4385
5420
6218
4765
5930
3947
2518
414
-808
-565
-681
-3755
-5367
-5658
-7077
-1716
-5035
-4528
-6752
-7599
-12219
-13261
-13496
-11919
-11781
-15714
-9542
-7568
-7850
-3721
-2350
-1723
922
-119
311
7276
5804
9027
8855
10561
7819
6963
9750
6914
2951
2712
4102
4340
420
2007
4046
3001
3392
4232
5189
4915
4971
4372
3069
3429
2583
632
-721
-2812
-3374
-4371
-6144
-6522
-9475
-9134
-10999
-13270
-13575
-16498
-16160
-13485
-12486
-11756
-9579
-5508
-3218
-3326
-2139
-1830
-1229
-4495
3412
4797
3064
6265
5130
7742
7188
11538
10764
12585
11398
11542
12038
12152
16036
14461
14085
13356
14049
11741
11946
11526
9869
7731
7543
7463
6144
5528
3578
3467
1221
86
-271
-2655
-4239
-3371
-3880
-4883
-3379
-4455
-3522
-4264
-5778
-5363
-5651
-5744
-7472
-7334
-9780
-10312
-10708
-11335
-12919
-12061
-13203
-12837
-8365
-9836
-6301
-9742
-9374
-2449
-2036
1610
4967
3696
3985
5919
6092
6643
6260
5716
6079
6742
5694
5750
5631
3910
4007
2443
2261
521
-23
2608
4673
5973
4997
11520
12589
9605
10333
9825
9364
7386
7734
5156
4201
4272
2537
2503
1171
-49
-83
-2346
-4345
-1220
-3731
-5961
-6400
-8991
-6711
-8241
-7119
-9535
-9488
-8919
-9598
-6512
-4963
-4486
-8944
-1476
-974
-446
888
-751
-149
93
7244
7114
9953
8517
9963
9847
10843
11489
10532
10113
11145
11206
8754
9509
6998
2182
343
4733
4825
-619
-318
-2617
-4017
-5591
-7014
-7474
-107
-7220
-7130
-7691
-8730
-6216
-6865
-7412
-6503
-6203
-7922
-7495
-7202
-6886
-8328
-10234
-9790
-12049
-11740
-13032
-14495
-12304
-12008
-11085
-8253
-3011
-6406
362
6428
4216
9383
9368
9957
12950
15897
14426
13312
12032
11832
12703
12374
11536
11354
8797
9293
9133
4685
4875
3404
2395
527
829
-518
-614
2143
2433
3644
3147
2635
2835
3036
2688
1635
761
-1533
-1489
-391
-1444
-1431
-2021
-2897
-1606
-1452
-1676
-967
-1480
-1512
-2547
-3157
-3514
-5203
-5419
-5916
-4787
-6284
-4110
-5223
-8872
-984
-1936
-455
4005
779
1171
1481
311
1300
2917
2780
2672
1719
731
1942
4341
2342
1145
2211
1945
464
-327
-425
-3025
-3014
-3735
-4557
-3751
-2279
-1400
1710
3461
2080
8496
9755
10001
10657
10585
11225
10226
10997
8425
6361
4314
2928
980
-2238
-3032
-3677
-3748
-5253
-6052
-7076
-9661
-11091
-6005
-3964
-6366
-3547
-6235
-5074
-1495
-9981
-1522
-639
-3816
22
1288
63
311
-200
330
127
2794
4160
4227
6387
7017
9194
7729
6785
6662
7261
6375
6937
7126
5025
5946
4424
4040
3890
3165
2908
3253
3255
2316
1853
-132
-84
-1216
-1636
-3188
-5846
-5712
-6753
-7119
-8253
-8411
-9437
-13806
-16954
-11798
-12900
-16878
-15792
-16135
-15000
-16140
-12534
-15446
-15327
-9440
-5078
-4034
-2977
3374
5186
11412
12461
13358
14583
16240
18604
18070
19343
18342
18422
17393
16982
16306
15082
13507
13164
12631
11908
11694
10018
8925
8660
8384
4114
2544
517
28
-1130
-6475
-4428
355
-4005
-6359
-1197
-2931
-5459
-266
-1768
-2846
-3001
-4597
-5824
-4973
-5885
-6820
-7804
-8023
-11993
-10706
-7761
-7371
-3556
-2739
-1586
-5302
-1454
3588
-458
4391
3954
2980
4659
4942
4230
6512
5225
6099
6060
5315
4754
5063
4932
3537
4006
2951
3309
25
3641
3501
-2696
-3243
1205
-2277
-5794
-3600
-4588
-6457
-4314
-3319
-619
781
-1330
2399
3872
5391
4999
4778
5791
6586
5152
6862
5461
3886
4932
3650
2631
1192
721
-2889
-2263
-3995
-4037
-2598
-2363
-8051
-7991
-1686
-3769
2834
2987
4031
2600
4688
4459
3638
3064
7769
5663
1370
10649
5062
-813
1450
288
2600
2544
3580
932
2868
5582
5170
5954
6449
7160
6525
8101
6268
5999
4885
5253
5623
2444
2325
1664
752
-910
-1354
-3084
-3207
-4758
-5324
-7424
-9308
-9480
-11161
-11773
-13511
-14738
-15236
-17849
-18372
-18362
-18533
-17377
-14474
-10946
-16809
-8050
-4991
-8225
-5852
-5840
-969
3558
3079
7160
9464
15394
21081
17290
20688
14962
13323
16727
18139
17110
15117
16192
15562
14935
14586
13953
13309
12511
11101
10016
9862
7568
6135
4587
3343
2006
-451
-2375
-4273
-4276
-6437
-6944
-8996
-6388
-7927
-9689
-7645
-9657
-12031
-17372
-8305
-10347
-14476
-10286
-10746
-11362
-9423
-7689
-5259
-1584
-5772
612
5318
5393
8532
9219
9085
9530
10371
9241
8762
9227
9762
9686
10942
10797
10105
8441
7724
7112
4894
4496
2711
2549
-359
-578
-878
-2888
-3989
-6556
-7109
-7978
-6573
-9255
-9182
-7110
-12005
-14068
-8747
-9286
-10191
-6519
-5744
-4752
-2277
4416
3376
2307
4956
4517
2849
2547
3991
4565
4549
2141
2429
2945
1917
3919
4860
-58
5320
7217
3790
9842
7963
8094
7996
6631
8406
6904
8460
6371
5525
5188
4341
3624
1989
-1132
2581
1280
192
2539
-472
-4736
-1631
1850
-1194
17
323
679
1291
2484
2441
2343
3507
3025
3571
4138
2845
2684
3285
2155
2604
-3152
-2613
-1003
-1310
-2390
-3557
-3261
-3874
-4605
-5266
-5698
-7119
-7853
-6186
-8713
-5270
-8046
-10238
-2938
-3600
-3026
361
-4159
-4582
-2306
-2852
-2007
-1775
-5677
-5783
5021
3942
5381
6946
12250
16564
12608
14087
12860
13692
11974
13383
12168
12659
11348
12511
12590
11441
13934
10767
11891
8704
7615
5336
4433
4228
1804
5306
4222
3978
549
1396
-1226
-2136
-3187
-4979
-6879
-11557
-11332
-13515
-13965
-14159
-13627
-15761
-14079
-13415
-8312
-16520
-15110
305
-4691
-1372
2168
714
3053
4555
5554
4939
6370
6301
11717
12212
11946
12479
11656
11136
11223
11257
8895
9306
3105
3674
4890
5540
5415
3546
3439
2515
1237
-1113
-1853
-2874
-3626
-4302
-4163
-6129
-7948
-9969
-12238
-13502
-14664
-11681
-13087
-13186
-11059
-9974
-12818
-6256
79
-2045
-286
-4777
-2812
-825
-1028
1393
2581
1395
1101
4918
3932
5226
8339
7880
9952
11264
11159
11789
11873
11318
11500
10258
9205
8641
6542
7903
6849
6073
5287
4355
2864
2275
-476
-2207
-3455
-5022
-5578
-7330
-60
-2418
-6648
-7806
-5659
-5216
-6004
-9397
-5015
1730
-6381
-2140
-1189
-1567
-68
-962
144
-294
-200
-1914
-3649
-2286
-2884
-4694
-5613
-4576
-5250
-5485
-4898
-2744
-4491
-8407
-1069
-3503
-2537
-598
-3621
-1260
-2283
-1843
-2075
-2333
-2220
-1333
-2881
-4168
-5381
-6109
-4841
-5978
-6382
-1658
758
85
7406
4118
7182
12392
6881
10250
8543
14033
15416
14314
13241
8590
9986
8544
7730
6767
6551
5778
6156
4324
3526
3646
3016
2004
-618
-1020
-1730
-2181
-4894
-5930
-7102
-9212
-10387
-10582
-11053
-12211
-9907
-12258
-11512
-10283
-8108
-7136
-4970
-4852
-4263
-2301
-56
3697
3349
3443
948
10111
8551
7539
10818
9470
11323
11040
12149
10025
12564
10440
10147
11213
9316
9154
9340
9083
8551
8357
6209
5002
3692
3200
2176
751
-1460
-2379
-3553
-7238
-8515
-11146
-11400
-15216
-13055
-11715
-14259
-19874
-20101
-18729
-19309
-15432
-16200
-13855
-9187
-8756
-5918
-4219
-5015
-5610
3790
4556
4725
5823
7420
8206
8427
11056
12763
15350
15369
17044
16510
16620
16867
16246
15464
16080
13764
10907
11978
11090
9852
9116
8906
9250
6451
4962
3375
366
-360
-2291
-4276
-5332
-6617
-7819
-9504
-10037
-5248
-6768
-6173
-7567
-6190
-4960
-5571
-4349
-3821
-6459
-9729
-5721
-6336
-7926
-5654
-7777
-5572
-5583
-5008
-4010
-2776
443
-4673
-8239
-1143
510
2237
4679
3550
5750
6597
6026
5048
5136
5510
3514
4757
4210
4242
3509
2144
966
342
-1048
-1457
-720
-937
-169
1562
1313
4498
5346
3656
5160
4090
5412
5829
6267
4229
604
4496
6676
5265
5812
3667
4644
5365
4928
3845
2282
3827
2720
3339
1045
-1826
-3391
-5507
-6492
-8656
-7729
-3742
-4422
-977
-3021
-9624
-2419
-2775
-3111
-169
-2276
-150
782
2882
3097
2338
2971
2568
4948
3967
4749
1499
1097
8821
7060
5870
5595
7273
1966
3998
5796
4627
3437
4169
5629
-829
4340
3456
-75
-1046
754
-1296
-1557
-734
-155
-20
-2429
-2432
-4411
-3601
-5090
-6864
-8281
-9779
-9557
-11630
-12865
-13426
-13022
-12695
-11713
-9841
-9610
-7507
-3176
-300
13
4257
8307
8272
9502
10438
12042
12502
12258
14061
13557
10983
15371
17345
15746
15409
14988
14179
12271
12308
11138
11626
11250
10288
9252
8826
8525
7578
6876
4361
2624
357
-480
-1950
1101
190
-37
-499
-1948
-882
-2888
-3646
-2556
-3290
-3827
-3365
-5565
-4593
-4379
-4573
-3249
-6691
-5468
-10653
-13705
-11119
-11115
-9617
-10996
-7459
-7716
-2371
-1437
-1347
1262
3432
5532
6117
7354
6165
5349
5944
8833
6330
5418
4526
4678
6759
4796
5114
2777
1611
658
165
-1198
-3182
-3338
-3651
-1579
-1830
-118
-241
2325
7963
7626
4595
5555
7334
6428
6777
5347
4233
2493
2336
1341
641
852
-1794
-6005
-3305
-299
-5007
-5164
-842
-485
-2342
-2813
-3430
-4890
-8028
-5841
-3409
-4665
-879
1248
847
2438
3288
2640
2248
3578
2729
3307
4944
3772
4120
4065
3941
3804
4148
4727
4741
5505
5078
4224
3338
1871
1782
994
1371
1627
-438
2347
3508
4293
3994
1785
-2847
650
3170
-1990
224
-2009
-4792
-2410
-2731
-4657
-4649
-4467
-4030
-5783
-5553
-5649
-8302
-8814
-9804
-11282
-11505
-11202
-11797
-11914
-12100
-8693
-8846
-5115
-1188
2700
10965
8496
10206
11386
11861
11805
9490
12243
11829
10235
9490
14478
13401
13338
13981
11803
13488
13089
8077
6535
4577
5647
4072
5144
6063
4583
4630
4272
3218
3991
1884
2558
2255
1748
-1117
-964
-1921
-4455
-3890
-7092
-6334
-7845
-8161
-10398
-10495
-9416
-9998
-9328
-9833
-9502
-10103
-8887
-11099
-9773
-9590
-8253
-9415
-11469
-5661
-7366
-4307
-5616
994
3519
2930
6154
1024
873
-2820
2729
6078
4607
4476
5725
4462
5237
5144
2761
4497
3359
4092
2076
631
-868
-2675
-3262
-5306
-3808
-2327
-955
2347
2945
3970
8994
10902
8384
9923
10664
8957
8641
7509
6261
5767
4038
3211
2165
547
-24
-1888
-1509
-4673
-5541
-5369
-6949
-5917
-7303
-6901
-11601
-6329
455
-3660
-592
1264
544
1429
2076
1626
1923
1995
4230
4950
4020
5494
5143
5824
5261
9970
8454
8471
9434
3276
3403
3153
4209
3516
4450
3773
2181
1947
1309
4784
3404
3615
2805
2192
476
724
-4558
-5652
-8698
-8545
-9232
-8984
-8590
-9962
-11630
-15604
-8382
-6785
-10950
-10234
-10601
-10893
-12059
-13244
-13699
-13303
-12269
-13477
-12041
-8660
-9330
-6301
-1587
-1150
3790
4352
8295
15612
16683
19443
17725
17311
17089
17803
16981
13917
12889
11424
10578
15600
15062
14711
12983
11138
11805
10096
8649
-311
2020
1191
-728
895
-1216
-4650
-8637
-1370
-1356
-4039
-2765
-5610
-4785
-5327
-4528
-4941
-5432
-4329
-4242
-5527
-5593
-5920
-7702
-6065
-8117
-6759
-6189
-5578
-3961
-533
-907
-1894
6942
3571
5012
9415
6291
8529
9700
9416
10887
7697
7337
9076
6282
5467
4762
3419
3038
1861
2332
2611
2027
1680
-1762
-3441
134
-1131
-4525
-4502
-8380
-9393
-5694
-5741
-5276
-5973
-4150
-3837
-1509
-1353
-50
668
2727
7294
6896
4737
5521
6641
5955
7011
6402
6736
3682
4113
5178
2287
1979
1532
2448
971
4151
235
520
5647
4260
4421
3246
4746
4334
4833
6792
7552
2564
771
-424
4774
1980
455
2857
243
1162
1043
2547
3250
2704
3774
3464
4160
4444
4425
5839
5443
6229
5022
5059
5837
5620
5071
3979
3474
3095
2233
2104
2407
1015
295
-2441
-3063
-3384
-4239
-6231
-5205
-7124
-7653
-6594
-9373
-9730
-11223
-12074
-11706
-11668
-10112
-11080
-17564
-6319
-4495
-8506
-3371
-5526
-4085
-2714
866
1960
5577
9409
9006
11642
16993
17775
16618
17613
16512
15600
16077
16462
16090
16589
16323
15224
12759
12975
11669
10570
8852
7162
7586
5202
4144
2992
3332
3391
3878
1210
1313
173
-1853
-811
-4944
-4246
-5806
-7391
-7169
-10064
-10508
-9207
-8500
-8249
-8659
-9566
-9085
-9318
-6808
-8378
-5485
-5518
-4563
1761
792
3184
5005
6584
5107
5554
4503
9750
10352
9677
10991
10601
11433
11010
4870
3507
5041
5783
5041
5149
4642
3959
3028
2505
1047
20
-1872
-4096
-4972
-7074
-6247
-8127
-9954
-13196
-12508
-8494
-11081
-13044
-10173
-3107
-4027
-1316
-2477
1328
5530
4418
5375
5908
4316
213
2045
1126
742
-1623
3156
4549
3469
5130
4239
3638
8418
6464
5037
6580
6305
6983
8101
8475
8092
7909
9938
3371
4442
3110
2230
1267
-2210
3329
2199
3843
1888
1120
688
-1199
3785
4706
1350
3551
3502
3778
-401
-766
2527
2473
2705
557
2191
4139
3192
3622
2238
2837
1712
660
285
-613
-261
-4
-1652
-1788
-4325
-5363
-6587
-8514
-7800
-9980
-10111
-10163
-10280
-9824
-12727
-7933
-6163
-8008
-6550
-6183
-5375
-4962
-4059
-5785
-3650
-8100
-4048
2626
357
3886
5614
9554
13803
14090
13898
15235
15172
17745
17634
15621
17308
15553
14009
11496
10458
12376
11428
9496
9501
9088
7549
7400
5800
5890
4109
200
-1649
-2716
-1935
-3288
-6696
-7456
-8960
-9495
-9699
-11527
-13108
-16002
-17731
-16586
-16424
-17567
-13235
-15261
-15425
-12769
-11001
-7021
-4940
-1478
1303
2129
1912
4854
5709
8238
10841
11207
11717
11950
11218
12033
12001
9723
9059
8187
8390
6152
5844
7058
6765
7106
5971
5600
3618
1478
514
-1725
-2430
-4995
-6608
-8595
-11421
-11477
-12412
-13931
-15554
-16318
-17125
-16349
-18819
-13372
-9414
-14407
-9391
-4423
-756
-1110
-803
-612
-86
1251
998
2904
3078
5706
2255
4400
9599
9430
13614
16226
15474
16514
15494
13959
14205
11604
12872
12294
12672
11114
9264
10167
8311
6290
4802
5501
3164
2187
1527
2255
1734
32
-1875
-3860
-4747
-4556
-2562
-5563
-4351
-3785
-9216
-6306
-3479
-4597
-3949
-3906
-2262
-3629
-5102
-4497
-4745
-2823
-4026
-230
-760
-3375
-8563
-7977
-8125
-8928
-8794
-8900
-7652
-4983
-2582
-4321
-6443
-1443
-1466
-297
2012
1937
3682
2146
1595
725
1757
1928
-605
246
-1703
-2976
-4378
-1667
-1111
655
246
1829
7672
3072
5310
5865
8121
8923
8821
13658
13201
12977
11620
12454
6054
10988
9260
10052
9147
9784
9640
8504
7074
5472
5260
2974
2263
457
-696
-1504
-2316
-3225
-4439
-5015
-12136
-13303
-11625
-10048
-10660
-9139
-10559
-11822
-6778
-4209
-4840
-3253
-3290
-6444
-1714
-220
-990
1335
1952
4896
6619
7088
8205
9163
7223
9972
8643
7652
8947
8951
9630
8061
8473
7876
8632
6610
6643
6012
5241
4153
2270
2877
733
2232
1748
-844
-2172
-3529
-5799
-7105
-8807
-9657
-9652
-10638
-11505
-13000
-11851
-7813
-4528
-6385
-9555
-8911
-4306
-2032
-2110
-4237
-3781
515
255
298
4305
6825
10315
11932
9520
9122
11459
12337
11691
13904
13118
11575
9469
14744
14933
12643
12370
6456
7523
6206
6622
4740
4793
6549
5071
4959
4042
1707
759
323
-1361
226
-3187
-2475
-4117
-6800
-5394
-5431
-4064
-7497
-7707
-6879
-4902
-6929
-6774
-3339
-7126
-3428
-7861
-6777
-6388
-5279
-5051
-4834
-5640
-6963
-2287
-3350
-1646
-3596
-7190
-178
-304
-36
2268
2144
1004
520
1173
119
845
1790
927
96
-2468
2108
1389
641
1001
256
-709
3163
5769
-2409
-2295
4753
6716
2824
3498
2858
9388
11716
11508
12908
11404
8648
12196
10306
9226
8992
6994
8644
7349
6604
5490
5469
3624
3443
2965
2691
41
-771
-1590
-3739
-3076
-5021
-6203
-10502
-8183
-7652
-6167
-9981
-7490
-4422
-5600
-1331
-409
958
363
450
1714
1855
5302
6133
6221
7726
6418
7473
4330
6726
8553
5870
6497
1616
952
1617
3805
5795
4968
5933
7373
6245
6265
4934
3053
4498
3432
3147
790
-354
-1647
-2426
-3025
-3665
-3388
-5166
-7457
-8553
-8817
-10876
-11165
-12061
-13504
-14457
-14823
-12840
-12247
-14438
-13842
-7018
-3677
-4114
-1745
-4045
749
3221
2108
7050
6378
8928
8332
10749
8502
7939
11349
9367
12307
12424
12463
11062
12244
12404
11323
9637
8126
7803
8345
11434
8844
9878
9678
9719
6808
6122
5887
3810
3871
1810
-723
-3971
-6276
-5533
-4911
-5934
-4422
-4685
-2195
-3637
-3278
-5054
-6167
-7226
-7138
-7249
-8175
-9538
-11420
-8758
-10579
-9965
-10006
-8765
-7751
-3159
-4229
-6780
-114
-973
1715
4259
4017
3907
5176
7662
8063
8492
8823
9450
8837
8508
7272
4512
3272
2452
1004
398
-781
-161
506
2112
3013
2843
1804
6291
10133
6548
7260
6890
8000
8934
8882
8694
6695
6197
4079
3914
4027
2911
3099
200
-1048
-366
-2740
-3966
-4313
-5649
-4210
-2653
-5019
-5983
-7443
-8804
-6104
-5331
-4133
-5633
-7642
-1540
-2428
-3353
-776
-1127
1371
3284
6009
5346
5207
8309
9520
8040
8217
7818
8975
9572
8393
7773
5875
5781
6625
6202
2399
1632
-2805
-564
-129
-2030
-318
-1430
118
-4287
-1906
-1554
-4224
-1677
-2106
-1389
-2289
-5546
-4771
-4900
-5072
-5081
-7369
-10794
-12277
-8745
-10695
-15172
-16022
-13721
-16850
-18968
-8679
-7337
-5218
-3426
-2678
2112
5811
8414
7550
10200
14924
14755
13722
8274
9570
9714
16826
14497
14645
12373
12262
14736
12824
8724
8059
4547
3546
10416
2926
1759
2578
1737
2588
2999
869
1127
5274
4942
4542
3113
2113
1142
612
-896
-1354
-1601
-2259
-2511
-2501
-2055
-2248
-1622
-1420
-2844
-2185
-3496
-8039
-9146
-4036
-2914
-3854
-5829
-8925
-7333
-6064
-1203
-6187
-5401
-3918
-6900
-3949
-1707
-779
-775
389
2625
4309
5531
6120
6877
6536
8000
6487
5151
6837
4981
5124
3281
1669
1543
-469
-219
-39
-2641
-205
3907
2870
6403
5464
10387
13287
9252
9387
11142
11113
10449
11292
9736
10837
8269
6998
6416
5562
3112
3313
1834
-851
-2514
-3998
-4975
-7187
-4628
-8018
-10682
-10145
-7719
-5534
-6909
-4866
599
659
274
2754
3796
4081
3047
3322
4326
4909
3887
4243
5209
4623
5855
5927
6680
7592
6146
6085
6651
6755
5542
7286
7013
6427
6614
2885
4302
4418
4423
3981
3835
2783
2148
613
-1412
-2089
-2605
-2384
-5788
-3126
-6219
-5517
-5640
-6706
-4114
-5539
-7105
-10385
-11727
-14760
-14774
-14354
-15800
-17272
-17858
-15941
-14077
-11004
-3767
-218
-1353
7125
9631
9159
12653
13453
15142
15697
16865
17271
17345
19654
18415
17275
15790
16457
15801
14271
12011
12064
10444
8627
3235
3346
3916
3645
1296
6673
7210
635
3177
-3381
-4524
-1454
-808
761
-491
-684
-520
-675
-1813
-2394
-4812
-4753
-3852
-4773
-4513
-5414
-4266
-6355
-5511
-6502
-6165
-3790
-5151
-4456
-3899
-2880
-6442
741
1177
780
4200
2949
5332
5224
4668
3658
2228
4158
4183
1623
3715
3204
2503
3216
3388
699
-570
525
778
322
2043
1103
1014
-1227
-3446
-3457
-6043
-4871
-5912
-38
2828
1709
1825
7871
5328
6347
4935
7337
6983
5597
7432
5487
5454
3363
2195
-1116
-2839
-2822
-3487
-2987
-4936
-5365
-4727
-5415
-6797
-6779
-8856
-6278
-582
-3875
524
1813
1005
5038
1419
3468
4237
5032
5250
4498
3936
1534
3001
5765
6823
5746
5862
4445
5712
6913
7657
7057
6200
7622
7255
7167
6754
7504
6486
7471
7470
5989
4382
1062
1055
-2727
1803
-24
-1082
-2109
-9252
-8480
-9914
-10875
-12845
-7763
-10744
-11077
-13553
-14287
-18714
-13942
-12911
-15950
-18716
-15008
-13796
-16691
-12556
-9419
-10374
-6990
-4106
1958
2764
5146
9284
11853
16867
17104
16849
17635
16540
18794
19567
18300
19382
17688
16330
15427
17826
17125
15802
14150
12823
10766
10584
9352
9010
7897
5704
5637
3539
185
-5656
-6803
-7470
-7322
-8735
-10244
-9575
-9015
-14121
-9227
-9404
-13104
-11870
-14415
-12734
-12114
-11956
-11276
-13219
-13125
-10259
-8413
-5025
-5819
-6287
-2251
302
-745
2053
5716
6453
6836
4357
7454
9099
9092
10250
9990
9366
8310
9053
7847
7702
6182
5586
4675
4571
4199
1679
2003
-767
-1131
-597
-5126
-4057
-3436
-5520
-9514
-10625
-7589
-10916
-9604
-9877
-5946
-2344
-2876
-1198
1931
8503
4838
4711
4781
4387
5977
7066
6807
4150
3445
3011
2028
-1469
-1763
-271
1552
3704
-1131
1167
6201
2713
6356
7687
7944
9244
8318
9232
7401
8861
8596
6739
6423
3654
2237
113
-419
-1041
-746
-2410
-2445
870
560
942
1165
2449
2638
3523
3640
3432
4369
2669
3595
4111
2884
2501
3135
2202
2881
2888
1615
1543
172
-1810
-3901
-3993
617
-680
-2757
-3192
-4239
-4025
-6307
-8752
-8070
-10881
-11467
-8245
-7902
-11290
-8464
-7340
-8432
-12703
-11487
-7921
-6862
-4670
-5238
-3419
-1104
-1243
5603
5212
7285
10090
13778
14218
14553
17329
17492
17801
12415
11080
10959
10515
16019
11585
10381
9256
14525
13634
12842
9947
7796
2986
3958
3690
2277
1538
-2164
-2739
-2827
-4644
-6272
-7518
-9609
-11876
-10445
-12996
-13205
-12378
-13895
-12524
-12050
-10847
-13224
-14113
-12947
-8997
-6967
-8727
-1361
-46
-779
3025
3364
5412
7989
9573
10285
10641
11423
10910
11839
11599
11425
11838
9819
10470
10729
10676
9126
8028
7458
7002
6917
5515
4126
2887
2595
1799
2467
-348
-90
-2912
-5662
-6112
-10066
-10031
-11802
-10606
-12747
-7350
-4779
-7487
-4035
-3802
1672
2287
446
1200
-1277
-1813
-272
3334
4628
4949
3567
4695
5362
3725
2633
9151
8932
7467
9739
9449
10024
10838
11775
12349
12301
12488
11040
6253
4881
