-547
-456
-269
-82
162
120
71
-173
-50
1
118
181
165
166
257
210
82
187
406
477
334
282
236
155
102
156
202
172
35
148
194
222
245
223
184
-12
76
41
-149
-431
-422
-312
-437
-461
-356
-398
-499
-468
-556
-582
-468
-487
-577
-570
-544
-562
-773
-893
-1035
-1156
-1232
-1323
-1355
-1373
-1280
-1311
-1452
-1376
-1303
-1337
-1206
-1035
-793
-749
-909
-950
-855
-911
-1055
-976
-889
-847
-889
-934
-742
-613
-585
-542
-526
-613
-675
-566
-621
-728
-530
-382
-317
-226
-135
-39
-6
108
29
107
275
396
454
554
792
875
804
780
896
907
793
656
769
667
536
634
615
589
411
206
261
161
88
45
109
130
-77
-144
-234
-195
-380
-602
-648
-707
-721
-738
-829
-684
-598
-668
-618
-625
-620
-600
-562
-420
-281
-284
-114
-30
-109
-152
-205
-223
-110
20
81
100
181
244
311
377
306
240
211
205
251
252
277
362
490
653
632
592
539
503
312
231
341
291
221
92
95
124
-70
-111
-49
-202
-260
-319
-465
-421
-333
-486
-614
-535
-639
-770
-760
-755
-864
-814
-808
-941
-912
-864
-939
-1018
-869
-720
-816
-833
-719
-790
-798
-794
-602
-510
-372
-350
-466
-490
-629
-615
-539
-467
-433
-383
-466
-423
-522
-685
-740
-739
-723
-680
-628
-659
-739
-579
-281
-237
-132
-149
-103
-1
86
143
93
97
197
165
196
311
328
289
243
365
508
730
846
871
979
1082
1049
1010
1039
1087
1126
1177
1159
1093
1152
1351
1384
1532
1867
1870
1889
1939
2089
2065
1895
1907
1707
1641
1740
1709
1732
1742
1767
1784
1831
1788
1788
1794
1809
1921
1917
2028
2043
1936
1833
1688
1575
1532
1339
1426
1614
1544
1479
1478
1485
1336
1358
1359
1366
1386
1346
1379
1366
1351
1350
1229
1182
1286
1074
763
741
755
595
438
330
270
193
59
66
125
72
32
126
256
281
209
244
219
37
-21
39
242
436
333
150
125
85
127
255
236
243
310
308
264
279
190
169
128
11
21
8
69
103
38
-158
-140
-18
70
162
117
67
108
180
154
167
216
179
223
344
398
450
556
684
500
303
324
273
135
125
53
-9
37
92
-42
-67
85
-123
-189
-130
-228
-408
-383
-258
-209
-152
-293
-336
-160
-339
-499
-621
-650
-594
-768
-684
-722
-777
-793
-881
-956
-977
-1170
-1272
-1098
-1197
-1331
-1331
-1361
-1316
-1222
-1301
-1319
-1266
-1279
-1434
-1436
-1231
-1199
-1183
-1093
-1128
-1123
-1245
-1473
-1607
-1662
-1712
-1775
-1692
-1592
-1647
-1635
-1561
-1714
-1716
-1735
-1816
-1778
-1684
-1673
-1729
-1888
-2087
-2215
-2376
-2441
-2386
-2421
-2279
-2011
-1981
-2050
-2031
-1990
-2044
-1959
-1997
-1905
-1883
-1897
-1726
-1492
-1504
-1571
-1514
-1523
-1399
-1501
-1471
-1331
-1209
-991
-795
-843
-928
-854
-807
-672
-503
-414
-366
-406
-388
-392
-337
-271
-172
-17
-2
0
-33
28
-102
-62
133
146
94
38
-17
-22
75
32
-46
-29
59
100
155
227
457
554
603
762
762
740
845
968
975
1063
1223
1438
1557
1656
1680
1722
1786
1719
1713
1761
1792
1846
1800
1807
1969
2022
1985
1946
2124
2234
2285
2487
2725
2779
2815
2750
2606
2691
2594
2563
2563
2452
2432
2413
2358
2346
2389
2411
2463
2466
2375
2195
2237
2248
2125
2117
2092
2100
2055
1994
1848
1735
1574
1471
1440
1438
1466
1343
1285
1265
1293
1283
1294
1263
1334
1317
1156
1139
995
851
875
860
699
640
535
375
226
222
91
-82
-61
-207
-250
-218
-294
-360
-458
-742
-798
-700
-738
-981
-1037
-860
-1059
-1157
-1130
-1169
-1233
-1310
-1192
-1133
-1169
-1331
-1392
-1299
-1332
-1339
-1336
-1329
-1345
-1234
-1126
-1096
-1005
-902
-839
-780
-588
-487
-465
-313
-312
-380
-368
-222
-32
-76
-40
59
168
120
70
83
-11
58
100
97
176
209
214
164
13
-102
-168
-139
-139
-143
-175
-304
-322
-389
-388
-395
-486
-541
-582
-591
-749
-751
-778
-835
-854
-903
-874
-884
-895
-865
-708
-779
-985
-962
-868
-913
-947
-942
-1021
-1096
-1053
-1000
-910
-812
-849
-903
-917
-1008
-1035
-931
-834
-776
-789
-712
-585
-491
-631
-757
-716
-732
-793
-740
-685
-703
-752
-743
-729
-763
-679
-749
-875
-905
-900
-982
-1055
-948
-953
-1100
-1003
-907
-892
-921
-968
-857
-771
-827
-935
-889
-846
-944
-959
-824
-781
-783
-700
-630
-544
-345
-268
-257
-248
-298
-196
-45
-47
-75
-3
-1
-4
-10
-57
-20
19
75
171
266
343
362
287
210
205
205
192
169
238
313
325
348
268
326
361
294
304
216
140
83
143
251
237
232
144
106
113
53
66
-2
-37
-93
-125
-80
-56
-19
13
-56
-91
-12
57
236
351
344
247
247
323
247
164
307
402
329
250
210
207
274
313
217
254
277
162
132
289
260
167
165
175
128
77
65
-3
67
59
-10
-108
-56
-43
-151
-162
-110
-61
-53
-27
116
154
12
75
84
16
33
136
151
146
61
43
98
171
245
156
291
427
493
540
546
631
731
774
809
859
869
860
929
959
872
749
616
651
640
506
475
449
364
317
229
138
95
-97
-246
-245
-248
-337
-295
-211
-320
-381
-469
-511
-429
-339
-332
-294
-167
-200
-167
1
69
20
-13
-40
15
122
166
217
325
441
521
638
666
762
853
845
867
895
980
1052
1085
1171
1233
1223
1293
1267
1222
1253
1289
1398
1400
1238
1228
1238
1178
1210
1285
1349
1251
1218
1242
1198
1152
1127
1157
1162
1106
1041
948
886
888
848
747
758
751
707
715
718
707
714
736
712
837
818
747
745
726
726
731
697
686
795
745
607
513
531
567
548
552
476
248
147
86
14
36
-7
-65
-92
-53
-118
-261
-279
-300
-423
-587
-539
-495
-543
-619
-685
-653
-807
-855
-775
-839
-1005
-1038
-1097
-1299
-1399
-1429
-1558
-1549
-1459
-1509
-1530
-1442
-1405
-1503
-1437
-1339
-1260
-1173
-1126
-1088
-1037
-1069
-1091
-1039
-981
-1031
-1139
-1114
-1131
-1252
-1294
-1209
-1148
-1134
-1133
-1119
-1157
-1169
-1139
-1171
-1160
-1062
-972
-1014
-973
-976
-1044
-1030
-1083
-1051
-1141
-1099
-1034
-997
-1001
-1179
-1195
-1187
-1163
-1150
-1130
-1122
-1177
-1161
-1055
-984
-891
-993
-1046
-967
-937
-866
-766
-681
-758
-820
-789
-672
-597
-527
-471
-348
-291
-189
-64
-85
44
128
103
67
176
168
122
135
139
196
54
-49
0
45
-17
10
83
-92
-102
-101
-180
115
277
224
322
390
387
386
298
391
555
569
616
731
804
752
758
855
857
862
863
824
903
918
917
928
1044
1089
1119
1210
1141
1097
1150
1249
1398
1488
1402
1409
1493
1418
1377
1411
1444
1463
1476
1404
1372
1365
1266
1311
1288
1154
993
917
840
882
848
684
639
657
588
434
500
455
381
233
116
16
-95
-181
-261
-147
0
84
109
83
-102
-181
-121
-46
-3
69
74
-26
-20
-10
-141
-228
-309
-405
-422
-382
-318
-334
-346
-397
-401
-389
-459
-564
-519
-494
-546
-454
-281
-254
-327
-287
-314
-373
-355
-376
-299
-283
-411
-474
-480
-578
-692
-684
-779
-806
-796
-823
-853
-779
-763
-826
-769
-766
-787
-689
-642
-620
-516
-559
-501
-365
-361
-411
-342
-230
-161
-92
56
169
174
231
341
494
539
474
460
559
468
333
291
276
265
242
257
267
335
224
127
87
11
-45
-33
-92
-214
-202
-165
-217
-235
-161
-222
-232
-293
-377
-369
-404
-407
-325
-383
-462
-401
-473
-589
-580
-541
-500
-498
-604
-533
-437
-462
-473
-429
-299
-174
-64
-39
-81
-86
-53
-7
138
268
302
337
429
549
566
560
486
469
480
455
360
317
435
349
365
516
449
382
415
409
389
344
250
202
146
-15
-89
-68
-57
-68
-114
-168
-269
-325
-350
-368
-412
-381
-326
-149
8
-12
36
71
43
6
150
171
138
275
208
156
252
231
159
92
51
49
141
206
215
163
175
182
134
159
137
134
118
234
290
234
164
141
97
14
66
4
-58
-11
-178
-235
-173
-170
-209
-192
-151
-260
-143
74
115
-54
10
69
37
48
-11
-24
9
127
179
153
152
178
87
30
99
146
94
171
225
134
55
-32
-6
91
30
-11
23
-42
-111
23
34
-32
14
-53
-37
77
60
12
100
140
180
192
186
154
207
250
175
241
248
173
125
191
254
230
239
202
255
258
174
134
209
389
429
364
388
390
317
366
387
420
457
473
556
584
503
516
635
656
666
650
592
622
663
689
667
631
567
552
543
548
616
637
586
548
573
537
535
564
638
586
572
517
418
352
360
466
454
458
369
340
466
522
469
439
464
319
203
264
250
228
144
76
98
45
-52
-29
46
-10
-15
120
111
111
184
194
305
308
175
113
220
398
405
366
320
314
211
123
302
299
215
118
17
-10
-47
-87
-215
-304
-276
-256
-270
-221
-251
-308
-406
-580
-709
-839
-875
-857
-961
-1047
-1058
-1064
-998
-957
-1038
-1117
-1025
-996
-1095
-1172
-1209
-1169
-1181
-1178
-1197
-1304
-1379
-1383
-1427
-1504
-1506
-1470
-1465
-1555
-1614
-1760
-1810
-1760
-1777
-1811
-1783
-1635
-1650
-1653
-1649
-1635
-1602
-1603
-1616
-1533
-1453
-1492
-1395
-1405
-1507
-1538
-1573
-1631
-1611
-1569
-1528
-1437
-1435
-1530
-1579
-1478
-1475
-1506
-1524
-1526
-1435
-1401
-1413
-1254
-1021
-999
-1022
-956
-929
-980
-964
-1004
-1081
-979
-862
-864
-750
-621
-656
-694
-692
-737
-760
-768
-789
-590
-587
-728
-574
-477
-449
-404
-369
-300
-223
-145
-215
-219
-76
54
201
343
421
318
345
461
523
562
575
667
704
818
875
924
935
883
1004
1049
1032
1064
1117
1141
1214
1353
1290
1271
1415
1494
1538
1616
1682
1683
1745
1831
2037
2148
2114
2207
2384
2362
2204
2249
2323
2342
2284
2264
2308
2320
2283
2208
2191
2174
2108
2100
2088
2081
1955
1858
1908
1822
1768
1756
1775
1735
1713
1700
1619
1669
1614
1581
1552
1469
1526
1518
1495
1532
1611
1520
1436
1471
1440
1411
1308
1236
1247
1182
1026
1008
1062
1068
1027
1113
1169
1040
1088
1065
1016
987
916
826
802
922
770
683
743
744
670
603
582
488
400
262
149
158
158
186
268
255
167
70
-14
-28
-14
-118
-196
-207
-226
-282
-333
-391
-385
-388
-538
-608
-647
-684
-714
-648
-671
-794
-808
-859
-879
-999
-1086
-1130
-1141
-1152
-1331
-1474
-1464
-1426
-1472
-1453
-1460
-1476
-1425
-1388
-1343
-1305
-1311
-1233
-1146
-1179
-1174
-1189
-1207
-1148
-1063
-1002
-1014
-944
-966
-927
-848
-906
-925
-996
-959
-900
-921
-951
-878
-750
-717
-764
-717
-620
-580
-579
-518
-513
-583
-537
-492
-433
-429
-586
-628
-484
-536
-652
-725
-769
-717
-678
-788
-897
-819
-838
-908
-877
-928
-933
-955
-937
-985
-1091
-1116
-1115
-989
-939
-895
-850
-754
-709
-825
-963
-847
-713
-781
-742
-671
-672
-641
-628
-697
-618
-586
-644
-604
-599
-628
-592
-566
-602
-610
-518
-428
-390
-328
-316
-227
-113
-134
-152
-171
-195
-71
121
166
111
82
173
184
219
386
427
403
455
468
382
425
513
528
524
509
500
532
554
537
591
654
727
706
523
497
516
478
493
540
535
490
573
554
519
544
554
621
639
537
486
521
486
367
217
201
180
258
225
149
271
308
289
295
378
278
165
118
156
261
238
339
444
538
613
675
678
616
708
698
711
737
785
745
707
793
723
705
737
736
752
753
710
783
690
542
490
524
540
545
654
667
709
717
651
583
563
616
600
518
589
549
497
515
562
625
577
590
648
697
563
513
570
461
390
387
377
394
435
420
394
483
465
458
493
464
446
419
442
495
539
487
542
549
538
536
466
522
588
628
592
651
646
517
509
474
445
383
309
362
472
468
460
514
524
469
336
376
457
478
431
458
538
557
601
565
522
521
531
495
398
327
342
337
332
269
214
173
93
30
50
0
-58
-32
45
63
39
85
13
-23
-48
-84
-152
-126
-188
-304
-323
-302
-307
-336
-378
-459
-469
-514
-495
-525
-539
-586
-692
-773
-799
-759
-746
-837
-949
-1062
-1140
-1180
-1264
-1248
-1272
-1311
-1310
-1351
-1391
-1287
-1225
-1262
-1248
-1283
-1382
-1428
-1458
-1484
-1471
-1479
-1502
-1483
-1529
-1584
-1594
-1552
-1516
-1507
-1465
-1478
-1453
-1489
-1510
-1489
-1505
-1477
-1356
-1298
-1299
-1343
-1308
-1244
-1253
-1282
-1369
-1388
-1395
-1386
-1414
-1369
-1304
-1302
-1282
-1249
-1197
-1201
-1266
-1243
-1222
-1233
-1187
-1190
-1222
-1181
-1167
-1137
-1018
-980
-1000
-1005
-839
-699
-627
-562
-489
-364
-365
-358
-266
-110
30
123
145
199
236
220
326
428
495
495
599
687
673
782
779
836
1029
1072
1041
1070
1166
1189
1201
1245
1305
1355
1364
1410
1514
1575
1552
1563
1520
1539
1537
1574
1636
1621
1663
1672
1692
1661
1614
1598
1594
1504
1461
1444
1411
1413
1380
1393
1405
1428
1440
1466
1459
1335
1284
1364
1438
1493
1508
1444
1448
1558
1551
1511
1490
1467
1482
1528
1574
1528
1454
1464
1520
1495
1467
1500
1515
1458
1507
1510
1444
1404
1443
1436
1404
1503
1419
1309
1334
1416
1369
1267
1175
1103
1139
1116
1112
1122
1191
1170
1035
1071
1061
1037
991
911
814
778
779
673
664
661
611
540
506
446
433
399
278
195
103
5
0
-13
-90
-145
-175
-160
-178
-266
-395
-406
-436
-639
-799
-846
-833
-911
-970
-941
-985
-1016
-1135
-1127
-1109
-1105
-1277
-1461
-1435
-1421
-1340
-1301
-1282
-1346
-1341
-1311
-1286
-1264
-1167
-1098
-1020
-891
-841
-820
-703
-614
-605
-712
-696
-610
-687
-553
-490
-511
-501
-457
-454
-475
-446
-450
-456
-394
-359
-389
-366
-347
-334
-412
-472
-390
-407
-397
-342
-375
-443
-424
-403
-551
-495
-460
-442
-422
-474
-502
-549
-631
-679
-662
-671
-644
-680
-705
-760
-767
-783
-851
-921
-910
-849
-809
-793
-767
-752
-807
-860
-782
-657
-674
-629
-650
-641
-633
-682
-742
-737
-677
-756
-787
-687
-701
-714
-624
-644
-645
-587
-657
-726
-684
-715
-781
-785
-738
-807
-781
-727
-740
-753
-815
-903
-1017
-949
-918
-984
-995
-967
-971
-1065
-1104
-1090
-1061
-1142
-1158
-1137
-1196
-1164
-1153
-1175
-1166
-1060
-1023
-923
-780
-761
-765
-671
-645
-713
-670
-639
-623
-575
-595
-653
-619
-567
-520
-441
-480
-576
-610
-633
-593
-541
-475
-508
-443
-423
-514
-585
-593
-445
-452
-475
-445
-364
-267
-243
-213
-162
-115
-115
25
274
324
343
361
392
476
530
495
593
667
661
844
905
997
1119
1103
1074
1157
1129
1093
1136
1231
1315
1377
1459
1463
1503
1518
1608
1637
1568
1587
1592
1518
1594
1663
1639
1636
1674
1626
1611
1738
1741
1730
1730
1665
1520
1371
1301
1231
1151
1054
986
919
836
782
668
611
584
552
479
481
389
260
262
305
310
276
241
219
208
228
357
363
310
251
296
251
350
458
416
507
658
702
663
757
813
897
956
931
836
885
1019
964
984
1110
1097
998
1108
1228
1168
1177
1106
1028
1017
998
1023
1024
1056
1114
1127
1076
947
922
887
774
778
747
650
609
648
653
654
588
516
466
453
401
273
183
88
41
5
99
138
97
77
37
-18
-130
-195
-154
-195
-302
-326
-334
-284
-211
-242
-299
-264
-398
-476
-384
-366
-423
-403
-357
-437
-510
-502
-544
-619
-602
-651
-691
-654
-696
-784
-878
-824
-775
-804
-721
-756
-745
-791
-989
-997
-907
-967
-1000
-1058
-1155
-1198
-1335
-1360
-1294
-1245
-1254
-1261
-1238
-1295
-1348
-1408
-1408
-1306
-1369
-1436
-1433
-1436
-1396
-1364
-1422
-1459
-1438
-1517
-1592
-1628
-1658
-1669
-1621
-1564
-1568
-1577
-1583
-1549
-1499
-1462
-1315
-1218
-1313
-1324
-1225
-1226
-1256
-1227
-1185
-1173
-1095
-1083
-1055
-935
-848
-821
-816
-759
-711
-682
-712
-614
-492
-443
-442
-409
-417
-458
-434
-373
-306
-213
-99
-21
94
200
257
363
537
505
515
620
638
598
669
695
742
825
820
824
848
915
825
766
746
768
783
870
888
905
889
779
736
719
795
827
784
765
869
886
919
959
977
1024
1114
1174
1279
1376
1329
1304
1268
1155
1092
1174
1272
1310
1256
1237
1210
1210
1217
1203
1198
1239
1179
1025
1006
1095
1162
1145
1138
1171
1146
1132
1210
1254
1216
1136
1048
861
785
752
741
727
748
802
723
634
582
540
371
312
368
269
240
304
198
36
2
52
17
-44
-161
-157
-88
-74
18
39
22
145
134
69
160
103
143
248
340
345
336
388
419
442
435
494
499
392
426
502
482
543
518
387
288
209
85
138
220
209
142
60
13
-25
-110
-194
-126
-127
-109
-27
20
71
86
51
152
260
174
124
183
176
149
118
164
192
224
236
229
232
131
150
105
79
106
131
45
-15
-12
-122
-142
-88
-128
-238
-245
-253
-235
-302
-379
-305
-284
-300
-276
-290
-321
-302
-356
-504
-627
-684
-685
-690
-668
-598
-602
-686
-771
-824
-871
-863
-838
-856
-872
-884
-884
-893
-919
-975
-948
-929
-996
-1018
-956
-927
-884
-915
-1025
-1001
-1027
-999
-962
-915
-861
-819
-844
-883
-804
-869
-999
-1026
-1023
-1173
-1265
-1257
-1244
-1268
-1249
-1181
-1184
-1083
-1020
-1033
-1065
-1127
-1186
-1178
-1050
-969
-1020
-1078
-1010
-995
-1045
-1010
-1030
-1016
-995
-1016
-1077
-1140
-1150
-1142
-1043
-1020
-1121
-1183
-1194
-1268
-1283
-1273
-1259
-1235
-1296
-1277
-1160
-1071
-1044
-1043
-1065
-1091
-1095
-1065
-1052
-1058
-977
-909
-881
-759
-677
-601
-494
-415
-314
-224
-217
-218
-107
-80
-101
19
133
126
241
452
553
716
777
713
791
859
825
805
857
877
892
999
1060
1144
1254
1113
1043
1090
1121
1208
1254
1333
1376
1362
1370
1432
1462
1512
1516
1497
1498
1526
1607
1683
1757
1759
1753
1784
1833
1876
1851
1819
1851
1810
1746
1700
1667
1618
1627
1663
1646
1688
1645
1653
1741
1653
1528
1439
1441
1499
1493
1464
1432
1407
1372
1282
1223
1278
1222
1161
1054
935
894
806
757
744
739
754
751
660
607
558
518
465
464
458
466
572
641
553
505
500
472
547
597
778
790
680
681
698
709
691
659
688
739
664
539
489
483
456
408
425
453
397
389
332
359
414
348
291
368
427
327
271
265
190
121
91
64
16
11
21
13
-32
-131
-209
-282
-297
-343
-410
-471
-452
-400
-467
-559
-520
-491
-557
-565
-467
-373
-370
-408
-369
-338
-449
-482
-407
-386
-410
-331
-254
-220
-200
-220
-237
-184
-257
-352
-274
-207
-246
-315
-269
-282
-300
-268
-264
-274
-387
-525
-540
-519
-559
-683
-731
-803
-893
-964
-1112
-1139
-1062
-1102
-1234
-1295
-1353
-1269
-1264
-1346
-1324
-1243
-1247
-1310
-1296
-1379
-1388
-1394
-1441
-1491
-1537
-1540
-1517
-1510
-1529
-1498
-1465
-1486
-1601
-1581
-1523
-1547
-1556
-1555
-1529
-1502
-1444
-1442
-1466
-1400
-1473
-1570
-1494
-1440
-1442
-1392
-1333
-1258
-1281
-1291
-1129
-1137
-1076
-1041
-1066
-1002
-954
-965
-1028
-1035
-1017
-907
-900
-916
-912
-858
-826
-749
-544
-447
-392
-318
-201
-200
-183
-59
69
195
223
168
202
290
262
304
433
499
541
633
643
586
655
716
737
719
725
806
848
918
924
1003
1007
995
1065
1102
1098
1080
1134
1066
1050
1082
1127
1134
1154
1194
1256
1222
1194
1240
1195
1118
1099
1125
1127
1186
1170
1041
996
1037
933
868
969
1072
954
929
1000
987
945
921
895
871
887
802
802
881
877
745
727
699
715
848
811
693
680
782
744
714
746
723
749
790
780
670
650
742
774
714
744
765
725
631
601
663
598
556
497
465
569
581
563
616
523
386
337
266
269
308
178
120
130
125
54
53
58
90
105
67
86
-4
-17
34
66
74
94
60
66
0
-20
35
-13
-30
17
-26
-39
29
20
19
29
51
44
128
193
218
185
86
66
65
-26
-58
-70
-102
-104
-118
-151
-124
-74
-76
-128
-152
-81
-228
-268
-163
-97
-143
-168
-125
-150
-74
-66
-69
-71
-171
-155
-146
-72
-59
-98
-49
-14
72
40
7
-25
-60
-133
-162
-60
152
182
42
28
4
1
-8
5
-19
-78
-87
-121
-147
-127
-138
-230
-226
-213
-230
-306
-414
-429
-522
-555
-588
-533
-468
-572
-604
-689
-770
-835
-878
-848
-867
-855
-863
-910
-921
-853
-877
-896
-796
-793
-878
-1018
-1074
-1062
-1104
-1117
-1008
-965
-1017
-985
-990
-984
-943
-920
-936
-877
-877
-902
-813
-766
-722
-718
-719
-686
-581
-515
-446
-444
-428
-443
-427
-355
-381
-396
-316
-220
-260
-175
-20
62
71
3
-62
-40
53
78
-9
56
40
-46
100
268
304
334
388
379
428
447
384
453
543
484
459
582
663
664
688
719
715
732
771
710
745
774
745
719
774
770
799
914
898
864
706
647
696
718
628
550
557
484
423
352
339
317
214
37
-81
-121
-131
-103
-160
-211
-238
-232
-207
-123
-9
-80
-152
-169
-165
-260
-291
-168
-201
-130
-90
-74
-86
-90
-64
-13
4
-117
-189
-210
-151
-149
-73
-25
-79
-149
-193
-157
-91
-50
11
-4
-68
-25
37
-4
13
46
0
-23
-56
-19
-1
-5
5
74
28
73
195
196
186
108
38
33
59
66
59
70
102
96
134
241
250
178
186
213
204
234
278
300
251
222
220
286
344
330
366
297
212
128
131
151
99
81
66
54
49
32
41
20
65
67
2
36
-90
-184
-232
-279
-246
-256
-256
-297
-352
-390
-510
-540
-493
-432
-461
-504
-496
-497
-537
-635
-568
-558
-638
-514
-461
-508
-466
-544
-673
-635
-542
-543
-435
-400
-485
-514
-538
-587
-585
-555
-594
-645
-648
-572
-567
-517
-463
-450
-433
-428
-377
-245
-198
-354
-372
-313
-354
-365
-297
-220
-252
-261
-210
-205
-201
-285
-323
-277
-293
-345
-378
-340
-260
-264
-357
-291
-295
-393
-387
-365
-350
-421
-423
-470
-476
-438
-454
-328
-230
-241
-212
-72
-39
-42
-16
-24
-42
-85
-60
-27
15
58
94
147
182
178
94
121
238
295
283
297
367
343
337
355
462
549
508
525
570
495
406
498
539
569
600
605
583
504
541
533
474
484
526
556
634
636
592
648
625
671
798
814
793
785
685
545
515
496
479
492
599
738
827
841
916
964
960
978
890
932
967
921
814
868
919
865
866
850
860
795
813
796
767
763
757
716
679
639
485
427
448
417
375
424
333
305
423
327
302
392
363
280
325
355
315
269
205
238
196
168
236
276
299
266
270
319
284
158
176
212
83
103
126
121
135
93
80
89
38
42
56
-27
-27
-27
-117
-141
-86
-108
-115
-61
-60
-200
-231
-202
-163
-91
-103
-203
-215
-225
-199
-121
-102
-100
-57
65
23
50
16
-64
-119
-89
-89
-184
-217
-196
-120
-155
-184
-207
-197
-153
-153
-165
-142
-108
-109
-181
-231
-226
-208
-219
-308
-321
-304
-346
-327
-281
-299
-400
-461
-442
-442
-375
-290
-258
-325
-381
-305
-370
-494
-454
-445
-337
-257
-213
-139
-216
-304
-292
-225
-203
-212
-288
-296
-265
-210
-196
-182
-175
-176
-185
-182
-132
-129
-88
-73
-14
26
-23
-82
-119
-135
-120
-43
83
89
48
43
79
128
102
44
111
230
198
193
227
296
401
384
284
208
175
104
164
284
208
104
33
100
91
24
16
41
-45
-178
-100
-63
11
-43
-199
-284
-388
-376
-258
-250
-319
-369
-528
-578
-526
-462
-420
-588
-700
-700
-779
-818
-825
-781
-726
-776
-837
-875
-860
-871
-870
-808
-743
-721
-744
-655
-637
-720
-726
-715
-732
-776
-835
-785
-748
-810
-869
-862
-789
-699
-575
-530
-562
-605
-564
-482
-528
-541
-493
-535
-521
-501
-427
-360
-376
-369
-322
-323
-293
-189
-225
-293
-282
-180
-86
-44
70
145
133
132
154
182
187
286
343
401
438
482
578
686
721
715
646
552
578
584
695
710
741
770
769
803
756
814
821
856
878
798
802
846
901
861
882
868
760
724
817
864
774
830
709
563
630
581
646
715
762
775
743
765
750
768
715
714
699
676
686
698
631
568
504
440
455
503
498
408
315
263
255
298
335
306
327
299
196
113
104
-4
-136
-137
-162
-253
-269
-334
-301
-256
-282
-285
-312
-294
-272
-295
-291
-267
-382
-439
-373
-377
-432
-386
-417
-438
-417
-411
-343
-230
-242
-277
-255
-338
-427
-467
-444
-415
-481
-560
-540
-568
-591
-539
-559
-539
-518
-533
-541
-489
-478
-503
-489
-541
-559
-608
-529
-549
-647
-716
-719
-644
-540
-370
-331
-343
-280
-277
-305
-216
-152
-119
-77
-12
-49
-39
35
148
219
166
132
159
231
285
335
384
423
431
326
309
390
399
483
573
620
579
469
496
532
485
479
456
484
475
417
373
449
493
419
441
449
446
443
413
381
385
384
331
291
316
271
186
159
151
39
-34
-37
43
31
-63
-16
-56
-138
-222
-386
-420
-284
-302
-224
-167
-208
-310
-382
-458
-556
-479
-389
-355
-419
-411
-424
-450
-438
-413
-430
-439
-354
-294
-299
-241
-226
-235
-114
-69
-113
-67
-30
-41
-11
-49
-57
-77
-111
-66
-58
-78
-9
65
54
0
31
67
44
57
100
156
198
240
232
246
289
316
305
343
479
581
692
717
705
751
703
691
701
717
790
857
927
1002
1052
1076
1091
1188
1251
1263
1286
1263
1272
1217
1173
1189
1167
1110
1066
1020
857
747
762
775
665
573
586
483
453
408
323
289
249
213
165
178
162
111
174
157
71
74
149
178
99
84
81
91
74
81
87
84
211
206
181
250
254
334
280
220
165
144
156
122
104
-1
-72
-102
-76
-142
-231
-179
-141
-204
-216
-241
-254
-243
-336
-498
-604
-546
-496
-489
-501
-596
-606
-615
-593
-624
-690
-683
-661
-536
-486
-478
-458
-389
-383
-444
-469
-465
-342
-250
-317
-333
-320
-311
-395
-478
-534
-635
-610
-530
-479
-532
-600
-641
-615
-565
-585
-565
-505
-417
-378
-441
-540
-583
-564
-552
-507
-515
-517
-573
-578
-600
-668
-713
-731
-711
-761
-767
-809
-824
-867
-962
-1013
-1045
-995
-988
-980
-1034
-1015
-1063
-1175
-1082
-1159
-1074
-1035
-971
-954
-1030
-1112
-1212
-1200
-1214
-1199
-1202
-1120
-1056
-1059
-1077
-943
-933
-907
-785
-702
-720
-711
-605
-632
-730
-768
-746
-708
-643
-542
-484
-483
-471
-471
-518
-591
-496
-435
-461
-456
-461
-454
-489
-494
-454
-532
-525
-500
-541
-536
-527
-544
-532
-463
-398
-396
-363
-341
-363
-354
-429
-471
-416
-417
-417
-358
-489
-522
-362
-255
-242
-190
-241
-267
-105
-80
-103
-88
-41
-116
-58
67
113
221
296
337
396
420
359
419
480
513
504
574
665
700
762
741
709
765
801
719
733
677
546
526
569
502
451
446
425
456
462
486
588
670
689
721
704
699
797
876
895
995
1067
1109
1124
1145
1214
1294
1296
1384
1479
1493
1630
1670
1644
1643
1716
1698
1713
1870
2014
2169
2160
2116
2075
2051
2085
2150
2252
2241
2254
2236
2195
2146
2053
1978
1949
1930
1842
1849
1853
1794
1770
1803
1759
1726
1751
1721
1713
1689
1567
1404
1450
1547
1549
1542
1549
1559
1608
1672
1602
1576
1572
1517
1543
1583
1642
1722
1730
1729
1629
1564
1504
1426
1416
1487
1549
1475
1490
1492
1399
1277
1234
1127
1018
1003
990
997
979
987
923
831
715
600
466
490
508
295
157
49
43
34
36
65
22
-15
-100
-166
-239
-334
-428
-494
-609
-670
-644
-710
-825
-923
-1073
-1203
-1220
-1217
-1129
-1080
-1166
-1202
-1229
-1352
-1401
-1387
-1395
-1344
-1276
-1270
-1418
-1551
-1506
-1610
-1690
-1668
-1740
-1773
-1790
-1809
-1871
-1863
-1919
-1921
-1875
-1920
-1836
-1695
-1671
-1700
-1749
-1841
-1899
-1978
-2013
-1941
-1829
-1927
-1967
-1981
-2038
-2054
-2086
-2024
-2023
-2127
-2104
-1993
-2006
-2011
-2031
-2073
-2196
-2188
-2119
-2123
-2272
-2359
-2300
-2326
-2291
-2200
-2118
-2084
-1958
-1935
-1934
-1855
-1752
-1775
-1749
-1617
-1664
-1665
-1588
-1553
-1532
-1516
-1506
-1488
-1421
-1343
-1374
-1407
-1361
-1302
-1313
-1171
-957
-1006
-1038
-1026
-1014
-1028
-1085
-1013
-1024
-1098
-1182
-1236
-1251
-1145
-1090
-1093
-1000
-948
-1055
-1092
-952
-888
-841
-834
-749
-712
-662
-671
-718
-676
-679
-558
-403
-324
-312
-347
-393
-430
-418
-405
-346
-343
-355
-282
-313
-353
-252
-243
-249
-223
-199
-198
-166
-2
-23
-82
-98
-44
-8
11
55
-38
-10
-2
-172
-153
-128
-88
-32
-35
-38
42
162
192
320
402
483
467
419
342
295
405
459
498
616
706
698
778
853
896
991
1098
1239
1319
1340
1330
1446
1533
1682
1812
1860
1884
1845
1850
1780
1800
1811
1838
1913
2009
2005
1904
1932
1933
1898
1983
2017
2048
1981
1936
2008
1973
1909
1950
1996
1903
1968
2060
2115
2189
2150
2061
2061
2107
2143
2233
2277
2267
2340
2343
2367
2521
2563
2562
2615
2582
2587
2593
2628
2642
2596
2662
2704
2699
2756
2751
2598
2522
2520
2472
2326
2299
2325
2260
2181
2147
2035
1964
1934
1943
1924
1783
1766
1783
1673
1601
1630
1478
1372
1408
1471
1443
1392
1290
1173
1056
995
912
817
814
671
619
509
285
207
220
194
154
42
-95
-145
-311
-424
-470
-546
-568
-587
-551
-525
-625
-743
-764
-791
-928
-1020
-998
-1030
-1056
-1044
-1078
-1188
-1301
-1342
-1339
-1379
-1420
-1336
-1277
-1317
-1362
-1462
-1549
-1417
-1301
-1321
-1279
-1294
-1271
-1234
-1240
-1246
-1251
-1262
-1229
-1204
-1256
-1304
-1314
-1273
-1224
-1080
-1063
-982
-947
-976
-916
-995
-1020
-1013
-1069
-1085
-976
-969
-962
-935
-974
-922
-824
-896
-961
-875
-895
-852
-843
-893
-858
-816
-784
-765
-757
-720
-641
-658
-574
-548
-592
-527
-531
-529
-538
-583
-538
-545
-649
-673
-720
-717
-675
-778
-960
-1035
-1044
-1121
-1201
-1235
-1224
-1220
-1264
-1267
-1251
-1187
-1196
-1248
-1268
-1387
-1333
-1272
-1273
-1222
-1212
-1313
-1372
-1213
-1217
-1289
-1231
-1290
-1402
-1367
-1322
-1376
-1368
-1346
-1307
-1204
-1222
-1284
-1200
-1116
-996
-927
-954
-1008
-1043
-1010
-1009
-1017
-907
-849
-867
-801
-885
-884
-852
-886
-838
-749
-764
-832
-698
-614
-577
-527
-502
-458
-335
-218
-187
-76
-103
-194
-130
-74
-78
-70
-15
-85
-103
-21
34
182
211
277
347
326
377
488
630
636
686
801
806
789
857
926
926
926
1048
1149
1181
1218
1255
1291
1394
1492
1585
1661
1665
1696
1688
1744
1784
1835
1849
1948
2051
2026
1938
1806
1720
1756
1804
1838
1883
1811
1757
1655
1558
1507
1487
1380
1357
1433
1440
1389
1376
1373
1288
1310
1357
1423
1433
1433
1321
1180
1259
1296
1296
1353
1446
1403
1452
1426
1301
1247
1209
1283
1191
1167
1122
1049
928
834
845
764
728
714
770
752
617
561
603
640
513
512
582
413
419
408
264
285
309
252
262
325
231
133
112
61
137
141
7
46
-18
-158
-262
-373
-408
-437
-447
-545
-451
-466
-673
-653
-622
-692
-819
-813
-881
-959
-964
-998
-970
-956
-926
-955
-1004
-944
-948
-978
-917
-928
-919
-960
-1045
-996
-970
-940
-859
-757
-812
-866
-966
-1125
-1042
-1095
-1217
-1213
-1083
-1031
-1071
-979
-960
-981
-1017
-1050
-998
-924
-945
-948
-917
-937
-961
-967
-992
-1003
-972
-958
-901
-936
-929
-928
-937
-944
-974
-924
-847
-713
-664
-684
-685
-708
-661
-592
-687
-792
-736
-657
-694
-637
-535
-492
-510
-533
-539
-608
-598
-562
-470
-405
-405
-397
-503
-516
-472
-451
-448
-468
-431
-417
-446
-430
-377
-400
-346
-286
-291
-377
-421
-337
-277
-206
-163
-168
-189
-162
-161
-157
-148
-71
-38
-106
-148
-178
-164
-158
-137
-38
40
69
54
-55
-55
3
37
5
77
115
71
47
37
43
-81
-184
-218
-228
-289
-362
-436
-435
-379
-358
-368
-317
-337
-417
-327
-233
-256
-304
-318
-338
-267
-204
-271
-235
-281
-380
-371
-285
-258
-229
-154
-87
13
34
35
114
226
257
248
297
395
348
388
385
320
362
451
411
458
570
479
389
485
580
597
721
688
727
810
891
1007
1083
1070
1013
1084
1112
1111
1111
1096
1229
1306
1409
1488
1524
1607
1697
1699
1642
1667
1685
1635
1573
1666
1613
1622
1737
1787
1742
1700
1672
1608
1669
1726
1775
1795
1818
1886
1855
1796
1667
1545
1544
1495
1566
1657
1544
1552
1616
1530
1494
1495
1504
1489
1487
1523
1436
1258
1104
1046
1015
978
1050
1052
889
785
720
583
550
599
565
536
533
508
416
308
271
275
267
247
273
265
209
177
136
27
20
-10
-96
-123
-136
-242
-400
-409
-425
-465
-495
-446
-454
-530
-651
-726
-776
-813
-805
-791
-869
-1052
-1070
-1073
-1097
-1109
-1186
-1290
-1318
-1398
-1399
-1316
-1292
-1253
-1264
-1397
-1426
-1290
-1342
-1426
-1331
-1203
-1224
-1222
-1150
-1058
-1059
-1095
-1054
-968
-934
-963
-968
-1086
-1132
-1109
-1032
-981
-1011
-1059
-1084
-1098
-1198
-1195
-1197
-1281
-1236
-1142
-1141
-1086
-1051
-1148
-1137
-1096
-1094
-1084
-1078
-1120
-1220
-1199
-1168
-1165
-1109
-1059
-1061
-1046
-931
-804
-758
-739
-684
-591
-519
-520
-550
-506
-520
-494
-415
-498
-567
-628
-709
-648
-577
-598
-520
-534
-526
-471
-491
-542
-592
-550
-482
-354
-275
-225
-187
-169
-312
-375
-439
-475
-367
-361
-357
-394
-338
-323
-325
-359
-388
-402
-424
-378
-375
-423
-360
-341
-437
-356
-306
-253
-241
-276
-270
-117
-101
-170
-106
-161
-164
-81
-65
-133
-38
-45
-73
7
-12
-57
-19
-72
-2
148
100
161
48
29
-9
-141
-116
-36
-47
-20
173
181
111
67
111
171
165
130
96
50
134
184
233
305
331
389
378
430
419
421
399
401
476
518
625
758
855
902
945
937
956
958
1017
1024
1029
1051
953
921
996
1080
1060
1137
1151
1233
1263
1194
1210
1237
1356
1397
1388
1445
1560
1516
1468
1516
1522
1517
1549
1628
1692
1705
1740
1862
1889
1887
1977
2020
2036
2121
2127
2076
2109
2126
2102
1995
1881
1884
1915
1974
2081
2059
1934
1864
1842
1783
1692
1663
1653
1655
1611
1558
1449
1413
1420
1302
1216
1150
1175
1109
1073
1088
984
904
848
913
888
842
819
689
490
341
326
190
169
192
83
42
-11
-197
-308
-324
-348
-347
-479
-575
-601
-631
-692
-746
-759
-907
-951
-859
-919
-984
-1012
-1001
-987
-1048
-1171
-1310
-1380
-1397
-1492
-1573
-1585
-1634
-1698
-1785
-1797
-1803
-1894
-1931
-1807
-1787
-1829
-1858
-1830
-1696
-1682
-1758
-1662
-1599
-1711
-1744
-1716
-1633
-1611
-1636
-1575
-1456
-1506
-1528
-1481
-1446
-1454
-1415
-1410
-1351
-1159
-1214
-1304
-1289
-1180
-1197
-1250
-1161
-1051
-1063
-1109
-1129
-1112
-1099
-1102
-1032
-1018
-1024
-1039
-1084
-1097
-1053
-1041
-1025
-948
-804
-715
-766
-678
-578
-643
-708
-763
-799
-776
-708
-575
-458
-553
-631
-549
-554
-512
-436
-514
-543
-545
-501
-473
-400
-303
-272
-258
-159
-115
-198
-262
-275
-178
-115
-62
-129
-128
-184
-246
-155
-136
-100
-63
-89
-206
-271
-301
-332
-273
-283
-261
-208
-215
-272
-305
-302
-380
-414
-453
-501
-463
-421
-517
-603
-639
-709
-770
-678
-628
-644
-585
-614
-591
-584
-657
-741
-669
-621
-634
-562
-584
-576
-526
-520
-419
-280
-214
-137
-123
-32
44
80
136
216
239
219
384
444
507
581
628
628
571
611
665
680
740
843
910
953
1015
1043
925
915
915
990
1085
1107
1164
1182
1203
1153
1196
1305
1429
1353
1283
1332
1327
1359
1423
1551
1666
1827
1905
1980
1933
1903
1956
1972
1984
1928
1840
1710
1731
1706
1687
1741
1793
1758
1785
1822
1738
1638
1502
1509
1524
1599
1606
1538
1446
1421
1387
1227
1117
1037
1070
1110
1103
1079
1002
944
968
932
982
951
892
930
961
937
820
795
752
705
677
641
583
548
542
552
584
537
494
559
540
567
670
629
543
446
423
401
291
255
195
150
120
90
29
-126
-168
-236
-370
-399
-370
-464
-578
-689
-830
-881
-1020
-1158
-1139
-1176
-1285
-1295
-1293
-1374
-1424
-1502
-1509
-1446
-1548
-1592
-1508
-1519
-1571
-1594
-1611
-1679
-1678
-1603
-1572
-1477
-1448
-1472
-1414
-1372
-1357
-1387
-1414
-1295
-1244
-1292
-1304
-1288
-1311
-1431
-1490
-1469
-1423
-1458
-1473
-1366
-1272
-1183
-1123
-1059
-996
-998
-1034
-1038
-917
-900
-1007
-1002
-981
-992
-996
-1013
-910
-834
-955
-1087
-1063
-934
-955
-992
-877
-763
-812
-781
-683
-634
-589
-540
-448
-408
-398
-329
-204
-83
-62
-174
-185
-202
-211
-227
-198
-137
-122
-159
-244
-217
-104
-95
-123
-98
-197
-272
-339
-273
-300
-327
-311
-306
-108
-117
-159
-84
-1
-18
-1
26
46
74
33
102
75
29
18
118
117
109
136
104
204
136
96
109
181
229
240
192
69
19
-9
14
74
58
-12
-22
-57
-58
-56
-9
60
77
58
32
0
-20
59
151
208
265
336
277
210
230
268
248
234
324
385
381
313
407
438
379
484
578
602
608
616
712
799
720
745
875
952
1049
1073
1027
1058
1106
1102
1104
1119
1170
1222
1175
1237
1304
1254
1211
1281
1301
1212
1172
1175
1154
1132
1182
1197
1221
1229
1261
1274
1317
1312
1273
1260
1323
1368
1304
1278
1341
1391
1366
1438
1378
1316
1284
1298
1386
1419
1294
1253
1205
1098
1105
992
925
937
948
853
845
890
827
644
564
616
591
500
437
433
392
363
254
130
116
104
44
20
3
-21
-77
-130
-239
-292
-333
-399
-330
-356
-401
-413
-431
-474
-574
-584
-615
-576
-584
-731
-800
-885
-959
-957
-905
-965
-1060
-1068
-953
-931
-976
-983
-1030
-1088
-1129
-1089
-1060
-1077
-1153
-1123
-1187
-1283
-1247
-1217
-1255
-1289
-1248
-1307
-1337
-1274
-1209
-1250
-1257
-1285
-1306
-1202
-1235
-1226
-1177
-1151
-1071
-1022
-972
-891
-848
-751
-717
-682
-659
-665
-612
-600
-592
-626
-529
-502
-447
-365
-281
-222
-304
-307
-289
-242
-133
-136
-201
-117
-25
-13
11
50
29
47
55
31
-13
-78
-98
-60
-45
-73
-89
-55
42
26
18
110
148
97
131
131
77
30
-95
-36
79
117
163
192
157
149
133
118
241
323
343
398
438
379
272
286
294
314
299
231
154
81
118
117
113
59
5
-39
15
19
3
-19
-130
-139
-138
-263
-309
-182
-199
-236
-209
-132
-123
-163
-163
-56
-53
-141
-102
-29
-93
-134
-42
-6
17
13
-25
-81
-56
-81
-9
-9
-28
52
8
-5
64
72
63
141
176
283
268
213
256
219
164
150
193
131
85
65
93
98
7
17
15
4
-57
1
47
120
107
35
197
252
191
162
290
386
384
449
516
555
546
481
630
750
718
709
746
822
896
903
867
943
1007
1021
1082
1116
1128
1128
1149
1228
1269
1312
1282
1326
1413
1459
1435
1394
1378
1305
1258
1271
1307
1286
1183
1080
1103
1153
1157
1107
1117
1164
1099
964
943
918
842
716
606
629
560
467
472
491
325
229
236
317
404
349
306
281
294
238
302
373
346
265
247
225
177
207
177
158
82
70
-36
-62
-52
-155
-272
-366
-398
-483
-504
-492
-419
-413
-460
-473
-535
-613
-627
-607
-593
-530
-440
-399
-379
-392
-390
-380
-382
-348
-358
-366
-361
-334
-304
-290
-283
-384
-460
-468
-539
-581
-548
-581
-619
-579
-593
-585
-507
-538
-552
-502
-505
-513
-584
-671
-759
-745
-680
-745
-759
-680
-722
-871
-797
-731
-767
-750
-776
-705
-671
-676
-691
-616
-535
-593
-562
-569
-538
-485
-494
-447
-366
-345
-453
-494
-417
-442
-534
-471
-286
-231
-306
-253
-196
-234
-339
-363
-342
-384
-418
-501
-486
-466
-498
-561
-582
-553
-559
-578
-563
-630
-756
-814
-855
-911
-865
-766
-775
-724
-751
-850
-899
-878
-811
-710
-732
-748
-646
-609
-644
-615
-549
-606
-651
-654
-536
-502
-503
-508
-561
-538
-493
-475
-437
-343
-329
-362
-327
-251
-265
-374
-411
-449
-551
-626
-722
-717
-640
-644
-680
-674
-706
-793
-842
-854
-885
-915
-943
-944
-908
-936
-919
-844
-832
-852
-821
-749
-736
-724
-614
-443
-406
-396
-262
-148
-37
57
123
208
310
334
289
317
365
415
459
451
575
666
654
656
754
752
673
769
854
962
1045
1131
1238
1266
1245
1301
1360
1451
1454
1387
1379
1403
1346
1272
1369
1374
1416
1368
1286
1398
1492
1455
1430
1426
1336
1279
1328
1396
1489
1601
1538
1614
1720
1634
1605
1683
1827
1840
1763
1796
1912
1875
1815
1861
1795
1802
1855
1856
1985
1914
1766
1771
1670
1546
1511
1532
1448
1343
1378
1280
1164
1174
1022
918
806
705
629
548
530
427
331
178
184
224
209
224
215
136
17
-42
-174
-259
-268
-318
-376
-394
-367
-403
-444
-437
-450
-539
-524
-522
-644
-694
-744
-803
-913
-920
-926
-953
-979
-939
-941
-1037
-1087
-1174
-1243
-1326
-1342
-1358
-1380
-1429
-1456
-1557
-1592
-1544
-1598
-1565
-1584
-1592
-1521
-1522
-1565
-1558
-1523
-1474
-1411
-1433
-1382
-1266
-1230
-1191
-1150
-1108
-1117
-1135
-1060
-930
-790
-729
-689
-547
-427
-471
-492
-409
-380
-386
-311
-160
-88
-65
5
30
-36
-29
31
120
226
234
270
266
305
393
515
637
707
747
653
559
515
615
582
461
469
566
586
571
677
661
618
487
394
390
325
353
375
340
294
219
112
82
33
-41
26
36
26
8
-40
-176
-267
-375
-490
-359
-286
-399
-374
-316
-409
-541
-708
-757
-878
-972
-995
-971
-996
-1125
-1209
-1354
-1336
-1269
-1264
-1248
-1349
-1461
-1535
-1618
-1616
-1557
-1579
-1553
-1380
-1428
-1543
-1502
-1419
-1297
-1314
-1356
-1249
-1034
-969
-894
-804
-888
-849
-829
-854
-754
-647
-598
-465
-382
-390
-378
-351
-340
-322
-309
-336
-220
-158
-170
-107
-52
-59
-16
62
102
163
183
252
310
334
259
243
360
455
568
561
508
579
656
622
676
827
977
1016
1067
1047
1059
1082
1073
1128
1176
1204
1150
1317
1326
1332
1421
1445
1414
1387
1479
1453
1457
1525
1576
1613
1654
1689
1789
1847
1813
1822
1813
1785
1790
1794
1697
1640
1664
1572
1521
1540
1603
1611
1533
1431
1340
1397
1381
1311
1302
1247
1111
1083
1090
1044
1028
1006
1009
1056
947
655
596
569
433
358
364
329
196
79
3
-21
-1
-61
-160
-252
-415
-440
-436
-565
-733
-785
-880
-1049
-1137
-1122
-1253
-1345
-1299
-1334
-1440
-1468
-1392
-1429
-1478
-1547
-1469
-1472
-1475
-1518
-1488
-1465
-1537
-1521
-1571
-1552
-1512
-1439
-1375
-1289
-1358
-1422
-1403
-1321
-1179
-1043
-894
-821
-780
-776
-775
-694
-610
-549
-560
-650
-658
-571
-532
-486
-489
-532
-555
-628
-621
-564
-499
-503
-447
-512
-567
-542
-575
-536
-527
-462
-419
-377
-264
-167
-129
-89
-42
-74
-113
-77
-78
-66
73
157
180
209
239
313
381
410
429
428
463
549
610
678
724
835
938
1021
1080
1094
1117
1168
1136
1006
1033
1086
1097
1071
1088
1047
1046
1052
1059
1074
1053
1021
977
1045
1042
1040
951
865
787
750
685
627
545
460
374
272
306
246
185
62
38
100
129
82
70
126
93
-11
-72
-49
-61
-6
73
75
1
-119
-134
-35
-73
-205
-280
-311
-247
-207
-230
-204
-251
-325
-445
-445
-445
-454
-393
-451
-553
-703
-765
-781
-774
-809
-827
-888
-1035
-1052
-1012
-1150
-1273
-1208
-1225
-1318
-1432
-1519
-1490
-1521
-1551
-1500
-1474
-1508
-1515
-1520
-1490
-1455
-1450
-1377
-1461
-1580
-1606
-1513
-1470
-1437
-1354
-1311
-1331
-1333
-1240
-1269
-1274
-1172
-1051
-1041
-1020
-847
-753
-683
-667
-677
-650
-487
-288
-333
-216
-109
31
138
297
486
533
592
600
737
725
767
912
1089
1261
1386
1401
1436
1596
1614
1615
1723
1888
1892
1841
1841
1858
1872
1868
1988
2044
2078
2135
2144
2251
2250
2244
2256
2347
2402
2425
2559
2616
2571
2457
2428
2373
2377
2369
2298
2227
2157
2097
2037
2059
1999
1925
1869
1728
1686
1609
1498
1466
1505
1476
1289
1173
1114
1099
1007
980
926
718
591
519
375
256
215
116
78
40
-37
-60
-120
-184
-231
-294
-353
-286
-304
-469
-457
-509
-672
-763
-858
-904
-898
-876
-932
-988
-1052
-1138
-1036
-932
-943
-1016
-1082
-1089
-1055
-1127
-1121
-1123
-1189
-1161
-1067
-1065
-1084
-1071
-1113
-1104
-1257
-1284
-1244
-1257
-1232
-1176
-1146
-1077
-974
-938
-861
-827
-834
-788
-758
-656
-613
-641
-624
-641
-670
-684
-628
-608
-553
-514
-516
-483
-415
-414
-415
-330
-297
-321
-287
-223
-196
-143
-40
-31
-35
87
211
255
265
301
314
285
281
204
285
402
427
502
508
448
327
272
240
378
403
398
431
383
307
341
399
419
469
420
391
412
466
435
426
359
337
289
255
214
98
-30
-108
-122
-148
-220
-343
-435
-566
-601
-661
-752
-915
-1020
-1141
-1231
-1214
-1272
-1278
-1333
-1341
-1476
-1521
-1525
-1618
-1576
-1592
-1543
-1437
-1506
-1613
-1599
-1556
-1615
-1583
-1473
-1501
-1447
-1410
-1408
-1385
-1351
-1328
-1302
-1335
-1204
-1069
-1004
-921
-871
-888
-961
-895
-894
-812
-705
-566
-566
-543
-537
-523
-386
-328
-266
-209
-102
-20
77
129
228
281
224
195
205
212
199
235
373
453
436
440
449
467
396
301
249
347
378
215
201
211
259
339
489
499
401
417
402
432
527
602
598
654
692
805
934
951
955
985
934
1081
1240
1147
1111
1122
1238
1274
1296
1390
1455
1501
1549
1601
1647
1702
1765
1811
1939
1970
2018
2100
2081
2121
2099
2037
2062
2092
2001
2039
2066
2039
1987
1911
1920
1982
1991
1951
1932
1864
1803
1751
1735
1744
1711
1555
1405
1298
1208
1132
977
866
704
532
454
401
247
98
77
-45
-101
-111
-195
-227
-207
-326
-384
-420
-561
-677
-826
-912
-978
-1013
-1077
-1042
-1000
-1082
-1109
-1149
-1180
-1157
-1193
-1203
-1148
-1143
-1104
-1039
-1032
-990
-878
-822
-838
-860
-891
-807
-766
-812
-735
-739
-744
-665
-698
-762
-716
-746
-903
-921
-920
-958
-909
-930
-949
-930
-1030
-1152
-1200
-1237
-1206
-1150
-1215
-1217
-1181
-1234
-1306
-1352
-1390
-1417
-1412
-1400
-1352
-1208
-1121
-1096
-1145
-1206
-1131
-1037
-988
-1005
-949
-815
-681
-637
-566
-558
-552
-578
-581
-393
-297
-193
-162
-124
-55
71
216
294
394
537
659
653
695
830
921
957
1078
1155
1196
1239
1265
1274
1213
1192
1219
1328
1331
1220
1207
1093
911
872
860
817
800
748
615
552
650
659
607
539
553
574
620
677
658
658
624
562
440
392
358
340
319
305
270
200
231
273
243
194
150
222
193
154
216
167
90
15
-29
-75
-46
-94
-89
-87
-243
-317
-332
-306
-263
-276
-271
-240
-256
-322
-418
-459
-448
-496
-584
-657
-627
-571
-664
-765
-787
-827
-870
-894
-912
-904
-936
-926
-923
-1004
-1033
-1050
-1006
-946
-901
-886
-844
-772
-835
-918
-960
-903
-902
-802
-664
-670
-656
-666
-606
-613
-595
-651
-613
-582
-645
-605
-622
-555
-594
-607
-544
-500
-483
-412
-328
-227
-148
-163
-179
-132
-28
-11
42
72
45
115
167
185
289
356
408
455
449
413
505
440
501
571
533
606
640
639
572
717
768
761
733
807
888
886
845
716
696
777
763
671
710
762
735
720
731
781
779
698
682
687
681
513
478
519
440
344
319
310
235
153
20
-11
-45
-175
-244
-281
-350
-407
-484
-471
-599
-630
-560
-572
-591
-833
-935
-843
-899
-1067
-977
-927
-1042
-1104
-1198
-1260
-1253
-1270
-1277
-1251
-1322
-1289
-1248
-1338
-1354
-1337
-1468
-1533
-1482
-1398
-1350
-1350
-1170
-1117
-1156
-1211
-1178
-1119
-1112
-963
-903
-830
-791
-868
-884
-827
-787
-727
-659
-610
-603
-540
-505
-404
-318
-334
-303
-309
-292
-256
-228
-290
-274
-305
-379
-388
-398
-421
-319
-221
-212
-163
-238
-268
-196
-104
-60
-20
63
79
5
64
291
351
416
473
501
538
530
598
678
780
879
977
1111
1223
1287
1346
1409
1453
1450
1481
1454
1551
1736
1833
1891
1927
2030
2125
2166
2216
2393
2543
2542
2652
2773
2667
2560
2527
2472
2426
2434
2378
2363
2325
2302
2288
2228
2156
2028
1981
1980
1977
1845
1795
1861
1823
1717
1595
1432
1299
1161
976
868
778
658
615
640
640
634
634
606
605
523
399
351
353
347
215
119
22
-37
-213
-431
-423
-484
-563
-599
-711
-851
-972
-1011
-990
-960
-1060
-1157
-1184
-1243
-1304
-1254
-1238
-1307
-1355
-1397
-1300
-1247
-1240
-1289
-1213
-1252
-1474
-1550
-1594
-1564
-1616
-1744
-1791
-1746
-1719
-1680
-1686
-1725
-1666
-1697
-1757
-1790
-1775
-1805
-1800
-1721
-1774
-1781
-1755
-1673
-1688
-1752
-1789
-1838
-1783
-1784
-1869
-1938
-1995
-2002
-1943
-1851
-1752
-1739
-1672
-1628
-1674
-1624
-1612
-1621
-1554
-1481
-1436
-1295
-1130
-1080
-1076
-1052
-977
-868
-848
-881
-729
-638
-629
-623
-534
-478
-428
-317
-185
76
164
172
274
442
488
545
587
584
622
625
761
887
932
950
906
919
1006
1108
1022
1074
1170
1065
1057
1061
1085
1021
1051
1164
1198
1209
1205
1123
1015
919
916
914
889
908
873
843
863
875
782
723
719
712
636
544
560
549
456
365
308
248
208
170
136
175
188
227
206
204
225
290
343
435
527
503
436
435
469
447
407
403
511
537
597
600
599
624
633
642
787
871
920
912
852
903
883
832
792
784
647
538
428
355
270
198
223
248
221
172
190
196
189
218
255
244
205
99
96
187
201
146
104
110
168
191
51
-20
-44
-61
-49
-55
-48
-14
5
23
83
172
223
186
143
57
19
40
154
278
343
387
473
530
568
693
746
715
665
742
844
892
857
876
974
984
902
808
773
812
879
831
841
791
692
675
702
657
651
614
507
567
513
448
436
401
345
318
238
176
186
158
123
120
37
-130
-130
-141
-253
-350
-374
-349
-365
-455
-558
-582
-537
-560
-602
-689
-755
-789
-918
-983
-954
-1048
-1124
-1099
-1043
-981
-1064
-1085
-1080
-1106
-1143
-1144
-1118
-1081
-1049
-1002
-901
-787
-792
-897
-921
-952
-981
-1050
-964
-861
-878
-837
-788
-802
-870
-799
-755
-774
-778
-812
-777
-776
-840
-807
-716
-723
-767
-799
-753
-640
-606
-584
-576
-564
-551
-588
-547
-460
-402
-389
-357
-328
-314
-368
-456
-448
-439
-434
-420
-397
-383
-347
-370
-344
-277
-315
-336
-229
-88
-55
-9
165
237
215
246
236
270
285
347
496
585
639
766
841
811
802
792
776
831
860
796
731
756
870
939
853
894
990
1029
1135
1187
1194
1197
1212
1169
1313
1375
1262
1229
1181
1171
1232
1140
1142
1248
1221
1224
1233
1256
1114
1030
966
919
971
902
852
788
684
621
542
454
454
443
289
252
294
265
227
112
114
154
107
165
181
106
66
79
51
-12
6
2
11
27
-53
-55
-39
-94
-97
-166
-187
-152
-186
-203
-159
-252
-337
-374
-378
-349
-412
-454
-500
-518
-550
-580
-615
-605
-628
-618
-640
-723
-757
-781
-905
-1020
-1085
-1115
-1004
-979
-1022
-1083
-1174
-1327
-1516
-1617
-1560
-1477
-1446
-1395
-1356
-1394
-1352
-1352
-1413
-1354
-1360
-1426
-1527
-1473
-1307
-1305
-1323
-1286
-1297
-1246
-1305
-1363
-1234
-1173
-1093
-1035
-974
-925
-896
-958
-920
-746
-717
-687
-621
-635
-678
-706
-685
-588
-574
-504
-406
-409
-363
-301
-320
-189
16
83
206
367
415
376
390
451
442
445
482
506
595
684
633
621
692
666
589
587
663
635
603
665
652
544
582
598
571
585
530
519
578
604
563
587
598
569
567
608
676
676
643
675
683
687
736
777
773
730
628
464
427
462
418
412
516
489
423
482
442
394
351
362
375
491
601
607
727
634
631
640
603
663
660
641
595
634
655
690
747
729
713
660
643
643
619
595
610
649
607
605
592
572
576
556
539
553
544
522
479
420
469
547
625
654
626
601
518
520
594
614
649
626
592
591
567
493
325
304
329
248
217
274
307
189
112
121
94
140
180
216
287
215
277
279
186
170
167
175
226
297
278
365
468
524
432
388
458
437
475
509
511
572
581
630
648
675
694
613
597
626
742
759
730
711
711
716
772
930
933
929
880
812
835
728
605
544
505
448
273
225
219
150
185
135
63
27
-33
-219
-300
-366
-567
-618
-623
-626
-753
-825
-845
-903
-1034
-1234
-1298
-1333
-1262
-1217
-1229
-1383
-1482
-1444
-1429
-1428
-1574
-1629
-1668
-1599
-1550
-1548
-1491
-1431
-1424
-1407
-1355
-1348
-1382
-1457
-1379
-1349
-1303
-1281
-1239
-1213
-1116
-1083
-1143
-1187
-1247
-1233
-1295
-1262
-1264
-1320
-1365
-1327
-1323
-1377
-1410
-1504
-1570
-1502
-1569
-1610
-1608
-1655
-1709
-1695
-1653
-1769
-1703
-1689
-1634
-1544
-1432
-1347
-1332
-1353
-1440
-1456
-1372
-1243
-1257
-1213
-1165
-1130
-1049
-1012
-974
-892
-847
-759
-644
-466
-332
-322
-158
-46
40
198
341
530
677
740
752
889
978
1006
1046
1077
1173
1252
1382
1450
1582
1666
1691
1789
1805
1782
1764
1789
1798
1863
1919
1899
1902
1884
1912
1973
1922
1878
1892
1879
1973
1962
1804
1832
1884
1818
1840
1841
1766
1677
1589
1563
1549
1652
1713
1664
1656
1670
1638
1578
1615
1694
1646
1608
1560
1524
1535
1478
1305
1149
1101
1050
1025
1008
1034
1020
1022
920
811
746
593
494
388
258
24
-129
-102
0
20
-24
-20
-183
-307
-350
-447
-552
-655
-693
-681
-646
-669
-694
-733
-818
-834
-888
-935
-891
-840
-856
-884
-873
-895
-918
-944
-903
-946
-1057
-1033
-1030
-1093
-1133
-1142
-1152
-1270
-1383
-1420
-1450
-1383
-1415
-1527
-1641
-1783
-1789
-1919
-1972
-1918
-1906
-1854
-1855
-1793
-1874
-1964
-1927
-1927
-1992
-2049
-2035
-2042
-1992
-1950
-1906
-1768
-1741
-1651
-1524
-1428
-1375
-1407
-1372
-1390
-1269
-1112
-1005
-848
-717
-586
-561
-577
-558
-507
-503
-404
-267
-226
-165
-131
-147
-108
-64
-10
105
144
155
202
341
346
338
458
627
682
609
606
657
672
745
902
951
943
915
965
1023
1096
1119
1131
1140
1055
910
845
898
935
1026
1025
986
1004
1017
979
936
1006
1096
1121
1087
1146
1110
1010
1012
1009
1139
1184
1255
1376
1423
1424
1420
1445
1454
1448
1345
1387
1414
1317
1308
1450
1575
1572
1552
1556
1469
1399
1401
1375
1251
1088
1029
939
929
909
887
817
748
699
618
512
436
541
538
538
501
491
443
287
254
223
69
-87
-109
-207
-219
-238
-301
-337
-375
-415
-505
-575
-584
-558
-555
-537
-561
-588
-617
-597
-663
-664
-657
-706
-695
-703
-698
-644
-610
-663
-635
-515
-487
-469
-409
-406
-382
-379
-394
-556
-583
-491
-469
-428
-326
-283
-347
-320
-333
-387
-295
-229
-263
-270
-363
-356
-438
-461
-424
-458
-373
-327
-304
-346
-390
-407
-282
-195
-254
-333
-397
-360
-284
-233
-212
-264
-294
-260
-316
-399
-397
-320
-318
-262
-237
-198
-152
-52
-22
-71
-12
-7
97
152
219
234
267
262
206
274
197
164
326
304
276
275
230
236
300
283
126
151
46
-81
-71
-61
-108
-277
-420
-420
-385
-427
-451
-456
-504
-494
-456
-420
-458
-503
-394
-368
-372
-299
-268
-284
-339
-334
-276
-105
71
164
273
360
359
252
172
140
233
276
277
347
364
312
309
262
242
183
65
5
-24
35
-26
-108
-134
-183
-255
-201
-273
-312
-278
-411
-393
-341
-362
-455
-403
-416
-521
-553
-612
-666
-649
-632
-686
-694
-680
-674
-677
-605
-518
-493
-541
-492
-377
-189
-103
-10
114
88
84
157
297
336
321
316
328
407
510
557
584
603
642
656
804
977
971
920
932
972
916
872
955
950
867
857
805
740
809
832
803
835
792
781
739
720
680
570
489
299
195
221
263
204
127
95
0
-24
-73
-87
-150
-214
-333
-400
-459
-630
-624
-558
-601
-631
-551
-532
-540
-464
-362
-420
-454
-503
-543
-490
-452
-484
-449
-437
-471
-407
-403
-466
-483
-462
-549
-591
-618
-624
-673
-714
-784
-865
-987
-1108
-1143
-1169
-1135
-1132
-1131
-1179
-1177
-1178
-1185
-1169
-1158
-1129
-1041
-1079
-1129
-1101
-1080
-997
-958
-970
-952
-924
-949
-905
-866
-848
-831
-765
-637
-556
-467
-363
-280
-268
-204
-59
-10
50
78
114
210
314
410
480
521
574
642
644
628
807
951
929
1036
1101
1091
1132
1217
1276
1264
1280
1293
1289
1456
1471
1436
1475
1559
1632
1651
1752
1729
1759
1788
1758
1749
1738
1737
1754
1795
1905
2068
2174
2223
2220
2162
2075
2103
2059
2045
2098
2064
2083
2012
1976
1929
1897
1876
1748
1721
1722
1677
1620
1682
1738
1576
1496
1402
1328
1275
1169
1161
1165
1135
997
915
822
625
581
628
626
506
268
158
32
-12
-125
-272
-336
-412
-475
-621
-673
-766
-829
-912
-978
-1141
-1208
-1236
-1368
-1320
-1300
-1367
-1383
-1346
-1377
-1333
-1410
-1448
-1429
-1554
-1610
-1575
-1610
-1681
-1646
-1573
-1473
-1467
-1513
-1451
-1425
-1497
-1514
-1539
-1552
-1687
-1785
-1779
-1861
-1940
-1951
-2014
-2052
-2034
-2144
-2202
-2187
-2130
-2125
-2114
-2164
-2206
-2231
-2268
-2256
-2178
-2106
-2128
-2151
-2208
-2223
-2219
-2173
-2107
-1974
-1883
-1872
-1827
-1785
-1706
-1673
-1570
-1433
-1357
-1297
-1216
-1128
-1136
-995
-770
-666
-661
-575
-422
-346
-279
-186
-27
109
263
312
322
599
700
759
878
924
949
1035
1197
1280
1472
1459
1432
1458
1473
1478
1500
1515
1496
1517
1492
1474
1400
1416
1479
1461
1352
1245
1128
1038
991
939
927
920
903
951
973
957
927
875
879
862
825
752
775
862
825
878
930
943
1051
1037
944
938
941
1025
1217
1377
1389
1412
1430
1429
1499
1521
1554
1568
1589
1500
1449
1424
1439
1421
1358
1373
1143
1067
1094
1082
1092
1051
1000
914
772
633
452
166
18
-118
-193
-276
-354
-373
-457
-635
-765
-870
-898
-836
-865
-820
-777
-796
-903
-896
-1001
-1140
-1160
-1159
-1082
-977
-969
-1000
-901
-884
-918
-879
-731
-691
-753
-787
-762
-768
-695
-624
-618
-537
-482
-436
-455
-500
-536
-515
-520
-434
-361
-388
-347
-278
-205
-236
-249
-184
-195
-172
-30
-44
-58
67
60
-13
-67
-170
-202
-72
-34
-45
-59
-172
-245
-290
-356
-292
-110
-88
-146
-113
-49
-33
4
-2
-35
-97
-106
-120
-98
37
140
256
257
242
281
310
333
456
480
401
327
310
360
408
389
425
497
463
490
638
663
611
660
633
637
685
728
717
716
693
617
643
728
703
648
700
744
654
633
679
678
652
635
566
483
437
385
359
322
278
209
242
198
170
104
-49
-105
-166
-264
-369
-404
-353
-345
-335
-296
-361
-334
-300
-310
-320
-328
-328
-378
-419
-454
-500
-552
-583
-626
-684
-748
-729
-639
-590
-630
-609
-676
-731
-713
-844
-797
-672
-712
-854
-893
-929
-871
-798
-869
-780
-734
-743
-702
-677
-709
-685
-662
-599
-506
-589
-546
-530
-563
-533
-552
-679
-676
-691
-679
-522
-508
-479
-453
-316
-294
-324
-348
-322
-242
-215
-121
-66
-67
-186
-292
-291
-339
-325
-208
-173
-141
-80
-110
-131
-55
15
62
156
269
216
171
175
61
75
89
104
212
214
188
207
257
234
159
129
235
263
277
382
511
579
585
633
637
640
676
759
772
718
692
715
679
754
844
863
926
980
966
892
871
838
812
856
845
768
772
809
721
644
692
722
641
594
598
446
307
271
324
258
176
159
44
-23
-107
-258
-440
-621
-782
-973
-1058
-999
-1015
-1093
-1065
-1046
-1197
-1322
-1330
-1394
-1383
-1378
-1398
-1304
-1388
-1342
-1358
-1478
-1434
-1335
-1272
-1219
-1153
-1328
-1270
-1110
-1052
-974
-911
-820
-803
-803
-822
-735
-605
-602
-678
-602
-433
-344
-238
-92
20
-44
-139
-67
35
77
210
316
493
634
650
733
737
799
891
935
934
957
1003
1014
1102
1215
1196
1189
1249
1272
1232
1243
1289
1318
1313
1202
1154
1108
1071
1024
1044
962
917
930
894
917
919
976
972
920
847
858
796
670
660
664
636
745
801
632
488
438
447
408
353
403
388
393
457
486
521
489
454
438
402
314
254
196
221
167
104
76
-6
-27
-82
-101
-49
-35
-119
-132
-143
-266
-394
-351
-313
-357
-356
-415
-499
-570
-623
-663
-694
-702
-709
-752
-798
-846
-846
-831
-818
-722
-596
-566
-609
-618
-684
-773
-758
-647
-521
-540
-498
-404
-450
-393
-275
-217
-212
-175
-180
-193
-89
-13
30
8
39
124
122
93
34
33
51
41
108
200
256
299
263
297
386
341
342
324
252
314
438
422
389
318
242
229
233
321
357
250
310
374
379
431
538
632
537
492
414
388
336
287
140
78
179
149
193
263
337
467
398
257
289
289
308
431
469
451
444
411
411
415
361
296
378
423
510
662
591
516
519
481
506
515
455
365
292
239
165
111
110
16
-54
-138
-311
-304
-341
-430
-498
-532
-512
-546
-551
-597
-695
-728
-673
-759
-871
-860
-942
-986
-974
-1003
-1026
-954
-951
-1026
-1054
-1076
-1128
-1184
-1131
-950
-981
-1001
-859
-958
-1021
-1035
-956
-791
-811
-859
-758
-669
-741
-737
-713
-693
-633
-692
-704
-622
-630
-663
-648
-626
-541
-538
-663
-647
-531
-518
-638
-699
-680
-747
-778
-816
-824
-742
-665
-513
-477
-567
-580
-530
-494
-578
-659
-679
-714
-731
-754
-693
-634
-615
-559
-540
-402
-291
-299
-325
-382
-311
-299
-217
-60
18
33
-8
32
104
147
145
289
406
348
397
569
650
646
735
824
901
1017
994
964
964
952
992
1013
1003
1020
1053
1010
1068
1057
893
836
830
808
732
728
779
784
735
731
814
773
616
526
490
481
497
436
518
722
773
872
965
969
1012
1060
1097
1155
1334
1299
1280
1437
1485
1573
1640
1565
1563
1628
1550
1533
1536
1447
1371
1440
1474
1381
1199
1051
929
794
688
530
433
408
439
396
318
202
91
31
-61
-175
-315
-440
-460
-487
-596
-636
-711
-809
-977
-1083
-1075
-1161
-1136
-1144
-1146
-1132
-1222
-1374
-1433
-1460
-1562
-1596
-1603
-1514
-1536
-1561
-1597
-1613
-1623
-1709
-1647
-1520
-1438
-1498
-1440
-1391
-1473
-1444
-1408
-1335
-1316
-1355
-1286
-1267
-1175
-1109
-1039
-896
-892
-878
-848
-811
-798
-767
-697
-631
-559
-520
-483
-493
-490
-373
-384
-382
-342
-348
-358
-374
-271
-275
-286
-305
-470
-632
-668
-650
-577
-568
-657
-658
-589
-496
-481
-433
-415
-401
-361
-300
-224
-111
-24
44
192
196
200
211
283
408
458
639
836
900
970
1032
1168
1327
1415
1421
1493
1545
1596
1772
1791
1873
2026
2046
2013
2027
1966
1891
1903
1880
1819
1827
1827
1799
1803
1847
1823
1770
1736
1570
1377
1288
1157
1083
1075
913
818
744
513
364
432
379
347
230
120
57
-17
-86
-192
-129
-141
-290
-545
-641
-673
-824
-877
-835
-796
-784
-831
-834
-772
-851
-955
-973
-923
-848
-965
-1078
-1058
-966
-918
-931
-894
-774
-733
-803
-762
-637
-708
-705
-638
-664
-588
-604
-556
-566
-582
-569
-533
-520
-455
-447
-507
-398
-325
-323
-412
-426
-374
-407
-437
-564
-582
-545
-586
-536
-435
-338
-342
-226
-165
-63
-29
-80
-103
-5
100
50
124
323
444
461
470
409
435
446
477
620
696
574
573
614
516
445
444
400
394
403
392
353
213
191
198
121
52
60
49
87
11
-205
-287
-293
-226
-212
-265
-243
-201
-128
-106
-52
2
-31
-26
51
211
288
296
463
641
697
692
760
909
957
1134
1202
1194
1285
1222
1151
1123
1106
962
952
998
933
917
875
872
869
742
568
486
496
464
339
278
126
-3
-38
-150
-232
-172
-167
-163
-108
-203
-206
-206
-248
-242
-321
-451
-477
-473
-482
-607
-708
-518
-377
-469
-470
-427
-624
-656
-652
-759
-715
-724
-695
-525
-464
-493
-412
-274
-256
-235
-276
-244
-26
21
120
261
339
288
154
131
90
101
235
272
258
297
349
314
282
309
318
440
399
360
316
313
357
205
130
57
-84
-325
-390
-369
-481
-535
-566
-547
-623
-687
-703
-794
-786
-790
-898
-810
-736
-760
-795
-728
-561
-656
-679
-586
-452
-421
-292
-145
-240
-141
8
-1
-9
35
81
205
294
432
482
466
498
628
661
569
680
690
747
761
773
715
683
585
493
658
644
577
320
196
206
176
96
-81
-19
26
-36
-112
-173
-153
-276
-279
-282
-315
-343
-476
-328
-316
-353
-266
-229
-158
-130
-56
-22
52
240
335
343
333
420
493
439
507
663
678
733
782
804
799
843
858
723
686
701
800
770
716
755
795
799
659
563
545
615
570
627
642
447
273
113
65
-21
-99
-186
-151
-96
-182
-232
-194
-290
-349
-537
-607
-612
-644
-697
-824
-760
-886
-927
-896
-879
-897
-763
-727
-725
-638
-621
-613
-526
-449
-397
-383
-317
-247
-234
-135
-62
7
-46
11
3
20
29
30
80
152
99
68
50
13
35
59
52
-4
41
-36
-89
-125
-38
-29
-7
-27
-121
-204
-300
-255
-239
-277
-464
-493
-403
-361
-347
-390
-398
-304
-159
-136
-157
-61
-46
-97
-94
-142
-44
42
4
39
143
58
66
124
125
160
111
169
169
318
296
197
241
198
154
58
113
33
-19
60
-39
-73
-142
-152
-208
-312
-322
-358
-356
-381
-325
-373
-430
-476
-516
-525
-549
-519
-469
-420
-477
-476
-538
-627
-581
-467
-460
-454
-555
-635
-474
-475
-568
-480
-397
-410
-323
-272
-222
-230
-245
-102
13
37
197
294
339
342
339
406
442
607
695
666
658
789
764
720
825
827
759
685
649
707
701
736
882
890
771
615
575
430
321
322
273
340
217
36
25
1
-65
-192
-236
-228
-277
-378
-406
-261
-257
-373
-363
-362
-448
-550
-395
-253
-224
-176
-154
22
214
293
367
438
405
450
505
580
690
694
731
809
904
973
919
993
1041
1012
939
906
925
857
967
1016
955
902
889
851
862
760
639
453
355
455
311
197
177
211
185
17
-143
-127
-271
-527
-612
-697
-872
-908
-981
-1181
-1182
-1304
-1402
-1378
-1346
-1392
-1529
-1503
-1505
-1523
-1642
-1655
-1514
-1496
-1435
-1367
-1300
-1252
-1211
-1149
-1023
-941
-920
-859
-756
-716
-607
-558
-484
-477
-498
-412
-298
-221
-132
103
95
128
115
115
248
268
232
240
341
486
402
397
420
433
355
242
217
26
71
2
-32
-102
-244
-301
-377
-327
-261
-306
-404
-392
-410
-436
-402
-301
-203
-48
-58
-109
-39
-29
166
343
404
494
663
646
623
734
797
848
955
1072
1032
982
947
897
845
731
784
828
709
732
772
726
574
587
565
424
287
301
256
156
154
34
-127
-195
-258
-297
-323
-491
-499
-561
-605
-636
-619
-553
-590
-636
-617
-688
-737
-673
-667
-635
-553
-543
-601
-477
-446
-480
-399
-409
-425
-374
-368
-391
-330
-219
-186
-121
-50
50
99
192
184
186
380
409
438
461
500
419
369
365
233
285
330
230
168
188
205
97
-43
-67
-114
-209
-263
-365
-458
-546
-641
-793
-883
-935
-974
-991
-1086
-1130
-1207
-1211
-1230
-1183
-1215
-1227
-1183
-1097
-965
-905
-760
-717
-612
-548
-485
-391
-187
16
188
301
342
427
543
581
558
643
760
958
1108
1212
1246
1209
1185
1219
1096
1050
1024
1033
1041
976
1052
1020
972
872
840
860
787
785
754
667
702
648
529
329
225
215
170
160
119
162
-75
-295
-277
-246
-309
-331
-247
-214
-203
-167
-87
-102
-17
1
-18
25
146
243
247
401
524
447
392
448
518
599
600
654
694
727
643
627
727
725
755
789
789
781
790
763
728
664
625
602
608
582
597
516
374
481
531
221
58
232
304
327
363
383
281
339
287
92
56
7
-86
-139
-71
-48
-114
-215
-138
-95
-159
-210
-28
31
0
90
38
21
91
44
-51
43
98
203
274
381
487
411
451
554
548
495
520
631
669
601
517
574
544
447
477
421
414
419
454
513
448
294
134
125
88
61
-12
-137
-148
-212
-230
-315
-370
-322
-337
-336
-371
-511
-664
-705
-676
-783
-806
-725
-778
-879
-865
-741
-683
-689
-663
-646
-716
-724
-668
-589
-613
-579
-569
-674
-524
-351
-462
-486
-399
-430
-402
-433
-394
-285
-250
-370
-393
-296
-309
-307
-252
-236
-198
-153
-116
-89
-146
-69
-153
-148
-168
-222
-255
-196
-143
-362
-421
-493
-551
-659
-699
-618
-601
-576
-487
-462
-510
-577
-583
-696
-639
-546
-615
-593
-520
-298
-370
-533
-455
-397
-430
-408
-337
-150
-113
-94
-63
-12
66
73
146
187
306
258
282
390
439
316
265
348
425
512
468
498
449
383
317
321
259
249
250
349
411
262
197
138
23
-151
-48
-84
-86
-91
-177
-317
-481
-368
-365
-354
-217
-100
-33
41
20
-1
-5
118
209
234
221
214
255
334
470
519
530
543
615
609
799
889
865
827
864
926
859
813
753
875
826
773
844
888
925
778
590
530
490
406
263
215
220
67
-107
-54
-53
-159
-170
-210
-213
-302
-433
-561
-512
-582
-738
-808
-920
-909
-970
-1008
-1095
-1068
-1002
-982
-943
-862
-846
-886
-821
-737
-686
-608
-547
-525
-491
-564
-495
-460
-315
-174
-167
-48
92
94
179
289
283
292
293
290
345
465
437
427
349
332
289
219
309
273
97
101
174
168
162
19
-176
-174
-239
-361
-361
-356
-331
-461
-544
-475
-474
-632
-702
-699
-653
-598
-612
-564
-585
-596
-634
-693
-639
-609
-594
-513
-293
-274
-313
-188
-81
-28
-55
47
165
168
164
213
235
273
272
225
256
339
366
459
494
491
528
426
422
499
436
389
453
458
485
491
474
415
289
217
222
88
16
46
-97
-170
-235
-252
-265
-307
-301
-330
-293
-238
-272
-291
-188
-32
41
38
175
267
168
181
249
303
339
346
368
414
564
604
620
753
827
800
698
681
666
636
612
664
713
688
627
599
603
550
552
480
389
367
369
275
223
255
137
-22
-9
-17
-22
-75
-70
-25
-72
-154
-281
-233
-330
-391
-433
-405
-496
-604
-582
-605
-605
-621
-599
-583
-486
-512
-472
-347
-233
-366
-335
-213
-311
-376
-357
-326
-323
-240
-271
-290
-332
-361
-305
-148
-99
-77
-15
-105
-196
-211
-215
-236
-181
-131
-108
-64
-3
-28
-149
-123
-145
-276
-184
-57
-51
56
66
-79
-43
-9
-15
16
114
189
219
182
6
-40
-22
-32
-77
-16
-43
-42
152
149
55
99
158
76
202
303
295
457
506
399
410
365
207
198
229
370
376
404
401
334
281
279
380
362
426
386
336
296
362
405
391
331
228
143
67
72
47
-63
-148
-79
-94
-126
-169
-149
-223
-261
-193
-185
-220
-112
9
-134
-229
-317
-444
-396
-332
-409
-438
-488
-456
-453
-471
-428
-388
-390
-447
-336
-254
-133
-38
-59
-100
-75
34
78
63
94
114
31
90
165
181
246
318
315
378
416
441
451
431
471
428
366
329
382
326
269
314
241
126
-3
21
9
-212
-119
-18
-85
-110
-110
-231
-322
-353
-477
-440
-413
-310
-334
-495
-562
-525
-608
-710
-595
-581
-614
-615
-537
-557
-695
-704
-653
-660
-586
-508
-532
-459
-311
-321
-403
-328
-262
-368
-414
-298
-219
-206
-154
-69
-75
-36
22
115
148
87
55
-12
56
144
205
296
362
326
242
162
141
78
-24
-54
16
25
-49
-49
-110
-178
-256
-215
-244
-155
-98
-215
-232
-190
-140
-63
0
25
240
161
95
136
94
81
134
268
339
444
523
688
731
623
638
667
733
845
972
1010
1112
1216
1130
1037
972
871
734
879
946
827
835
891
848
684
547
526
616
707
567
566
621
433
407
372
330
280
236
163
146
211
76
-79
-46
-19
-15
20
18
16
6
112
153
192
284
144
166
334
480
548
636
772
797
814
836
1016
1135
1148
1087
1043
1006
928
844
955
1091
1023
983
908
867
799
801
798
791
732
607
603
488
327
177
12
23
58
-49
-118
-201
-275
-429
-526
-569
-671
-691
-672
-649
-708
-781
-869
-891
-976
-975
-907
-907
-931
-860
-880
-1040
-1090
-1160
-1149
-1127
-1000
-928
-980
-1030
-980
-930
-856
-891
-915
-765
-757
-699
-683
-622
-626
-637
-633
-597
-534
-580
-559
-588
-604
-580
-619
-705
-666
-680
-760
-859
-953
-908
-884
-926
-904
-911
-1033
-1045
-1059
-1036
-985
-1071
-1102
-1035
-975
-896
-885
-830
-793
-807
-771
-768
-808
-790
-781
-848
-771
-646
-531
-520
-564
-517
-365
-324
-325
-213
-97
-127
-156
-58
0
97
127
163
226
253
277
258
250
303
280
234
336
376
272
300
243
242
305
273
385
517
587
568
589
629
697
744
769
771
860
933
875
824
885
844
784
880
882
1038
1113
1064
1024
1056
1073
1013
1062
1048
1036
906
804
819
762
644
495
494
541
530
490
467
419
410
368
302
318
324
253
211
260
247
178
153
180
301
323
267
316
255
234
232
277
257
302
332
375
412
370
444
333
283
247
269
284
364
394
312
279
204
171
167
129
118
127
96
7
-26
46
-67
-36
15
7
-37
-95
-158
-109
3
-68
-96
-144
-171
-122
-68
-72
-79
-41
41
-12
4
25
51
67
179
344
300
337
345
269
287
329
278
358
337
309
299
323
299
298
257
189
337
370
401
420
430
411
396
471
531
519
559
491
383
451
469
310
205
229
214
144
169
222
185
163
223
278
251
197
162
170
156
198
282
335
298
315
367
274
197
229
194
125
184
284
299
269
297
184
101
155
118
86
118
218
190
97
42
-3
0
-71
-53
-53
-121
-131
-209
-366
-503
-491
-473
-440
-303
-308
-425
-464
-495
-403
-267
-297
-364
-467
-547
-556
-555
-601
-648
-786
-955
-940
-847
-853
-910
-876
-876
-975
-1019
-1039
-1096
-1110
-1147
-1158
-1182
-1117
-1075
-1187
-1223
-1124
-1149
-1196
-1064
-1070
-1057
-1078
-1169
-1293
-1324
-1335
-1302
-1154
-1169
-1159
-1185
-1130
-1131
-1135
-1134
-1256
-1232
-1126
-1042
-1067
-971
-993
-1058
-1055
-1132
-1132
-1144
-1067
-1135
-1139
-1146
-1141
-1073
-1125
-1038
-941
-851
-901
-923
-947
-975
-964
-978
-905
-766
-725
-740
-671
-659
-689
-708
-611
-552
-550
-541
-537
-486
-410
-418
-449
-394
-346
-269
-246
-187
-101
-135
-60
14
80
188
182
198
264
333
375
474
530
583
610
645
801
846
888
947
1020
1019
974
1028
1136
1223
1298
1288
1254
1222
1146
1129
1122
1151
1147
1175
1139
1225
1258
1100
1000
886
964
954
1013
1172
1254
1279
1173
1288
1339
1271
1318
1437
1482
1459
1415
1290
1280
1236
1228
1268
1346
1482
1462
1487
1658
1747
1619
1606
1687
1666
1718
1731
1717
1652
1611
1493
1392
1474
1492
1583
1551
1515
1546
1452
1296
1276
1211
1138
1199
1075
931
874
826
666
525
543
663
658
581
576
690
629
558
600
509
484
447
361
272
302
352
278
223
303
213
40
49
86
42
-17
-93
-156
-239
-250
-265
-346
-348
-344
-313
-406
-380
-428
-509
-511
-554
-505
-542
-616
-674
-710
-753
-716
-695
-670
-649
-648
-707
-799
-802
-878
-966
-982
-975
-921
-864
-899
-946
-947
-1033
-1110
-1016
-1018
-1111
-1165
-1070
-1047
-1051
-965
-1040
-1157
-1240
-1252
-1158
-1069
-1077
-1081
-1060
-1070
-1135
-1187
-1096
-899
-901
-919
-860
-868
-970
-900
-755
-738
-756
-772
-693
-677
-524
-546
-668
-660
-656
-759
-797
-626
-534
-586
-635
-573
-582
-669
-755
-773
-760
-741
-728
-775
-862
-849
-937
-1007
-956
-995
-1087
-1131
-1120
-1177
-1082
-1065
-1091
-1023
-878
-739
-630
-525
-525
-425
-328
-322
-370
-251
-89
-51
20
173
165
118
176
187
341
489
533
483
518
674
705
656
674
737
720
685
696
736
740
661
509
547
678
675
621
577
506
300
133
90
171
160
128
220
236
90
-40
21
4
16
151
128
100
125
132
89
29
81
84
73
182
248
192
201
250
273
305
376
411
375
374
396
418
415
386
340
282
204
260
380
373
394
409
265
160
242
266
231
359
299
217
264
234
287
262
238
233
289
244
173
243
222
225
189
158
141
72
47
-38
-111
-144
-278
-308
-266
-178
-107
-111
-135
-52
-132
-321
-328
-348
-381
-339
-269
-221
-167
-272
-345
-381
-316
-309
-444
-458
-290
-175
-188
-140
-39
0
-3
107
148
177
186
271
359
391
434
479
648
590
600
656
606
600
566
527
459
636
673
664
731
746
776
799
857
827
837
824
819
813
670
657
715
655
568
689
771
731
781
761
802
843
858
793
817
814
668
608
682
760
864
873
905
992
968
1010
1075
1180
1122
1192
1292
1293
1267
1179
1106
1065
993
970
1059
1161
1194
1161
1153
1115
1089
1066
1108
1108
1086
1031
867
851
913
764
692
654
548
490
553
569
506
507
402
160
-54
-177
-252
-348
-445
-403
-479
-632
-709
-745
-870
-982
-1030
-1116
-1158
-1174
-1257
-1357
-1471
-1453
-1420
-1494
-1370
-1293
-1356
-1459
-1521
-1584
-1669
-1659
-1594
-1598
-1644
-1573
-1479
-1451
-1535
-1582
-1571
-1624
-1612
-1604
-1576
-1567
-1474
-1480
-1555
-1408
-1405
-1518
-1525
-1480
-1486
-1500
-1512
-1467
-1454
-1559
-1625
-1497
-1479
-1614
-1742
-1763
-1795
-1792
-1773
-1886
-1874
-1980
-2080
-2050
-2025
-2038
-2024
-1965
-1912
-1874
-1818
-1747
-1635
-1636
-1657
-1546
-1543
-1516
-1421
-1400
-1313
-1126
-1138
-1119
-927
-833
-850
-721
-577
-560
-499
-488
-443
-338
-349
-386
-321
-258
-240
-191
-169
-112
26
119
301
443
420
371
438
586
707
792
890
992
947
890
955
1096
1167
1178
1211
1296
1315
1245
1201
1277
1432
1431
1429
1563
1732
1718
1713
1772
1815
1854
1903
2036
2160
2260
2234
2264
2307
2312
2305
2363
2437
2461
2436
2465
2520
2567
2619
2483
2518
2510
2420
2387
2381
2361
2232
2145
1961
1865
1791
1728
1800
1780
1775
1640
1481
1346
1206
1123
981
962
867
692
628
642
657
683
683
664
589
518
461
466
518
523
576
533
587
573
463
492
567
600
551
513
534
525
568
644
578
559
519
470
471
431
431
431
448
365
281
269
117
58
61
17
22
96
56
-154
-350
-486
-552
-593
-530
-473
-502
-659
-798
-888
-1091
-1231
-1276
-1234
-1328
-1392
-1366
-1422
-1435
-1553
-1597
-1597
-1634
-1655
-1605
-1444
-1338
-1374
-1407
-1337
-1307
-1360
-1289
-1129
-1110
-1037
-1036
-1090
-1123
-1048
-930
-898
-799
-765
-734
-698
-631
-604
-668
-651
-668
-703
-637
-562
-610
-654
-602
-644
-626
-590
-605
-660
-684
-639
-640
-614
-545
-535
-532
-566
-659
-683
-734
-670
-653
-752
-710
-669
-733
-629
-516
-564
-528
-518
-584
-578
-584
-581
-538
-485
-455
-518
-535
-468
-400
-376
-261
-146
-124
-220
-256
-187
-229
-260
-156
-165
-271
-210
-185
-164
-98
-74
-118
-40
27
-82
-151
-162
-155
-132
-96
-23
9
6
100
201
198
190
229
144
176
268
298
313
336
425
327
332
489
453
434
485
460
452
402
434
434
335
403
432
419
304
217
190
150
252
262
209
196
159
92
77
61
81
81
82
115
102
22
0
-74
-202
-228
-199
-147
-153
-66
-82
-169
-193
-178
-223
-202
-127
-105
-75
-62
-129
-84
-70
-149
-88
-68
10
-40
24
140
89
-1
9
35
26
0
66
214
179
138
137
98
7
3
2
16
-1
51
6
-46
-68
-78
-41
-59
-98
-176
-218
-181
-112
-170
-171
-117
-82
-125
-70
24
43
-23
-29
-54
-17
77
74
124
138
87
-13
-63
-17
49
49
62
112
193
156
210
202
171
212
208
233
300
279
269
366
384
452
474
542
595
638
620
624
678
744
781
849
891
892
1101
1144
1163
1275
1364
1357
1328
1330
1332
1395
1385
1379
1403
1435
1476
1480
1483
1513
1482
1447
1467
1440
1384
1312
1202
1090
1155
1238
1161
1184
1256
1125
1054
1072
948
914
940
960
953
991
977
882
847
931
909
850
925
781
751
804
765
732
650
478
375
309
219
204
185
198
223
169
71
92
132
108
111
-44
-158
-73
-165
-326
-399
-367
-370
-530
-637
-629
-683
-642
-576
-649
-687
-705
-808
-935
-914
-906
-1063
-1040
-966
-1074
-1192
-1255
-1287
-1298
-1430
-1593
-1628
-1799
-1792
-1739
-1780
-1751
-1727
-1798
-1869
-1886
-1980
-1933
-1934
-2058
-2207
-2239
-2193
-2175
-2172
-2225
-2231
-2364
-2408
-2379
-2253
-2115
-2113
-2170
-2224
-2193
-2289
-2239
-2094
-2049
-2057
-2006
-1969
-1829
-1718
-1774
-1815
-1831
-1780
-1687
-1594
-1555
-1479
-1419
-1406
-1346
-1208
-1152
-1081
-950
-884
-753
-735
-673
-382
-402
-415
-294
-246
-224
-70
30
-37
62
113
89
65
133
145
178
221
227
219
220
312
365
443
528
608
677
744
891
896
866
895
960
1167
1259
1284
1374
1511
1474
1525
1626
1624
1697
1719
1649
1636
1714
1753
1786
1726
1742
1833
1886
1906
1971
1939
1939
2053
2018
2039
2104
2045
2014
1995
1918
1918
1906
1868
1870
1731
1631
1649
1559
1502
1436
1410
1406
1397
1382
1498
1583
1440
1352
1281
1200
1094
1033
975
978
971
805
754
754
699
628
609
591
612
607
547
587
642
684
560
535
557
555
467
400
366
293
279
241
295
197
132
51
24
117
146
82
81
92
-71
-179
-158
-231
-425
-409
-432
-570
-551
-569
-620
-536
-561
-611
-586
-646
-622
-537
-587
-601
-527
-513
-496
-504
-514
-588
-681
-703
-693
-796
-820
-749
-705
-712
-809
-787
-760
-818
-898
-852
-898
-898
-851
-856
-856
-828
-841
-933
-824
-781
-822
-812
-843
-850
-809
-799
-722
-652
-617
-508
-440
-468
-442
-465
-512
-489
-515
-532
-478
-395
-360
-387
-348
-373
-374
-377
-328
-236
-286
-305
-244
-181
-249
-210
-185
-114
-93
-112
-94
-23
18
-4
90
94
8
-17
-18
-77
-134
-167
-202
-267
-266
-325
-421
-361
-284
-331
-288
-187
-200
-257
-214
-245
-242
-240
-315
-204
-173
-180
-163
-219
-308
-415
-514
-593
-611
-592
-605
-650
-648
-661
-702
-702
-738
-653
-645
-723
-724
-709
-832
-947
-991
-1103
-993
-958
-1048
-1078
-968
-981
-1026
-917
-946
-912
-884
-791
-693
-668
-628
-493
-450
-550
-386
-281
-259
-255
-218
-162
-115
-56
15
136
193
236
221
316
362
327
286
251
268
197
137
245
364
333
402
480
501
433
464
558
547
630
585
580
706
679
612
593
544
534
559
661
736
737
682
637
632
641
641
758
921
896
893
839
766
749
771
698
758
814
801
831
780
806
751
664
662
823
825
787
768
807
843
830
843
775
810
771
731
750
876
877
845
833
867
922
857
920
968
917
902
922
885
833
892
942
911
909
876
877
832
793
756
809
772
677
619
578
604
511
403
405
269
175
250
174
170
141
165
107
-8
-11
-63
-193
-143
-69
-190
-135
-119
-234
-247
-230
-263
-287
-300
-221
-90
-21
65
157
183
248
255
205
151
101
124
37
-2
135
149
74
-3
-18
-63
-116
-99
-118
-172
-184
-187
-283
-270
-211
-252
-362
-381
-339
-358
-452
-432
-375
-409
-459
-476
-460
-518
-513
-543
-551
-511
-504
-495
-503
-620
-656
-562
-681
-819
-829
-841
-927
-994
-930
-901
-986
-999
-955
-1021
-1069
-1064
-1000
-1027
-1002
-956
-965
-930
-891
-774
-768
-751
-730
-776
-819
-772
-705
-647
-618
-600
-621
-588
-576
-627
-500
-442
-428
-374
-313
-274
-214
-172
-149
-17
105
65
88
123
94
137
169
137
152
203
155
139
168
191
112
114
68
-3
55
30
-36
-96
-154
-226
-251
-318
-339
-367
-441
-477
-495
-527
-624
-655
-626
-589
-476
-449
-449
-413
-477
-434
-356
-339
-290
-230
-210
-105
-50
-93
14
68
20
117
232
256
298
288
244
317
368
280
324
311
346
483
491
614
640
667
655
590
524
513
479
499
668
678
736
660
566
580
676
708
723
843
855
821
851
790
780
721
601
619
568
601
663
717
710
712
689
663
639
544
446
566
565
568
666
549
531
504
474
474
534
465
507
546
491
521
566
641
541
533
610
547
500
467
441
442
431
448
443
448
408
339
334
333
377
460
436
429
409
411
442
486
446
380
458
407
333
358
453
546
590
492
409
376
364
374
335
338
283
207
86
53
88
22
-117
-273
-367
-506
-550
-560
-521
-380
-455
-598
-585
-548
-599
-579
-623
-703
-769
-878
-940
-957
-960
-1000
-978
-1039
-1157
-1126
-1123
-1138
-1159
-1197
-1071
-981
-932
-889
-768
-694
-617
-507
-439
-425
-422
-391
-387
-337
-353
-375
-312
-307
-373
-244
-192
-59
-124
-262
-190
-257
-354
-361
-214
-174
-245
-323
-259
-171
-167
-220
-327
-280
-230
-268
-292
-271
-311
-355
-354
-410
-349
-355
-421
-408
-271
-301
-282
-130
-134
-117
-164
-222
-229
-122
-122
-76
31
21
-76
-201
-203
-134
-77
-98
-100
-148
-209
-151
-76
25
111
68
4
67
78
-30
-25
75
221
226
178
240
336
412
402
431
460
500
415
402
554
598
573
528
503
438
407
386
400
428
428
492
521
479
567
540
414
450
357
295
347
350
353
369
434
492
494
483
479
465
504
560
575
591
576
456
352
330
253
270
319
282
239
166
146
68
21
13
-37
20
-29
-84
-63
-100
-177
-180
-151
-78
-64
-122
-50
-59
-97
-142
-63
-56
-144
-143
-92
-28
12
81
93
182
363
446
545
687
657
631
622
485
323
398
416
429
636
639
639
701
707
717
678
630
508
508
630
700
640
601
647
583
501
438
459
421
388
322
292
234
249
241
108
144
106
79
83
-5
-226
-231
-213
-352
-364
-468
-479
-410
-417
-478
-469
-483
-562
-502
-466
-399
-450
-557
-582
-508
-466
-459
-362
-388
-340
-318
-411
-505
-548
-566
-622
-605
-573
-500
-541
-532
-500
-511
-431
-479
-432
-485
-558
-584
-618
-583
-590
-647
-658
-636
-758
-741
-694
-611
-558
-509
-455
-500
-459
-451
-439
-402
-364
-479
-496
-502
-564
-516
-570
-569
-587
-635
-666
-580
-531
-607
-514
-505
-521
-513
-526
-649
-696
-718
-843
-775
-821
-757
-755
-820
-763
-720
-666
-608
-633
-661
-609
-699
-699
-647
-559
-544
-608
-562
-484
-398
-418
-297
-171
-55
85
145
283
310
404
488
511
478
485
459
422
561
618
611
668
755
730
756
774
775
790
785
806
825
836
727
647
712
860
822
745
732
668
621
545
480
407
398
412
492
524
479
452
559
587
569
631
555
547
594
576
589
635
675
781
765
785
836
863
924
940
954
1030
1069
1073
1202
1193
1107
1084
1084
1117
1158
1142
1177
1228
1244
1186
1157
1203
1034
989
992
970
980
920
871
838
781
735
732
640
636
605
505
412
271
157
197
210
212
243
136
114
46
-56
-73
-140
-272
-358
-415
-448
-361
-327
-343
-366
-281
-287
-332
-282
-244
-232
-420
-545
-639
-623
-542
-534
-627
-604
-562
-624
-578
-571
-594
-645
-671
-653
-616
-497
-483
-652
-663
-649
-665
-682
-649
-713
-799
-722
-681
-770
-751
-691
-827
-901
-894
-850
-836
-909
-1061
-1079
-1065
-1146
-1191
-1159
-1134
-1178
-1223
-1212
-1200
-1144
-1010
-1043
-1099
-1055
-1093
-1070
-937
-908
-984
-1003
-952
-984
-955
-905
-877
-824
-741
-694
-671
-660
-697
-648
-537
-382
-322
-350
-323
-283
-263
-235
-202
-166
-146
-124
-138
-83
-1
11
51
118
96
32
75
185
239
262
273
228
213
253
226
184
338
276
200
161
77
202
272
248
257
271
217
217
241
260
212
151
80
53
155
204
137
169
202
197
259
209
208
290
269
260
284
339
374
438
509
417
352
422
547
569
622
612
576
528
546
687
719
739
746
683
665
732
736
756
864
956
981
1032
1021
1068
1120
1087
1117
1096
1100
1079
1014
993
996
1007
945
921
845
839
903
855
872
912
830
693
584
470
417
462
463
429
485
470
423
385
365
280
272
314
239
179
183
193
175
228
224
156
153
221
161
204
318
310
371
401
319
258
178
103
37
-4
20
13
-9
-96
-67
-19
3
-51
-61
-54
-175
-227
-257
-260
-240
-285
-351
-310
-367
-373
-380
-473
-548
-524
-568
-552
-408
-440
-472
-476
-406
-400
-375
-339
-333
-331
-340
-355
-321
-272
-352
-418
-423
-419
-477
-426
-314
-306
-251
-219
-230
-169
-207
-281
-267
-219
-209
-226
-172
-179
-198
-173
-201
-230
-276
-360
-360
-372
-422
-429
-415
-368
-352
-354
-432
-473
-522
-555
-521
-554
-597
-635
-639
-658
-651
-655
-723
-756
-775
-703
-638
-605
-619
-608
-516
-535
-503
-548
-577
-485
-448
-454
-390
-362
-314
-268
-275
-257
-285
-277
-249
-247
-246
-244
-329
-327
-296
