2151
2116
2071
2018
1980
1957
1942
1925
1904
1866
1822
1775
1712
1657
1625
1599
1575
1561
1567
1555
1503
1457
1434
1428
1408
1380
1339
1287
1243
1206
1172
1150
1142
1149
1167
1178
1190
1201
1203
1198
1174
1142
1096
1040
983
932
879
834
795
752
707
655
605
552
499
446
397
345
297
253
206
161
108
56
-2
-70
-139
-213
-282
-350
-414
-467
-514
-555
-591
-618
-637
-654
-671
-701
-742
-793
-845
-896
-948
-999
-1048
-1090
-1125
-1151
-1167
-1181
-1188
-1195
-1199
-1202
-1203
-1195
-1188
-1180
-1168
-1152
-1124
-1082
-1031
-974
-919
-869
-823
-791
-763
-731
-699
-665
-629
-593
-562
-539
-510
-474
-439
-411
-390
-364
-333
-296
-251
-207
-152
-98
-40
13
75
153
233
310
391
478
562
638
708
772
824
877
926
972
1026
1085
1148
1215
1276
1335
1392
1450
1512
1576
1643
1707
1764
1813
1852
1883
1908
1930
1954
1990
2044
2102
2161
2220
2272
2311
2340
2353
2352
2349
2338
2320
2295
2266
2236
2202
2169
2137
2098
2059
2028
2005
2004
2018
2038
2066
2101
2142
2190
2233
2273
2315
2346
2356
2361
2363
2364
2367
2370
2377
2393
2415
2438
2467
2488
2505
2526
2547
2581
2624
2675
2718
2751
2784
2809
2830
2850
2872
2896
2923
2946
2970
3006
3037
3055
3062
3050
3032
3015
2991
2949
2899
2864
2815
2744
2651
2556
2489
2429
2369
2319
2293
2287
2290
2298
2303
2299
2289
2267
2236
2205
2173
2147
2120
2091
2056
2002
1940
1874
1811
1753
1685
1607
1529
1463
1415
1377
1339
1309
1295
1297
1321
1364
1417
1470
1519
1561
1600
1633
1658
1682
1700
1710
1713
1711
1715
1725
1730
1732
1736
1748
1765
1791
1826
1861
1887
1909
1937
1964
1982
1984
1963
1929
1889
1841
1798
1769
1746
1730
1725
1736
1762
1790
1791
1776
1768
1798
1876
1969
2025
2014
1946
1862
1787
1720
1678
1645
1604
1553
1510
1467
1415
1361
1318
1286
1254
1222
1203
1190
1181
1183
1198
1216
1221
1219
1208
1187
1163
1147
1130
1110
1094
1071
1042
1014
989
976
970
971
978
971
956
940
941
966
987
980
930
841
752
683
652
663
698
720
706
641
534
423
338
286
251
198
104
-22
-151
-280
-415
-541
-658
-773
-888
-995
-1083
-1157
-1215
-1258
-1292
-1315
-1326
-1334
-1340
-1340
-1348
-1374
-1417
-1465
-1510
-1539
-1565
-1601
-1640
-1697
-1751
-1790
-1819
-1824
-1821
-1820
-1821
-1836
-1864
-1908
-1953
-1995
-2033
-2079
-2121
-2162
-2209
-2261
-2329
-2392
-2459
-2530
-2609
-2693
-2783
-2868
-2952
-3036
-3115
-3186
-3251
-3315
-3380
-3447
-3508
-3567
-3622
-3673
-3726
-3778
-3832
-3890
-3950
-4010
-4069
-4125
-4176
-4219
-4269
-4338
-4405
-4458
-4503
-4552
-4611
-4668
-4710
-4735
-4765
-4811
-4859
-4906
-4961
-5026
-5088
-5136
-5181
-5227
-5264
-5287
-5306
-5321
-5333
-5331
-5317
-5291
-5251
-5199
-5143
-5085
-5037
-5009
-4985
-4966
-4956
-4945
-4928
-4911
-4897
-4879
-4858
-4835
-4815
-4803
-4804
-4807
-4807
-4809
-4813
-4812
-4810
-4811
-4809
-4811
-4800
-4784
-4763
-4736
-4706
-4681
-4662
-4646
-4634
-4631
-4626
-4615
-4605
-4592
-4581
-4560
-4536
-4510
-4475
-4430
-4377
-4326
-4271
-4208
-4141
-4065
-3995
-3931
-3861
-3800
-3740
-3677
-3612
-3549
-3487
-3420
-3362
-3312
-3262
-3218
-3172
-3127
-3083
-3034
-2992
-2961
-2934
-2908
-2888
-2871
-2864
-2866
-2869
-2873
-2874
-2870
-2871
-2881
-2899
-2924
-2947
-2963
-2960
-2936
-2910
-2873
-2832
-2783
-2732
-2687
-2632
-2586
-2545
-2507
-2475
-2447
-2421
-2407
-2405
-2415
-2434
-2450
-2465
-2480
-2497
-2510
-2522
-2533
-2533
-2529
-2523
-2508
-2502
-2511
-2517
-2514
-2502
-2494
-2493
-2495
-2500
-2509
-2521
-2536
-2565
-2607
-2655
-2703
-2738
-2766
-2788
-2819
-2857
-2881
-2919
-2939
-2948
-2952
-2928
-2911
-2899
-2884
-2863
-2846
-2828
-2802
-2768
-2719
-2653
-2583
-2524
-2479
-2453
-2446
-2448
-2441
-2416
-2370
-2327
-2307
-2307
-2317
-2331
-2339
-2340
-2346
-2338
-2323
-2318
-2308
-2292
-2263
-2228
-2189
-2149
-2113
-2078
-2038
-2005
-1977
-1957
-1957
-1967
-1977
-2000
-2029
-2066
-2116
-2167
-2226
-2281
-2333
-2387
-2443
-2506
-2564
-2608
-2636
-2654
-2669
-2684
-2693
-2700
-2705
-2709
-2715
-2719
-2723
-2724
-2723
-2724
-2723
-2716
-2707
-2700
-2694
-2700
-2711
-2718
-2726
-2738
-2753
-2764
-2778
-2795
-2812
-2835
-2861
-2894
-2927
-2944
-2949
-2956
-2962
-2952
-2934
-2923
-2913
-2904
-2908
-2912
-2913
-2917
-2920
-2923
-2919
-2908
-2899
-2893
-2882
-2875
-2872
-2861
-2849
-2831
-2815
-2805
-2792
-2783
-2784
-2789
-2786
-2781
-2781
-2782
-2773
-2760
-2742
-2718
-2691
-2670
-2653
-2643
-2630
-2610
-2587
-2567
-2549
-2521
-2491
-2468
-2447
-2418
-2380
-2347
-2332
-2326
-2315
-2312
-2320
-2324
-2329
-2320
-2298
-2268
-2242
-2224
-2210
-2194
-2160
-2112
-2065
-2019
-1978
-1940
-1888
-1837
-1815
-1810
-1812
-1813
-1811
-1815
-1825
-1844
-1864
-1891
-1928
-1966
-1996
-2027
-2055
-2080
-2095
-2106
-2111
-2103
-2091
-2080
-2077
-2083
-2097
-2108
-2121
-2138
-2144
-2145
-2152
-2160
-2172
-2191
-2216
-2236
-2255
-2272
-2278
-2282
-2275
-2257
-2233
-2209
-2184
-2158
-2140
-2122
-2108
-2096
-2081
-2064
-2046
-2011
-1955
-1893
-1830
-1760
-1678
-1595
-1506
-1422
-1348
-1279
-1218
-1161
-1118
-1090
-1070
-1054
-1041
-1038
-1033
-1013
-969
-915
-864
-810
-747
-682
-627
-577
-509
-407
-281
-135
25
181
335
500
659
793
894
965
1034
1110
1208
1317
1407
1464
1482
1501
1566
1663
1730
1739
1693
1628
1609
1659
1741
1785
1802
1848
1891
1897
1940
2053
2188
2318
2421
2517
2586
2653
2715
2785
2912
3024
3074
3063
3019
2976
2954
2955
2962
2973
2980
2966
2921
2859
2807
2745
2662
2585
2517
2450
2363
2263
2150
2037
1944
1862
1796
1736
1681
1636
1606
1576
1551
1507
1465
1416
1345
1257
1152
1042
904
759
670
608
538
464
381
293
228
213
225
222
241
279
316
357
366
330
288
284
277
253
213
173
123
56
-16
-82
-145
-213
-256
-301
-363
-433
-492
-551
-599
-623
-642
-660
-667
-649
-618
-578
-529
-479
-424
-377
-332
-286
-244
-193
-142
-90
-36
15
54
71
74
58
48
57
68
53
2
-51
-126
-236
-376
-513
-631
-750
-871
-989
-1083
-1145
-1175
-1176
-1182
-1219
-1252
-1241
-1163
-1062
-969
-888
-818
-777
-774
-766
-778
-819
-869
-918
-972
-1027
-1057
-1037
-1004
-966
-909
-836
-766
-750
-764
-765
-736
-673
-586
-520
-494
-505
-557
-631
-699
-765
-826
-879
-918
-955
-1001
-1053
-1112
-1166
-1229
-1290
-1340
-1379
-1410
-1436
-1461
-1488
-1531
-1566
-1594
-1636
-1690
-1752
-1812
-1877
-1931
-1983
-2023
-2059
-2095
-2130
-2164
-2194
-2214
-2239
-2262
-2278
-2290
-2287
-2284
-2291
-2300
-2305
-2314
-2322
-2337
-2349
-2361
-2376
-2394
-2409
-2415
-2414
-2404
-2382
-2346
-2297
-2225
-2142
-2048
-1947
-1836
-1723
-1613
-1507
-1414
-1331
-1269
-1220
-1181
-1157
-1142
-1138
-1139
-1133
-1120
-1103
-1085
-1067
-1045
-1030
-1024
-1004
-962
-901
-827
-755
-679
-604
-543
-503
-482
-481
-503
-531
-551
-554
-549
-542
-540
-533
-511
-467
-409
-357
-310
-265
-229
-207
-195
-195
-198
-205
-212
-218
-225
-227
-227
-230
-230
-226
-223
-220
-217
-212
-208
-201
-201
-202
-205
-217
-226
-229
-220
-202
-179
-157
-127
-91
-52
-14
17
44
65
78
84
82
71
61
44
29
12
-10
-30
-43
-51
-59
-68
-74
-81
-86
-95
-104
-110
-109
-102
-93
-84
-84
-102
-120
-132
-139
-131
-116
-108
-110
-111
-102
-91
-82
-73
-60
-46
-49
-73
-95
-110
-110
-98
-87
-87
-87
-88
-82
-80
-97
-115
-126
-127
-117
-79
-18
45
105
147
190
242
304
359
409
461
516
580
638
686
718
740
748
746
746
743
724
699
687
695
721
759
796
831
859
885
903
923
963
999
1018
1028
1026
1021
1013
1013
1015
1007
996
977
972
974
968
968
972
966
939
903
865
825
789
768
758
752
759
780
813
856
899
943
954
941
922
894
880
878
862
844
826
822
829
829
839
843
853
861
861
863
851
823
786
733
673
617
554
498
452
416
393
380
379
386
399
410
423
426
432
440
429
398
361
350
343
332
337
331
305
262
205
154
90
18
-20
-27
-18
25
100
177
253
275
300
357
389
427
458
485
484
441
378
279
186
119
63
19
5
-5
-53
-109
-137
-134
-122
-88
-47
-15
0
26
70
99
119
112
103
78
27
-45
-133
-218
-294
-369
-439
-508
-580
-653
-743
-839
-931
-1008
-1071
-1098
-1105
-1104
-1095
-1074
-1044
-1007
-975
-954
-919
-897
-902
-932
-975
-1013
-1017
-997
-979
-992
-1024
-1041
-1086
-1157
-1221
-1289
-1352
-1383
-1397
-1427
-1482
-1547
-1604
-1637
-1640
-1620
-1591
-1557
-1531
-1519
-1522
-1545
-1575
-1618
-1665
-1681
-1676
-1650
-1611
-1590
-1600
-1635
-1649
-1624
-1582
-1549
-1564
-1593
-1617
-1636
-1649
-1664
-1680
-1642
-1580
-1509
-1415
-1357
-1315
-1256
-1198
-1161
-1148
-1175
-1218
-1255
-1292
-1330
-1363
-1380
-1373
-1357
-1351
-1354
-1372
-1391
-1412
-1422
-1419
-1418
-1421
-1435
-1460
-1491
-1532
-1587
-1634
-1686
-1742
-1800
-1870
-1941
-2006
-2071
-2128
-2162
-2178
-2187
-2177
-2158
-2136
-2128
-2147
-2200
-2254
-2245
-2191
-2152
-2153
-2132
-2096
-2064
-2049
-2052
-2049
-2053
-2049
-2052
-2077
-2127
-2194
-2272
-2337
-2371
-2380
-2385
-2392
-2407
-2438
-2465
-2478
-2485
-2492
-2496
-2493
-2479
-2454
-2435
-2411
-2380
-2344
-2309
-2276
-2249
-2232
-2214
-2186
-2140
-2100
-2073
-2059
-2048
-2029
-2018
-2006
-1991
-1986
-1991
-2005
-2017
-2015
-2019
-2018
-2012
-1981
-1932
-1869
-1794
-1720
-1646
-1589
-1559
-1540
-1516
-1497
-1486
-1486
-1490
-1484
-1472
-1461
-1445
-1427
-1400
-1365
-1336
-1319
-1287
-1242
-1187
-1122
-1042
-964
-910
-865
-824
-779
-731
-686
-649
-632
-618
-612
-622
-633
-648
-662
-669
-681
-707
-719
-704
-664
-602
-536
-489
-446
-390
-341
-312
-296
-292
-302
-309
-306
-300
-304
-301
-294
-292
-293
-295
-302
-326
-357
-380
-400
-429
-463
-483
-473
-455
-445
-430
-393
-342
-290
-247
-216
-205
-219
-247
-280
-308
-345
-374
-385
-395
-387
-362
-320
-267
-225
-210
-222
-242
-262
-262
-232
-200
-188
-182
-162
-133
-107
-70
-35
-5
27
64
111
157
213
270
315
356
398
450
502
560
637
717
797
883
960
1038
1105
1158
1204
1216
1201
1167
1126
1096
1077
1086
1117
1146
1189
1251
1337
1453
1550
1609
1621
1616
1646
1747
1863
1945
2004
2035
2055
2098
2140
2181
2251
2309
2387
2473
2538
2612
2701
2785
2847
2902
2961
3011
3049
3088
3122
3155
3177
3189
3203
3202
3188
3176
3166
3154
3141
3119
3091
3060
3033
3008
2986
2964
2929
2889
2856
2822
2784
2742
2702
2656
2611
2578
2558
2544
2530
2523
2512
2500
2488
2487
2486
2471
2450
2416
2379
2338
2306
2289
2277
2265
2257
2246
2232
2221
2207
2193
2181
2169
2163
2155
2147
2138
2121
2110
2104
2097
2092
2076
2042
2010
1980
1955
1938
1930
1921
1906
1894
1893
1904
1929
1957
1969
1986
2016
2051
2079
2093
2085
2053
2002
1946
1882
1835
1798
1752
1716
1699
1701
1702
1722
1728
1698
1696
1724
1737
1749
1757
1754
1741
1713
1674
1629
1584
1561
1549
1532
1518
1514
1516
1522
1525
1512
1484
1450
1428
1404
1373
1333
1279
1232
1202
1178
1138
1082
1014
942
889
850
811
771
733
685
632
572
528
469
410
379
344
299
238
174
119
101
89
81
91
114
140
166
185
185
163
137
122
110
111
112
104
90
79
68
59
47
32
11
-11
-30
-37
-50
-58
-56
-55
-67
-65
-46
-28
-11
-7
-10
-21
-29
-35
-40
-39
-25
-2
13
25
44
68
91
121
156
176
186
196
192
174
162
146
121
110
111
117
129
153
179
201
230
250
260
269
290
310
328
349
357
361
368
373
372
371
365
361
357
354
348
348
357
364
366
364
353
341
325
309
288
266
256
253
266
285
308
330
354
368
378
379
384
387
376
350
309
263
232
215
210
213
216
216
218
231
248
257
237
179
102
17
-71
-153
-230
-293
-347
-387
-404
-428
-461
-485
-477
-455
-431
-409
-411
-441
-493
-548
-586
-653
-731
-779
-842
-900
-924
-938
-951
-959
-954
-933
-907
-881
-873
-874
-868
-866
-896
-950
-996
-1031
-1052
-1069
-1071
-1057
-1042
-1030
-1016
-996
-976
-969
-957
-949
-953
-970
-997
-1014
-1027
-1039
-1054
-1055
-1051
-1047
-1047
-1063
-1089
-1119
-1134
-1130
-1125
-1117
-1107
-1098
-1078
-1054
-1043
-1054
-1076
-1105
-1144
-1184
-1222
-1271
-1336
-1402
-1446
-1473
-1490
-1494
-1471
-1434
-1399
-1380
-1381
-1388
-1395
-1383
-1353
-1328
-1310
-1295
-1279
-1262
-1250
-1241
-1249
-1266
-1290
-1305
-1308
-1309
-1299
-1291
-1282
-1279
-1276
-1266
-1256
-1263
-1276
-1291
-1317
-1339
-1363
-1382
-1391
-1391
-1382
-1374
-1373
-1379
-1372
-1357
-1325
-1274
-1219
-1160
-1104
-1062
-1029
-997
-963
-926
-892
-868
-855
-850
-848
-843
-842
-841
-835
-826
-810
-792
-774
-755
-735
-718
-711
-712
-716
-725
-737
-752
-770
-797
-835
-875
-915
-963
-1005
-1031
-1043
-1046
-1045
-1052
-1076
-1101
-1111
-1095
-1071
-1048
-1038
-1048
-1059
-1077
-1101
-1123
-1129
-1118
-1098
-1070
-1041
-1002
-955
-892
-830
-763
-693
-629
-578
-541
-508
-484
-471
-456
-442
-438
-431
-431
-438
-454
-471
-485
-494
-497
-488
-473
-450
-425
-416
-419
-424
-426
-432
-429
-408
-374
-329
-280
-248
-235
-232
-241
-256
-275
-303
-349
-393
-425
-471
-523
-552
-574
-581
-566
-535
-501
-468
-433
-401
-373
-351
-322
-298
-282
-262
-235
-196
-150
-112
-88
-74
-57
-39
-20
-7
4
18
35
58
74
90
110
130
147
168
199
232
271
312
357
403
440
475
514
548
583
617
642
662
680
698
713
726
738
755
778
790
807
827
853
877
890
899
908
918
936
968
1008
1042
1059
1074
1091
1110
1127
1150
1174
1182
1168
1141
1100
1059
1031
1027
1026
1014
989
967
960
961
955
938
908
844
768
688
617
556
494
428
363
305
271
257
247
274
336
428
523
599
706
839
973
1096
1191
1254
1294
1327
1352
1370
1368
1340
1287
1223
1153
1075
995
919
849
782
722
655
592
551
529
507
479
459
489
537
604
716
817
892
952
1020
1077
1107
1129
1147
1162
1192
1221
1242
1256
1247
1232
1204
1178
1159
1151
1147
1156
1174
1185
1195
1198
1201
1207
1211
1206
1190
1176
1163
1142
1105
1058
1019
979
956
937
917
907
902
906
914
912
901
887
869
848
823
797
761
729
713
700
679
652
619
595
577
557
536
518
491
460
427
379
339
280
198
111
26
-57
-156
-260
-357
-454
-542
-611
-678
-747
-796
-821
-835
-865
-918
-984
-1063
-1135
-1194
-1251
-1320
-1396
-1463
-1523
-1576
-1630
-1703
-1788
-1882
-1976
-2050
-2115
-2174
-2229
-2284
-2326
-2360
-2398
-2435
-2462
-2486
-2511
-2532
-2549
-2558
-2553
-2552
-2549
-2548
-2556
-2568
-2575
-2570
-2564
-2556
-2551
-2544
-2530
-2508
-2485
-2465
-2436
-2404
-2374
-2352
-2336
-2335
-2349
-2359
-2367
-2373
-2371
-2357
-2329
-2287
-2226
-2147
-2070
-1998
-1916
-1824
-1725
-1631
-1539
-1459
-1403
-1368
-1347
-1342
-1361
-1405
-1456
-1501
-1529
-1526
-1492
-1445
-1409
-1384
-1348
-1307
-1249
-1169
-1093
-1031
-963
-872
-760
-651
-556
-470
-378
-279
-174
-74
20
112
190
262
325
385
438
485
538
586
625
664
689
689
665
624
595
580
583
601
617
617
593
545
495
470
469
492
521
540
549
538
531
536
553
566
556
537
527
524
537
565
591
617
646
679
712
742
767
779
784
786
770
743
704
645
575
499
426
370
322
252
157
63
-11
-74
-137
-223
-310
-375
-394
-386
-415
-486
-578
-662
-723
-771
-802
-830
-872
-914
-948
-976
-1004
-1027
-1055
-1069
-1051
-1023
-1002
-976
-927
-863
-792
-724
-651
-569
-483
-393
-313
-241
-171
-112
-56
-21
0
19
32
36
39
49
71
98
126
152
176
199
213
216
218
221
214
208
204
205
212
221
234
240
230
217
203
197
198
198
190
183
178
155
126
100
76
42
11
-24
-77
-135
-189
-244
-293
-336
-375
-415
-464
-514
-563
-604
-643
-676
-705
-739
-771
-792
-808
-822
-796
-743
-676
-618
-558
-491
-436
-376
-305
-252
-219
-185
-144
-114
-96
-67
-43
-28
-31
-34
-35
-49
-49
-45
-41
-37
-20
15
66
126
201
283
354
421
493
555
600
644
708
772
822
866
924
980
1034
1090
1139
1193
1255
1312
1370
1427
1473
1518
1556
1589
1629
1668
1693
1709
1727
1745
1759
1774
1785
1781
1788
1788
1770
1741
1687
1620
1583
1577
1602
1666
1746
1825
1896
1961
2015
2060
2106
2163
2215
2252
2282
2314
2341
2359
2372
2369
2354
2341
2328
2335
2350
2355
2356
2388
2450
2516
2616
2708
2760
2797
2841
2881
2909
2961
3022
3060
3091
3115
3165
3225
3283
3327
3337
3328
3303
3292
3295
3293
3273
3258
3249
3259
3269
3262
3229
3145
3060
3006
2972
2942
2894
2816
2740
2687
2650
2638
2642
2626
2607
2593
2587
2583
2573
2567
2556
2524
2482
2439
2393
2350
2328
2325
2324
2313
2292
2280
2270
2260
2249
2237
2216
2179
2138
2106
2066
2036
2025
2018
2014
2017
2037
2061
2080
2101
2134
2170
2207
2257
2307
2339
2373
2403
2430
2471
2511
2539
2556
2576
2599
2623
2644
2658
2656
2645
2642
2656
2683
2728
2768
2787
2805
2825
2851
2897
2956
3021
3062
3062
3048
3043
3043
3045
3057
3076
3098
3128
3168
3200
3220
3228
3230
3240
3250
3272
3297
3321
3351
3364
3354
3327
3287
3243
3200
3157
3128
3113
3113
3112
3114
3137
3174
3215
3254
3287
3304
3301
3288
3265
3222
3167
3114
3069
3036
2994
2945
2889
2827
2770
2724
2685
2653
2639
2630
2607
2548
2447
2318
2161
2000
1843
1677
1509
1367
1278
1223
1212
1229
1237
1228
1205
1195
1209
1222
1227
1232
1213
1189
1156
1116
1081
1055
1036
1024
1018
1011
1006
1004
1007
1021
1042
1058
1073
1072
1058
1047
1030
992
939
880
829
801
782
779
783
784
800
823
848
875
910
941
964
986
1005
1023
1040
1042
1031
1009
976
952
929
921
932
939
941
930
914
905
905
912
920
927
930
928
931
946
964
988
1022
1051
1075
1098
1123
1157
1189
1216
1243
1276
1310
1350
1410
1492
1588
1675
1746
1795
1840
1898
1963
2051
2150
2234
2258
2210
2132
2066
2027
2031
2056
2068
2060
2023
1970
1914
1866
1827
1795
1769
1744
1733
1734
1749
1771
1803
1844
1865
1870
1858
1840
1829
1829
1837
1840
1828
1808
1779
1743
1713
1678
1638
1585
1515
1437
1346
1247
1145
1040
929
811
694
574
450
336
217
87
-52
-188
-314
-428
-531
-627
-733
-846
-959
-1069
-1162
-1252
-1338
-1417
-1491
-1549
-1582
-1585
-1563
-1528
-1485
-1442
-1399
-1344
-1275
-1196
-1108
-1025
-955
-915
-905
-914
-932
-961
-985
-991
-972
-943
-914
-881
-837
-783
-737
-718
-707
-671
-582
-442
-274
-112
13
91
135
170
217
287
360
433
505
569
627
688
757
821
884
950
1015
1087
1170
1256
1345
1445
1544
1640
1731
1817
1887
1946
2000
2048
2099
2142
2184
2219
2247
2274
2298
2319
2349
2386
2430
2470
2495
2504
2500
2483
2447
2391
2324
2255
2187
2125
2068
2007
1939
1870
1805
1748
1694
1654
1636
1619
1608
1586
1559
1540
1528
1527
1529
1521
1500
1467
1438
1410
1379
1352
1326
1292
1262
1238
1228
1236
1266
1313
1366
1416
1444
1453
1440
1421
1405
1390
1370
1344
1316
1299
1292
1291
1294
1294
1295
1294
1289
1281
1278
1287
1303
1315
1328
1335
1341
1348
1350
1342
1321
1296
1298
1330
1366
1403
1433
1452
1464
1485
1502
1532
1558
1579
1599
1607
1618
1626
1623
1618
1608
1590
1569
1537
1489
1426
1356
1282
1219
1163
1117
1080
1045
1017
993
966
930
882
822
740
643
559
486
416
337
271
204
124
49
-26
-96
-159
-210
-265
-326
-362
-399
-449
-495
-538
-569
-593
-629
-669
-698
-720
-738
-761
-778
-792
-814
-834
-858
-885
-905
-928
-948
-963
-984
-1002
-1006
-1004
-995
-972
-957
-941
-918
-892
-863
-831
-796
-768
-737
-711
-689
-665
-646
-627
-608
-596
-579
-561
-542
-525
-511
-495
-470
-458
-435
-394
-350
-302
-269
-249
-221
-187
-160
-129
-108
-93
-81
-59
-24
6
34
54
83
125
176
228
271
310
330
335
333
328
325
332
351
376
412
449
487
528
559
585
597
594
589
593
621
646
661
653
618
580
542
511
467
410
359
318
281
261
243
221
190
156
117
88
73
56
50
52
59
69
75
78
84
81
70
56
40
15
-31
-78
-113
-141
-166
-191
-216
-248
-284
-319
-346
-375
-411
-436
-458
-471
-482
-514
-548
-576
-596
-614
-628
-645
-661
-667
-675
-684
-685
-686
-695
-709
-732
-752
-765
-772
-779
-791
-810
-846
-886
-913
-934
-957
-968
-971
-972
-963
-949
-939
-919
-896
-870
-841
-819
-801
-796
-802
-810
-818
-824
-830
-842
-856
-875
-884
-890
-888
-876
-867
-864
-855
-844
-838
-827
-809
-792
-773
-747
-720
-709
-710
-717
-734
-750
-768
-799
-840
-879
-897
-913
-936
-966
-1007
-1056
-1112
-1176
-1239
-1292
-1345
-1390
-1428
-1461
-1485
-1506
-1530
-1547
-1559
-1571
-1572
-1567
-1545
-1519
-1512
-1515
-1516
-1516
-1517
-1523
-1544
-1573
-1599
-1623
-1636
-1646
-1658
-1671
-1679
-1675
-1678
-1685
-1698
-1710
-1721
-1729
-1733
-1740
-1738
-1720
-1690
-1652
-1616
-1584
-1554
-1532
-1516
-1513
-1524
-1544
-1565
-1580
-1590
-1608
-1621
-1626
-1628
-1634
-1625
-1616
-1628
-1652
-1684
-1722
-1772
-1831
-1892
-1952
-2021
-2110
-2155
-2150
-2170
-2172
-2152
-2145
-2134
-2119
-2093
-2079
-2067
-2029
-1996
-1998
-2019
-2047
-2089
-2130
-2168
-2180
-2182
-2182
-2173
-2164
-2140
-2134
-2148
-2152
-2162
-2178
-2198
-2216
-2238
-2273
-2325
-2374
-2405
-2433
-2442
-2436
-2419
-2403
-2395
-2388
-2372
-2354
-2327
-2295
-2261
-2245
-2261
-2297
-2370
-2442
-2503
-2560
-2619
-2647
-2657
-2684
-2733
-2793
-2832
-2849
-2851
-2866
-2900
-2945
-2985
-3027
-3057
-3063
-3057
-3065
-3064
-3056
-3063
-3081
-3089
-3088
-3099
-3102
-3109
-3124
-3131
-3117
-3095
-3066
-3020
-2965
-2917
-2870
-2824
-2776
-2718
-2663
-2619
-2586
-2556
-2533
-2511
-2500
-2489
-2474
-2450
-2427
-2403
-2372
-2335
-2284
-2233
-2202
-2202
-2221
-2238
-2246
-2257
-2266
-2251
-2226
-2202
-2165
-2122
-2071
-2020
-1982
-1959
-1964
-1998
-2040
-2077
-2102
-2124
-2119
-2101
-2091
-2087
-2098
-2100
-2109
-2124
-2119
-2110
-2116
-2110
-2081
-2033
-1988
-1963
-1958
-1967
-1974
-1987
-1987
-1974
-1968
-1978
-1987
-1989
-1999
-2005
-2015
-2018
-2025
-2052
-2085
-2134
-2187
-2236
-2282
-2321
-2360
-2387
-2398
-2424
-2461
-2510
-2574
-2626
-2662
-2697
-2726
-2753
-2794
-2843
-2904
-2972
-3030
-3081
-3112
-3129
-3156
-3188
-3220
-3236
-3253
-3284
-3330
-3408
-3511
-3618
-3722
-3826
-3907
-3956
-3980
-3996
-4024
-4065
-4095
-4110
-4124
-4137
-4161
-4194
-4218
-4243
-4268
-4295
-4311
-4324
-4351
-4371
-4387
-4414
-4447
-4489
-4535
-4575
-4609
-4630
-4638
-4649
-4651
-4643
-4620
-4589
-4567
-4550
-4534
-4524
-4517
-4503
-4486
-4462
-4423
-4389
-4382
-4387
-4392
-4402
-4414
-4425
-4429
-4429
-4427
-4418
-4410
-4392
-4364
-4329
-4292
-4258
-4226
-4200
-4178
-4167
-4163
-4157
-4144
-4125
-4107
-4089
-4067
-4037
-4004
-3978
-3948
-3914
-3884
-3849
-3818
-3792
-3767
-3744
-3719
-3695
-3677
-3651
-3628
-3612
-3586
-3568
-3550
-3525
-3503
-3484
-3454
-3433
-3410
-3391
-3379
-3367
-3361
-3356
-3355
-3354
-3349
-3362
-3390
-3403
-3409
-3406
-3392
-3370
-3351
-3342
-3336
-3325
-3312
-3301
-3278
-3252
-3223
-3207
-3203
-3201
-3211
-3229
-3254
-3286
-3317
-3353
-3389
-3433
-3480
-3519
-3550
-3574
-3591
-3603
-3612
-3624
-3638
-3650
-3658
-3659
-3657
-3667
-3677
-3680
-3679
-3675
-3670
-3660
-3647
-3638
-3637
-3635
-3624
-3606
-3575
-3541
-3519
-3522
-3533
-3535
-3550
-3583
-3630
-3676
-3702
-3726
-3752
-3760
-3763
-3757
-3747
-3751
-3759
-3770
-3774
-3768
-3762
-3755
-3746
-3733
-3716
-3702
-3690
-3683
-3677
-3660
-3638
-3624
-3628
-3646
-3656
-3661
-3675
-3687
-3710
-3754
-3801
-3835
-3862
-3882
-3882
-3866
-3841
-3813
-3773
-3718
-3660
-3599
-3540
-3473
-3417
-3375
-3327
-3271
-3209
-3161
-3141
-3109
-3062
-3021
-2973
-2924
-2871
-2820
-2761
-2697
-2619
-2529
-2428
-2332
-2248
-2165
-2079
-2017
-1971
-1933
-1945
-1949
-1908
-1841
-1783
-1712
-1632
-1569
-1513
-1463
-1415
-1367
-1306
-1241
-1199
-1199
-1239
-1305
-1356
-1396
-1433
-1456
-1468
-1483
-1490
-1482
-1462
-1455
-1485
-1524
-1537
-1499
-1405
-1310
-1275
-1308
-1377
-1431
-1453
-1458
-1467
-1505
-1577
-1659
-1732
-1803
-1871
-1937
-2014
-2086
-2141
-2196
-2254
-2306
-2334
-2350
-2367
-2396
-2412
-2429
-2448
-2442
-2417
-2401
-2387
-2351
-2337
-2334
-2324
-2324
-2328
-2327
-2330
-2349
-2383
-2411
-2444
-2470
-2483
-2493
-2497
-2511
-2522
-2510
-2485
-2471
-2463
-2442
-2404
-2380
-2373
-2369
-2365
-2371
-2366
-2346
-2311
-2278
-2238
-2175
-2101
-2016
-1916
-1809
-1698
-1583
-1485
-1366
-1226
-1084
-951
-810
-677
-548
-417
-305
-220
-166
-138
-129
-132
-152
-162
-171
-177
-178
-175
-151
-88
9
139
256
321
305
227
166
140
139
159
182
167
114
55
16
-1
-8
-22
-52
-95
-143
-186
-222
-273
-360
-490
-662
-869
-1084
-1292
-1477
-1628
-1763
-1848
-1905
-1953
-1972
-1970
-1954
-1942
-1917
-1879
-1825
-1751
-1675
-1611
-1543
-1473
-1405
-1333
-1268
-1220
-1184
-1140
-1098
-1053
-995
-937
-879
-810
-748
-690
-645
-625
-610
-607
-623
-662
-724
-786
-848
-909
-966
-1018
-1045
-1045
-1029
-1011
-998
-985
-956
-894
-819
-750
-701
-662
-605
-535
-476
-447
-455
-485
-517
-548
-584
-628
-677
-718
-748
-771
-794
-816
-824
-820
-807
-789
-754
-709
-653
-589
-516
-433
-344
-246
-136
-22
64
116
122
104
70
32
-8
-63
-121
-175
-208
-239
-266
-268
-257
-253
-248
-262
-294
-299
-263
-193
-127
-93
-67
-48
-52
-48
-29
0
32
67
102
117
107
80
35
-34
-139
-255
-318
-329
-263
-153
-71
17
107
145
150
153
169
191
202
190
177
173
158
137
112
90
68
34
-19
-61
-91
-102
-98
-98
-93
-73
-44
-22
0
24
66
117
162
181
187
179
161
123
56
-9
-75
-144
-222
-293
-348
-386
-418
-457
-505
-554
-602
-626
-638
-658
-684
-723
-757
-795
-831
-853
-855
-857
-852
-835
-838
-827
-810
-795
-770
-755
-760
-770
-778
-780
-775
-766
-750
-743
-749
-772
-821
-890
-957
-1002
-1015
-1002
-1013
-1000
-943
-896
-851
-806
-774
-765
-756
-736
-719
-700
-654
-601
-545
-494
-454
-416
-390
-372
-350
-324
-289
-261
-259
-260
-265
-262
-227
-175
-123
-74
-15
55
124
201
275
329
379
435
479
507
541
565
596
649
707
753
790
819
838
855
851
837
817
800
780
761
746
727
718
716
723
742
762
788
812
821
815
801
802
810
821
821
803
779
753
713
664
619
589
557
523
494
467
427
377
341
315
302
292
283
262
234
204
161
111
66
23
-18
-55
-91
-125
-166
-210
-256
-299
-330
-365
-412
-455
-489
-525
-554
-588
-629
-668
-707
-743
-785
-825
-862
-895
-926
-961
-994
-1029
-1070
-1106
-1135
-1160
-1177
-1191
-1199
-1207
-1212
-1210
-1212
-1214
-1220
-1229
-1234
-1237
-1234
-1232
-1236
-1245
-1255
-1261
-1268
-1265
-1264
-1258
-1246
-1239
-1227
-1224
-1245
-1274
-1304
-1333
-1360
-1385
-1401
-1414
-1419
-1404
-1374
-1343
-1302
-1255
-1200
-1149
-1114
-1095
-1081
-1068
-1055
-1040
-1022
-1000
-954
-893
-834
-773
-717
-673
-641
-617
-595
-571
-552
-534
-516
-498
-477
-451
-422
-391
-363
-331
-296
-259
-220
-192
-173
-158
-142
-127
-121
-123
-128
-135
-150
-169
-196
-221
-241
-265
-286
-301
-312
-331
-340
-349
-369
-387
-411
-439
-454
-460
-454
-443
-437
-429
-415
-399
-401
-401
-392
-407
-445
-484
-536
-589
-639
-703
-757
-795
-822
-842
-863
-864
-836
-776
-709
-654
-609
-576
-542
-494
-446
-412
-384
-364
-338
-316
-294
-259
-225
-176
-123
-80
-39
-3
41
96
130
162
204
254
306
357
405
457
511
556
589
607
615
609
617
636
646
645
631
623
612
599
597
587
563
567
604
655
711
759
812
854
902
962
1018
1049
1061
1071
1087
1126
1147
1132
1114
1108
1110
1110
1107
1098
1063
1029
991
953
930
899
870
851
832
807
791
796
818
840
865
889
906
917
896
846
794
735
682
623
553
493
442
402
375
365
379
411
447
482
523
569
613
661
723
784
834
887
941
1002
1076
1154
1226
1291
1364
1438
1498
1534
1559
1601
1663
1733
1793
1832
1864
1905
1953
2006
2079
2151
2196
2219
2230
2243
2251
2280
2338
2386
2409
2428
2468
2516
2574
2636
2692
2717
2749
2792
2828
2865
2893
2924
2950
2983
3019
3046
3069
3088
3099
3118
3156
3205
3256
3300
3349
3412
3479
3556
3623
3662
3690
3718
3734
3744
3754
3768
3796
3817
3832
3831
3837
3850
3851
3844
3818
3769
3702
3643
3589
3530
3480
3437
3414
3406
3396
3382
3382
3368
3318
3255
3197
3151
3124
3104
3044
2975
2913
2842
2774
2717
2672
2610
2518
2419
2319
2219
2128
2033
1937
1841
1756
1683
1615
1542
1454
1350
1239
1116
978
837
698
571
453
337
218
116
30
-50
-119
-171
-210
-243
-279
-315
-357
-408
-473
-529
-563
-586
-606
-638
-680
-706
-710
-709
-701
-689
-677
-672
-674
-683
-689
-688
-675
-656
-645
-636
-613
-575
-531
-493
-474
-446
-414
-374
-336
-318
-311
-318
-333
-342
-339
-339
-342
-345
-344
-341
-336
-336
-326
-293
-237
-166
-96
-22
55
130
196
254
295
332
371
412
464
517
571
627
691
762
830
902
976
1046
1117
1191
1271
1347
1412
1460
1490
1518
1533
1541
1555
1583
1620
1649
1676
1702
1734
1794
1865
1943
2034
2129
2229
2334
2437
2541
2636
2732
2834
2922
2997
3071
3149
3228
3301
3361
3415
3466
3527
3587
3649
3721
3780
3844
3908
3971
4046
4122
4197
4251
4285
4307
4330
4361
4372
4372
4384
4412
4447
4493
4542
4595
4645
4691
4746
4798
4856
4899
4927
4950
4978
5010
5030
5043
5056
5069
5078
5074
5063
5062
5077
5105
5128
5142
5147
5153
5173
5201
5220
5225
5221
5208
5180
5124
5061
4995
4922
4852
4785
4727
4684
4637
4591
4571
4571
4583
4594
4619
4643
4663
4678
4689
4695
4690
4691
4681
4669
4651
4612
4548
4476
4417
4373
4325
4280
4250
4224
4200
4182
4172
4170
4187
4208
4222
4221
4207
4181
4144
4104
4061
4009
3958
3919
3882
3831
3786
3733
3682
3649
3630
3617
3604
3595
3583
3573
3556
3536
3500
3471
3450
3421
3382
3361
3360
3376
3383
3344
3300
3273
3266
3254
3237
3216
3186
3159
3140
3129
3125
3127
3130
3128
3117
3106
3098
3084
3069
3049
3014
2955
2896
2857
2841
2839
2835
2821
2795
2768
2738
2713
2689
2643
2592
2540
2491
2465
2453
2444
2443
2432
2403
2366
2326
2305
2306
2303
2277
2234
2187
2142
2091
2039
1994
1969
1968
1968
1969
1979
1995
2005
2014
2023
2059
2109
2168
2225
2256
2265
2270
2279
2297
2322
2346
2368
2376
2382
2393
2412
2436
2460
2487
2528
2577
2629
2682
2721
2735
2727
2723
2723
2733
2753
2779
2800
2816
2829
2841
2859
2890
2919
2953
3009
3066
3118
3178
3262
3351
3427
3492
3544
3592
3622
3635
3648
3676
3709
3734
3752
3756
3745
3721
3703
3683
3666
3653
3644
3635
3638
3644
3659
3684
3691
3679
3645
3606
3573
3544
3532
3533
3533
3526
3504
3482
3475
3484
3500
3519
3542
3581
3640
3700
3748
3796
3856
3915
3958
3984
4012
4034
4043
4043
4041
4043
4053
4061
4061
4058
4058
4063
4084
4120
4163
4205
4234
4259
4285
4305
4320
4328
4331
4320
4302
4293
4288
4277
4257
4228
4201
4180
4166
4154
4141
4142
4143
4126
4101
4087
4077
4071
4068
4060
4046
4021
3984
3942
3891
3836
3784
3723
3644
3574
3523
3483
3471
3470
3467
3469
3474
3476
3472
3456
3440
3424
3385
3333
3278
3220
3169
3133
3106
3082
3069
3063
3062
3079
3105
3139
3172
3196
3212
3223
3241
3257
3254
3233
3202
3163
3136
3105
3068
3036
3000
2962
2941
2930
2917
2903
2878
2853
2833
2820
2807
2790
2768
2760
2774
2787
2788
2779
2770
2767
2775
2783
2793
2791
2785
2785
2784
2778
2768
2769
2767
2759
2762
2765
2763
2754
2753
2751
2737
2713
2682
2656
2641
2616
2574
2524
2482
2450
2417
2390
2365
2331
2292
2260
2248
2252
2266
2287
2299
2287
2265
2232
2179
2118
2055
1990
1918
1847
1767
1674
1575
1479
1393
1316
1246
1187
1138
1088
1036
983
950
918
881
853
828
802
770
731
685
642
626
613
580
542
496
464
455
474
494
499
484
445
412
399
416
445
468
464
444
428
428
442
463
510
570
626
671
703
734
775
815
834
837
828
799
765
739
727
736
752
773
782
783
792
803
833
877
918
966
1007
1046
1098
1147
1186
1212
1228
1236
1248
1286
1341
1383
1409
1437
1485
1526
1546
1568
1585
1609
1650
1689
1721
1739
1746
1765
1785
1829
1886
1927
1946
1964
1983
2024
2078
2120
2149
2152
2132
2107
2098
2106
2135
2173
2198
2208
2219
2242
2265
2280
2298
2310
2284
2247
2207
2166
2157
2161
2170
2185
2192
2186
2166
2150
2159
2176
2184
2189
2185
2171
2155
2141
2129
2135
2133
2112
2096
2091
2090
2076
2063
2057
2057
2050
2040
2030
1999
1949
1879
1799
1739
1687
1630
1561
1461
1359
1270
1203
1154
1114
1072
1018
968
909
844
764
672
568
461
366
282
208
124
34
-67
-154
-228
-298
-351
-399
-455
-517
-579
-632
-673
-723
-790
-872
-947
-1004
-1038
-1057
-1091
-1137
-1180
-1224
-1259
-1290
-1312
-1329
-1366
-1410
-1454
-1491
-1500
-1495
-1483
-1496
-1535
-1565
-1590
-1611
-1642
-1692
-1770
-1853
-1925
-1987
-2044
-2088
-2123
-2168
-2211
-2234
-2249
-2264
-2278
-2288
-2295
-2315
-2359
-2415
-2461
-2484
-2503
-2526
-2543
-2555
-2585
-2638
-2704
-2772
-2841
-2908
-2975
-3039
-3097
-3163
-3218
-3273
-3337
-3394
-3442
-3489
-3525
-3554
-3577
-3574
-3550
-3504
-3444
-3392
-3352
-3298
-3232
-3164
-3095
-3021
-2962
-2937
-2928
-2934
-2937
-2918
-2881
-2840
-2800
-2750
-2697
-2634
-2580
-2531
-2465
-2398
-2338
-2289
-2241
-2180
-2103
-2023
-1943
-1887
-1848
-1805
-1736
-1662
-1573
-1477
-1398
-1324
-1263
-1208
-1166
-1136
-1110
-1084
-1076
-1076
-1073
-1059
-1046
-1037
-1017
-999
-981
-949
-897
-847
-810
-776
-743
-701
-638
-544
-450
-376
-321
-259
-193
-142
-97
-59
-28
-16
-25
-44
-55
-67
-75
-78
-79
-83
-108
-152
-206
-257
-286
-296
-307
-308
-319
-344
-362
-370
-361
-357
-371
-396
-424
-440
-461
-486
-513
-544
-565
-583
-599
-601
-593
-570
-540
-501
-466
-451
-455
-472
-486
-482
-465
-449
-414
-386
-371
-370
-378
-384
-406
-436
-469
-516
-581
-661
-736
-803
-862
-911
-969
-1014
-1040
-1044
-1058
-1091
-1114
-1114
-1095
-1067
-1033
-989
-945
-904
-861
-841
-856
-888
-928
-971
-1002
-1029
-1047
-1060
-1070
-1068
-1065
-1057
-1033
-1011
-1015
-1031
-1033
-1029
-1032
-1032
-1028
-1029
-1015
-1001
-1001
-997
-980
-949
-933
-926
-938
-975
-1015
-1056
-1098
-1129
-1154
-1180
-1206
-1240
-1271
-1297
-1315
-1321
-1303
-1261
-1211
-1152
-1082
-1017
-954
-879
-792
-705
-633
-581
-554
-536
-535
-546
-555
-570
-601
-639
-674
-699
-704
-703
-705
-719
-732
-747
-775
-807
-840
-877
-928
-999
-1074
-1146
-1198
-1230
-1260
-1284
-1307
-1315
-1326
-1339
-1331
-1305
-1268
-1240
-1232
-1230
-1235
-1241
-1237
-1246
-1282
-1330
-1357
-1360
-1341
-1312
-1284
-1237
-1154
-1083
-1042
-1001
-964
-938
-922
-906
-893
-886
-870
-847
-829
-809
-795
-788
-786
-782
-775
-774
-778
-778
-773
-757
-726
-670
-600
-529
-468
-429
-405
-383
-349
-318
-286
-257
-236
-221
-222
-232
-263
-302
-345
-386
-412
-436
-470
-526
-580
-622
-659
-703
-745
-781
-803
-806
-789
-770
-751
-718
-695
-685
-680
-680
-672
-648
-611
-562
-519
-487
-461
-442
-434
-449
-481
-523
-589
-674
-752
-798
-815
-818
-821
-817
-804
-782
-743
-699
-656
-615
-588
-574
-550
-521
-483
-451
-432
-412
-400
-390
-377
-369
-360
-339
-316
-297
-274
-257
-248
-243
-229
-211
-211
-227
-259
-281
-283
-256
-199
-138
-90
-65
-56
-51
-52
-58
-69
-93
-125
-163
-196
-219
-242
-267
-296
-348
-399
-421
-422
-408
-392
-387
-375
-358
-338
-337
-365
-412
-450
-468
-476
-459
-437
-425
-434
-452
-457
-437
-394
-349
-308
-281
-280
-288
-307
-324
-322
-317
-304
-278
-248
-208
-165
-119
-66
-13
46
99
140
166
184
202
220
237
249
285
335
395
458
513
561
594
610
633
647
635
616
596
604
648
702
741
782
836
899
964
1048
1112
1134
1144
1136
1134
1128
1108
1076
1039
995
943
873
791
739
699
682
688
715
760
816
868
901
946
1004
1064
1132
1201
1248
1259
1259
1256
1236
1211
1198
1187
1172
1160
1148
1129
1121
1137
1168
1206
1244
1278
1315
1369
1440
1517
1592
1655
1722
1797
1878
1950
2012
2052
2059
2052
2046
2052
2061
2059
2051
2040
2016
2012
2031
2052
2064
2071
2070
2081
2105
2137
2181
2226
2267
2295
2325
2359
2391
2416
2432
2454
2469
2475
2487
2483
2445
2403
2368
2316
2272
2230
2174
2115
2062
2016
1980
1948
1913
1866
1811
1756
1727
1725
1734
1751
1763
1766
1747
1714
1663
1600
1536
1463
1394
1346
1304
1257
1224
1204
1183
1171
1163
1144
1131
1110
1064
1013
963
914
857
796
738
682
640
605
578
550
521
500
480
464
457
461
451
440
416
386
362
350
344
343
343
325
306
285
265
232
209
194
168
152
150
153
141
116
74
18
-29
-57
-58
-46
-46
-61
-63
-46
-20
0
8
22
39
45
34
28
31
37
53
70
95
111
102
93
82
77
79
83
93
123
164
179
193
222
257
301
356
416
466
507
543
564
599
640
675
706
751
807
856
912
980
1069
1164
1252
1324
1367
1380
1379
1369
1337
1299
1272
1236
1192
1177
1168
1154
1139
1132
1139
1155
1157
1146
1125
1077
1002
905
801
728
687
679
710
747
752
735
724
740
782
812
828
843
854
873
900
933
962
976
970
953
933
902
844
781
725
674
631
587
558
540
523
513
495
474
441
394
345
301
251
204
171
138
111
88
71
79
116
150
173
166
130
90
53
10
-32
-59
-92
-137
-172
-218
-291
-351
-398
-453
-511
-549
-570
-598
-623
-660
-703
-742
-747
-699
-647
-610
-581
-558
-541
-523
-500
-476
-461
-483
-522
-550
-563
-569
-584
-604
-612
-606
-590
-576
-575
-589
-608
-644
-677
-692
-710
-743
-775
-803
-832
-857
-879
-889
-899
-919
-948
-972
-987
-993
-1005
-1031
-1055
-1083
-1097
-1076
-1032
-991
-971
-966
-947
-906
-854
-809
-761
-720
-726
-744
-746
-745
-741
-713
-659
-610
-581
-576
-590
-593
-554
-503
-453
-411
-395
-402
-426
-465
-496
-510
-531
-555
-564
-540
-497
-445
-372
-278
-175
-78
10
99
173
209
242
279
311
346
375
395
410
435
470
489
497
506
529
569
617
654
661
645
618
595
565
530
496
465
429
389
372
394
427
438
435
431
417
382
327
268
215
151
77
13
-39
-93
-144
-196
-257
-315
-349
-365
-361
-344
-334
-333
-346
-364
-389
-421
-461
-507
-542
-565
-589
-602
-599
-599
-614
-633
-637
-625
-627
-664
-697
-709
-708
-713
-725
-727
-720
-700
-672
-642
-604
-549
-472
-379
-315
-272
-247
-242
-230
-218
-193
-161
-122
-88
-105
-163
-213
-256
-287
-307
-327
-330
-315
-273
-215
-152
-91
-45
-11
9
17
41
65
62
39
9
-24
-61
-83
-102
-128
-150
-161
-151
-126
-106
-60
0
41
86
126
149
166
195
235
263
286
290
288
305
316
313
312
312
315
311
276
215
133
39
-50
-125
-196
-277
-355
-412
-466
-518
-545
-564
-578
-597
-615
-620
-620
-607
-588
-577
-573
-552
-503
-444
-400
-401
-413
-405
-378
-355
-361
-373
-383
-415
-444
-450
-437
-409
-390
-384
-406
-434
-440
-434
-434
-444
-443
-431
-427
-448
-497
-552
-608
-658
-704
-758
-807
-843
-877
-930
-992
-1048
-1097
-1150
-1215
-1275
-1344
-1422
-1492
-1562
-1625
-1646
-1634
-1629
-1635
-1639
-1638
-1644
-1648
-1648
-1631
-1588
-1556
-1541
-1518
-1464
-1408
-1374
-1353
-1324
-1295
-1288
-1283
-1245
-1180
-1100
-1032
-974
-930
-914
-912
-904
-895
-916
-930
-949
-966
-960
-932
-907
-890
-869
-852
-833
-812
-792
-778
-777
-775
-744
-702
-654
-592
-545
-522
-510
-506
-510
-512
-506
-488
-463
-436
-420
-412
-381
-343
-321
-308
-291
-268
-249
-250
-269
-289
-314
-336
-331
-290
-242
-201
-175
-165
-142
-109
-73
-10
70
143
200
254
321
394
462
512
523
504
482
462
432
385
332
275
225
195
162
131
115
109
88
63
47
16
-28
-75
-105
-113
-106
-77
-27
25
66
100
127
144
163
176
168
142
109
78
44
11
-1
-11
-33
-73
-114
-131
-138
-163
-208
-273
-342
-399
-447
-474
-502
-548
-614
-694
-750
-772
-769
-736
-696
-664
-649
-653
-655
-634
-633
-663
-689
-694
-671
-663
-662
-661
-664
-678
-708
-721
-700
-672
-674
-688
-703
-721
-734
-753
-780
-790
-792
-782
-752
-714
-692
-708
-764
-856
-968
-1089
-1195
-1267
-1321
-1381
-1430
-1466
-1492
-1517
-1549
-1578
-1596
-1608
-1614
-1611
-1583
-1547
-1532
-1532
-1538
-1547
-1533
-1502
-1496
-1514
-1529
-1519
-1484
-1440
-1402
-1353
-1283
-1237
-1236
-1255
-1252
-1233
-1217
-1194
-1170
-1158
-1147
-1112
-1045
-962
-892
-836
-795
-791
-832
-881
-912
-927
-941
-976
-1034
-1079
-1084
-1077
-1057
-1037
-1033
-1030
-1013
-970
-920
-885
-877
-890
-919
-973
-1065
-1192
-1298
-1360
-1403
-1430
-1438
-1446
-1469
-1494
-1542
-1606
-1646
-1666
-1678
-1665
-1620
-1559
-1510
-1465
-1414
-1362
-1301
-1241
-1208
-1205
-1221
-1248
-1253
-1261
-1287
-1311
-1340
-1355
-1359
-1369
-1379
-1371
-1332
-1282
-1238
-1178
-1096
-1002
-913
-818
-740
-676
-627
-586
-545
-532
-547
-588
-642
-714
-777
-807
-818
-800
-773
-770
-765
-748
-740
-738
-738
-749
-774
-807
-841
-871
-894
-909
-918
-927
-921
-910
-914
-926
-971
-1010
-1013
-977
-933
-906
-894
-919
-992
-1083
-1153
-1184
-1190
-1215
-1252
-1288
-1315
-1351
-1398
-1425
-1437
-1435
-1428
-1435
-1448
-1456
-1470
-1504
-1535
-1558
-1584
-1626
-1690
-1754
-1809
-1859
-1919
-1966
-1993
-1995
-1987
-1987
-1993
-2001
-2016
-2026
-2037
-2050
-2060
-2083
-2108
-2129
-2150
-2182
-2212
-2235
-2245
-2264
-2291
-2314
-2330
-2332
-2357
-2391
-2409
-2396
-2373
-2365
-2363
-2343
-2311
-2287
-2278
-2284
-2294
-2292
-2280
-2247
-2193
-2154
-2115
-2086
-2069
-2037
-1989
-1949
-1943
-1946
-1935
-1889
-1812
-1743
-1714
-1729
-1782
-1839
-1872
-1862
-1825
-1798
-1799
-1827
-1851
-1880
-1901
-1910
-1924
-1936
-1937
-1905
-1877
-1877
-1878
-1877
-1895
-1921
-1930
-1914
-1886
-1857
-1830
-1801
-1749
-1687
-1637
-1604
-1609
-1653
-1700
-1735
-1758
-1779
-1806
-1830
-1834
-1822
-1807
-1788
-1769
-1742
-1725
-1740
-1767
-1776
-1757
-1716
-1668
-1622
-1582
-1572
-1581
-1591
-1592
-1586
-1572
-1521
-1454
-1391
-1355
-1354
-1363
-1369
-1361
-1341
-1307
-1275
-1265
-1263
-1278
-1287
-1268
-1257
-1255
-1252
-1252
-1251
-1230
-1198
-1176
-1161
-1142
-1113
-1090
-1078
-1087
-1119
-1154
-1177
-1202
-1231
-1259
-1286
-1327
-1386
-1434
-1453
-1457
-1455
-1450
-1446
-1447
-1458
-1464
-1484
-1517
-1539
-1558
-1568
-1588
-1605
-1607
-1616
-1614
-1606
-1600
-1588
-1585
-1608
-1654
-1699
-1723
-1727
-1724
-1737
-1770
-1811
-1858
-1918
-1969
-1998
-2018
-2036
-2050
-2049
-2037
-2011
-1998
-1994
-1969
-1947
-1916
-1872
-1845
-1838
-1847
-1875
-1908
-1912
-1892
-1854
-1799
-1755
-1728
-1712
-1711
-1711
-1710
-1715
-1715
-1702
-1660
-1585
-1504
-1439
-1388
-1344
-1313
-1294
-1278
-1264
-1257
-1260
-1287
-1323
-1353
-1367
-1373
-1376
-1363
-1338
-1295
-1255
-1222
-1205
-1192
-1148
-1069
-980
-885
-774
-665
-568
-504
-470
-456
-446
-428
-427
-426
-434
-454
-486
-539
-600
-639
-652
-671
-684
-703
-742
-786
-829
-866
-884
-903
-920
-934
-940
-934
-944
-966
-994
-1010
-1018
-1035
-1052
-1053
-1028
-983
-925
-873
-829
-776
-738
-732
-723
-714
-726
-766
-832
-907
-993
-1082
-1168
-1237
-1284
-1311
-1326
-1345
-1372
-1414
-1466
-1520
-1560
-1562
-1549
-1546
-1526
-1494
-1459
-1440
-1438
-1447
-1470
-1496
-1515
-1534
-1569
-1620
-1655
-1670
-1679
-1697
-1698
-1685
-1674
-1658
-1637
-1611
-1576
-1521
-1433
-1339
-1282
-1252
-1232
-1213
-1183
-1159
-1138
-1119
-1087
-1064
-1065
-1074
-1096
-1138
-1176
-1190
-1191
-1184
-1167
-1149
-1126
-1081
-1020
-950
-863
-752
-645
-545
-446
-360
-297
-265
-248
-227
-198
-166
-145
-126
-111
-106
-91
-50
7
69
119
157
180
191
223
272
316
351
367
369
364
346
320
303
289
277
249
209
163
117
79
49
40
36
32
40
78
129
172
201
205
198
198
217
247
274
292
289
260
220
195
172
124
65
17
8
47
91
110
102
80
49
8
-18
-26
-35
-54
-88
-146
-199
-235
-262
-265
-243
-224
-204
-177
-145
-108
-89
-84
-84
-89
-107
-142
-188
-237
-281
-324
-358
-396
-431
-441
-436
-415
-391
-380
-353
-306
-228
-104
46
163
228
286
336
364
381
396
386
339
265
186
152
156
154
139
139
167
214
269
288
269
243
212
175
143
120
107
101
88
51
5
-8
-2
6
12
0
-18
-47
-78
-113
-158
-211
-274
-335
-376
-403
-436
-462
-473
-463
-428
-375
-348
-347
-340
-310
-255
-182
-100
-34
29
81
117
153
184
217
260
312
360
407
433
448
465
478
480
483
471
447
410
362
307
248
194
137
97
62
28
-9
-40
-42
-47
-60
-79
-103
-131
-152
-164
-173
-199
-250
-315
-396
-492
-574
-636
-687
-731
-769
-794
-814
-836
-853
-862
-846
-790
-698
-589
-481
-394
-321
-273
-251
-218
-162
-103
-63
-34
-17
-10
-19
-31
-32
-28
-46
-87
-116
-110
-84
-67
-66
-64
-54
-30
-2
11
23
33
35
31
26
31
58
98
162
244
338
432
508
561
591
616
636
634
590
522
453
402
376
366
366
374
378
368
359
363
372
377
395
427
457
483
502
528
550
551
541
513
477
468
466
450
422
381
354
344
356
388
437
506
567
586
596
613
626
640
663
689
706
706
711
729
757
795
818
848
863
846
831
820
786
732
681
637
592
562
545
538
536
530
517
488
474
485
523
573
620
621
587
552
533
520
503
500
509
526
540
539
509
464
434
408
384
376
379
378
367
343
307
271
219
162
112
61
21
-19
-64
-88
-116
-159
-197
-244
-291
-311
-293
-255
-221
-211
-209
-186
-144
-102
-55
-3
34
36
28
24
23
22
3
-23
-68
-119
-162
-201
-248
-294
-340
-380
-396
-391
-382
-361
-323
-264
-191
-130
-69
-29
17
62
94
136
166
182
171
148
142
151
173
196
212
206
201
202
200
196
188
169
144
116
87
67
39
16
-25
-76
-122
-173
-241
-309
-349
-376
-385
-369
-349
-324
-293
-269
-256
-243
-229
-216
-202
-192
-204
-228
-247
-256
-253
-248
-250
-252
-248
-244
-249
-246
-232
-220
-206
-196
-201
-224
-235
-212
-186
-160
-136
-121
-98
-78
-79
-90
-91
-78
-53
-7
44
104
167
209
248
295
355
413
456
502
537
572
604
619
620
618
613
603
604
608
596
558
498
429
357
297
252
214
180
141
88
29
-5
-9
0
16
44
68
79
83
77
61
20
-27
-61
-79
-93
-105
-103
-78
-32
12
48
70
82
87
82
75
73
73
75
72
64
60
48
19
-16
-53
-84
-106
-117
-117
-106
-98
-91
-72
-43
-15
12
30
28
39
62
81
94
122
144
148
165
204
245
277
294
307
325
345
357
372
382
390
398
401
426
455
477
484
481
480
495
516
514
514
534
541
540
539
545
554
568
590
607
629
648
670
681
690
714
727
718
690
657
643
640
645
664
691
717
736
751
756
760
762
772
774
757
733
700
671
640
602
575
550
525
494
460
434
401
388
388
387
385
376
383
394
428
494
552
597
622
623
605
579
557
543
521
500
490
483
486
496
517
553
579
581
563
526
466
391
327
249
172
121
86
59
42
29
25
18
3
0
-25
-65
-100
-123
-127
-105
-74
-49
-40
-49
-62
-77
-65
-26
18
67
99
118
142
173
208
256
308
345
363
359
343
333
332
333
330
318
298
290
299
318
345
366
389
431
474
519
570
603
621
629
626
606
573
530
472
407
351
292
213
134
78
55
39
33
46
60
83
129
202
270
336
380
393
390
366
334
301
258
211
168
123
89
65
47
45
66
97
137
199
291
385
466
567
661
738
827
919
993
1047
1082
1097
1101
1098
1087
1070
1063
1072
1085
1092
1093
1088
1088
1104
1132
1172
1216
1265
1311
1342
1370
1384
1383
1381
1386
1399
1406
1404
1391
1375
1363
1348
1324
1298
1284
1265
1249
1245
1249
1274
1298
1309
1298
1270
1241
1221
1209
1192
1168
1149
1133
1111
1090
1076
1080
1085
1078
1072
1062
1055
1051
1049
1052
1056
1076
1101
1118
1132
1147
1156
1151
1137
1116
1114
1121
1134
1151
1162
1177
1182
1168
1170
1192
1211
1222
1232
1242
1264
1293
1325
1357
1371
1378
1381
1386
1394
1394
1381
1366
1355
1347
1336
1329
1333
1344
1362
1374
1370
1366
1358
1357
1369
1367
1353
1323
1280
1225
1172
1121
1062
993
922
855
791
718
652
599
534
480
432
381
315
257
215
183
159
137
111
88
79
65
43
15
-23
-62
-83
-101
-126
-149
-165
-193
-232
-260
-288
-311
-322
-331
-332
-339
-351
-360
-379
-408
-435
-476
-537
-600
-659
-726
-795
-857
-920
-961
-978
-984
-993
-1024
-1054
-1052
-1012
-946
-873
-795
-732
-696
-666
-639
-614
-585
-545
-504
-472
-455
-440
-420
-403
-404
-415
-417
-424
-421
-406
-384
-350
-320
-308
-307
-319
-340
-357
-367
-365
-358
-356
-353
-359
-364
-364
-372
-380
-382
-383
-377
-370
-365
-376
-405
-431
-447
-453
-465
-481
-500
-526
-542
-544
-542
-538
-533
-534
-522
-502
-482
-470
-457
-438
-394
-331
-272
-216
-174
-141
-92
-45
0
50
96
140
176
213
243
276
306
327
357
393
424
462
520
571
619
659
680
693
706
715
707
700
699
716
738
770
801
814
827
834
832
821
805
769
737
710
676
648
621
609
611
616
621
633
661
698
730
750
756
755
753
744
727
715
710
698
676
651
611
573
555
541
537
533
518
495
473
454
441
430
417
402
379
367
347
320
314
309
321
355
386
415
418
413
422
432
452
471
479
487
489
485
478
464
448
444
443
432
428
443
469
496
521
530
539
565
607
666
721
777
830
876
922
967
1001
1030
1051
1056
1072
1112
1165
1216
1250
1275
1304
1333
1368
1401
1426
1460
1493
1514
1520
1497
1478
1468
1465
1471
1469
1464
1451
1441
1443
1426
1396
1359
1326
1303
1283
1284
1286
1285
1280
1277
1286
1307
1333
1352
1362
1366
1369
1368
1354
1335
1317
1283
1255
1221
1177
1124
1082
1066
1048
1026
1011
993
960
930
904
884
861
833
811
789
762
729
698
662
619
571
519
468
416
356
305
279
261
242
226
233
248
265
278
267
246
222
202
186
179
188
186
167
142
111
77
39
0
-50
-112
-170
-221
-282
-343
-397
-449
-494
-538
-578
-604
-616
-637
-661
-690
-729
-769
-801
-831
-856
-873
-879
-892
-899
-892
-888
-898
-925
-970
-1017
-1053
-1092
-1126
-1167
-1205
-1233
-1265
-1293
-1311
-1323
-1339
-1359
-1373
-1371
-1368
-1360
-1343
-1321
-1292
-1264
-1238
-1212
-1190
-1169
-1154
-1143
-1139
-1140
-1135
-1123
-1104
-1081
-1046
-1002
-965
-934
-920
-911
-888
-860
-833
-805
-776
-746
-702
-657
-610
-564
-522
-481
-442
-401
-343
-281
-219
-164
-103
-23
49
112
162
203
233
270
318
365
419
482
548
613
679
734
789
851
918
992
1065
1134
1215
1292
1360
1420
1464
1495
1521
1544
1568
1588
1606
1620
1638
1658
1677
1706
1743
1788
1841
1892
1938
1979
2011
2031
2048
2075
2090
2094
2095
2078
2055
2030
2001
1963
1924
1900
1890
1889
1896
1898
1895
1897
1892
1878
1853
1820
1776
1726
1669
1592
1510
1430
1347
1267
1189
1119
1047
980
916
867
834
806
776
732
678
626
571
519
470
414
370
334
301
280
267
257
248
240
239
246
249
242
230
218
204
183
164
138
103
64
23
-24
-77
-123
-155
-176
-184
-166
-145
-124
-95
-73
-70
-77
-85
-99
-119
-134
-139
-143
-155
-164
-171
-178
-179
-179
-180
-172
-160
-152
-147
-149
-153
-148
-124
-84
-55
-31
-11
6
32
67
102
122
139
156
170
185
211
233
244
251
243
207
159
113
84
74
64
52
41
31
18
11
16
29
48
65
83
97
117
156
187
214
246
271
299
340
379
410
440
464
482
502
523
538
547
553
552
552
564
576
594
619
648
679
720
767
815
862
906
940
967
986
1006
1037
1063
1077
1094
1121
1153
1194
1235
1264
1291
1327
1372
1413
1440
1458
1473
1490
1501
1505
1495
1476
1456
1426
1405
1389
1373
1365
1361
1362
1360
1352
1342
1337
1342
1363
1388
1405
1413
1413
1409
1407
1412
1430
1454
1483
1499
1510
1518
1528
1538
1540
1540
1543
1556
1575
1596
1617
1629
1634
1631
1614
1591
1570
1551
1542
1540
1537
1536
1532
1523
1507
1489
1469
1449
1444
1452
1470
1498
1534
1566
1585
1590
1582
1569
1551
1528
1509
1488
1463
1426
1391
1368
1353
1349
1343
1339
1343
1344
1354
1369
1390
1421
1450
1468
1482
1480
1470
1463
1448
1429
1403
1391
1379
1349
1314
1281
1261
1256
1263
1269
1275
1274
1280
1286
1279
1276
1280
1282
1284
1279
1265
1233
1180
1128
1072
1026
991
953
917
884
860
841
815
788
766
742
713
691
663
630
593
549
502
452
399
337
256
153
48
-46
-130
-197
-271
-330
-374
-420
-469
-519
-566
-614
-670
-727
-784
-843
-894
-940
-986
-1035
-1084
-1121
-1151
-1187
-1236
-1285
-1330
-1369
-1409
-1452
-1495
-1541
-1586
-1636
-1694
-1744
-1801
-1866
-1937
-2011
-2084
-2160
-2233
-2304
-2375
-2441
-2512
-2581
-2633
-2676
-2713
-2752
-2788
-2816
-2832
-2836
-2831
-2823
-2826
-2830
-2833
-2834
-2830
-2830
-2834
-2841
-2840
-2836
-2836
-2834
-2827
-2802
-2767
-2737
-2708
-2675
-2647
-2614
-2583
-2555
-2530
-2502
-2453
-2396
-2336
-2285
-2233
-2187
-2160
-2133
-2100
-2050
-1988
-1932
-1889
-1850
-1821
-1797
-1773
-1747
-1720
-1680
-1635
-1582
-1507
-1423
-1338
-1258
-1184
-1110
-1020
-908
-794
-686
-592
-515
-442
-386
-361
-342
-329
-322
-320
-322
-310
-284
-261
-236
-209
-176
-128
-70
-6
48
98
147
190
221
250
288
328
361
383
410
445
486
525
566
609
649
691
731
770
802
827
852
865
875
889
899
906
906
902
896
894
910
939
969
996
1020
1046
1083
1124
1156
1178
1178
1162
1138
1116
1097
1083
1071
1055
1042
1034
1030
1020
1002
976
960
960
975
1000
1031
1066
1104
1150
1191
1231
1261
1285
1306
1322
1331
1337
1337
1326
1308
1282
1255
1220
1185
1155
1125
1096
1077
1067
1066
1077
1093
1118
1141
1166
1195
1213
1220
1218
1203
1184
1168
1158
1147
1135
1119
1095
1063
1023
991
967
947
932
915
900
879
848
813
775
737
699
654
601
549
488
420
364
318
283
246
210
165
113
57
-5
-62
-120
-195
-273
-352
-435
-515
-603
-700
-803
-891
-971
-1054
-1136
-1222
-1314
-1397
-1476
-1546
-1610
-1673
-1738
-1814
-1882
-1944
-1997
-2043
-2090
-2130
-2162
-2186
-2212
-2238
-2262
-2278
-2279
-2274
-2268
-2265
-2268
-2267
-2258
-2240
-2207
-2170
-2132
-2088
-2044
-1996
-1946
-1903
-1858
-1806
-1762
-1730
-1715
-1712
-1714
-1704
-1678
-1641
-1600
-1555
-1508
-1460
-1397
-1328
-1252
-1163
-1073
-990
-918
-850
-780
-709
-634
-564
-493
-419
-342
-270
-203
-154
-118
-81
-43
0
27
39
46
54
68
86
105
121
127
131
137
140
133
117
103
88
68
50
36
20
0
-24
-42
-55
-72
-84
-97
-105
-107
-102
-86
-67
-43
-19
0
32
81
146
217
271
320
379
437
494
543
579
607
627
636
638
632
625
624
629
639
650
665
686
714
745
784
821
859
909
961
1005
1043
1077
1106
1123
1138
1151
1164
1165
1151
1151
1156
1160
1164
1177
1200
1223
1243
1256
1255
1247
1243
1251
1263
1278
1289
1291
1296
1300
1305
1318
1330
1341
1356
1373
1382
1384
1373
1353
1338
1320
1296
1263
1224
1178
1129
1087
1049
1021
997
971
947
933
920
903
891
887
880
873
868
866
872
892
911
929
947
971
1004
1048
1108
1174
1233
1277
1320
1349
1374
1405
1429
1450
1466
1464
1450
1430
1409
1382
1354
1335
1334
1338
1348
1364
1373
1387
1404
1425
1452
1479
1504
1533
1562
1589
1623
1659
1696
1740
1785
1827
1860
1885
1895
1891
1883
1874
1870
1867
1873
1887
1903
1914
1912
1906
1905
1905
1901
1894
1886
1877
1865
1855
1846
1838
1833
1834
1832
1825
1824
1821
1827
1837
1853
1868
1879
1892
1908
1927
1949
1978
1995
2000
1997
1996
1990
1978
1967
1958
1953
1956
1972
1992
2008
2026
2038
2031
2009
1982
1950
1909
1861
1817
1777
1734
1689
1649
1615
1601
1599
1599
1594
1586
1573
1565
1557
1545
1535
1527
1523
1515
1509
1503
1492
1474
1460
1448
1435
1421
1415
1404
1388
1383
1390
1409
1433
1464
1481
1479
1475
1465
1443
1432
1432
1440
1455
1470
1489
1510
1535
1563
1589
1617
1651
1686
1717
1743
1763
1774
1776
1778
1779
1764
1742
1726
1714
1695
1671
1636
1599
1566
1532
1494
1455
1414
1384
1369
1367
1378
1377
1375
1377
1376
1374
1370
1363
1364
1370
1377
1374
1353
1325
1300
1285
1277
1278
1277
1276
1284
1276
1268
1267
1268
1275
1281
1292
1310
1326
1348
1368
1388
1413
1437
1465
1485
1494
1492
1486
1482
1485
1499
1508
1514
1517
1516
1511
1500
1481
1465
1447
1432
1421
1416
1417
1418
1424
1430
1444
1462
1486
1522
1570
1616
1651
1675
1707
1738
1765
1791
1815
1839
1855
1866
1869
1859
1852
1843
1829
1819
1809
1793
1770
1752
1742
1733
1726
1712
1689
1666
1641
1622
1602
1585
1565
1545
1534
1528
1524
1506
1476
1437
1396
1355
1319
1297
1287
1268
1235
1205
1179
1159
1144
1126
1107
1087
1062
1036
1019
1013
1012
1014
1006
979
964
961
963
983
1017
1057
1094
1133
1166
1195
1220
1244
1269
1290
1312
1342
1379
1427
1476
1519
1566
1604
1637
1673
1714
1755
1797
1830
1852
1873
1883
1885
1886
1890
1902
1921
1937
1951
1960
1963
1967
1967
1960
1956
1949
1936
1924
1905
1880
1856
1825
1790
1754
1722
1693
1665
1641
1610
1579
1551
1531
1517
1511
1512
1512
1524
1546
1567
1593
1625
1657
1678
1681
1676
1670
1664
1648
1627
1599
1574
1556
1541
1521
1493
1466
1438
1418
1408
1405
1409
1420
1432
1450
1479
1520
1567
1606
1637
1660
1678
1687
1686
1679
1669
1660
1649
1636
1621
1610
1596
1580
1570
1567
1563
1557
1534
1500
1459
1416
1385
1366
1354
1341
1326
1316
1313
1311
1299
1277
1259
1248
1233
1219
1209
1208
1212
1229
1257
1284
1301
1297
1283
1274
1265
1263
1266
1282
1291
1296
1302
1306
1317
1327
1341
1359
1380
1399
1420
1432
1435
1432
1429
1426
1428
1436
1447
1455
1454
1449
1433
1408
1376
1348
1331
1323
1318
1313
1313
1321
1335
1352
1365
1376
1382
1388
1404
1418
1420
1405
1381
1348
1314
1274
1239
1215
1186
1149
1125
1107
1097
1089
1084
1086
1082
1074
1059
1042
1025
1007
983
958
938
914
890
877
867
858
856
853
849
836
827
821
824
830
837
838
825
808
788
774
770
766
761
750
725
687
650
624
608
601
592
571
533
493
459
438
432
423
411
387
349
311
283
258
235
217
199
185
180
182
185
184
177
163
144
137
147
170
193
207
205
190
175
173
188
206
225
240
252
259
264
271
290
317
346
379
412
448
488
532
578
632
682
718
734
733
720
714
719
734
766
806
835
845
837
821
819
830
851
852
824
776
725
689
671
665
659
661
672
688
713
738
763
790
810
817
816
812
815
819
808
792
769
741
712
677
634
589
533
468
409
355
314
287
269
247
231
230
230
226
229
239
251
269
299
337
365
384
386
382
387
401
421
432
421
389
349
324
315
318
322
311
287
257
231
221
229
253
276
294
305
310
320
334
350
363
373
391
409
434
463
495
522
541
562
591
630
665
690
718
750
778
802
813
811
807
805
808
826
852
881
905
933
962
986
1002
1009
1011
1008
1002
985
964
930
882
821
748
662
578
503
439
386
332
278
227
184
147
129
131
146
170
198
228
250
262
270
268
257
236
204
166
119
69
30
-9
-43
-66
-78
-79
-86
-97
-115
-135
-147
-141
-114
-79
-45
-18
14
56
88
114
128
128
116
97
74
50
20
-17
-49
-78
-98
-111
-124
-138
-154
-170
-186
-212
-242
-269
-275
-260
-232
-195
-151
-104
-65
-45
-35
-29
-35
-36
-47
-67
-88
-110
-138
-168
-210
-253
-288
-316
-346
-383
-434
-482
-517
-548
-574
-596
-609
-623
-627
-635
-640
-644
-667
-702
-748
-796
-847
-908
-974
-1041
-1099
-1145
-1180
-1214
-1257
-1297
-1335
-1365
-1387
-1398
-1400
-1401
-1402
-1404
-1402
-1394
-1371
-1332
-1288
-1248
-1213
-1192
-1177
-1161
-1141
-1120
-1096
-1074
-1061
-1043
-1018
-979
-928
-859
-782
-709
-642
-583
-526
-473
-424
-375
-320
-275
-231
-180
-117
-46
35
123
203
286
365
429
479
517
550
585
607
634
663
680
680
655
618
576
540
501
461
430
402
381
362
350
339
331
338
353
371
380
370
361
351
327
296
255
204
149
104
75
60
50
38
22
9
11
31
62
89
104
101
90
73
53
31
1
-39
-81
-110
-149
-185
-201
-209
-215
-216
-228
-253
-271
-275
-274
-271
-264
-263
-263
-274
-293
-305
-315
-316
-318
-337
-364
-386
-409
-436
-463
-491
-505
-514
-524
-517
-500
-484
-470
-465
-461
-445
-426
-406
-391
-374
-368
-369
-374
-395
-413
-416
-405
-386
-368
-372
-397
-432
-467
-493
-506
-510
-527
-543
-541
-526
-498
-472
-451
-446
-453
-462
-479
-497
-510
-521
-527
-536
-560
-580
-600
-618
-642
-663
-688
-715
-747
-780
-811
-847
-866
-871
-875
-887
-896
-904
-912
-910
-897
-879
-844
-804
-774
-750
-735
-726
-727
-731
-746
-764
-787
-811
-835
-856
-856
-848
-839
-830
-823
-810
-799
-795
-800
-818
-834
-849
-859
-857
-853
-847
-840
-841
-851
-854
-838
-819
-811
-803
-789
-778
-773
-779
-795
-818
-845
-860
-863
-855
-845
-836
-826
-824
-820
-812
-804
-792
-786
-788
-790
-794
-795
-785
-758
-726
-681
-636
-603
-585
-578
-565
-552
-537
-530
-528
-536
-560
-598
-633
-667
-707
-747
-786
-822
-851
-860
-865
-861
-851
-855
-862
-862
-864
-872
-894
-934
-976
-1019
-1071
-1124
-1160
-1182
-1197
-1207
-1207
-1200
-1200
-1198
-1193
-1191
-1189
-1189
-1181
-1165
-1153
-1143
-1128
-1115
-1111
-1122
-1150
-1183
-1219
-1260
-1298
-1322
-1333
-1335
-1337
-1332
-1316
-1292
-1259
-1222
-1172
-1124
-1085
-1048
-1005
-956
-908
-881
-872
-876
-885
-888
-888
-898
-911
-914
-919
-913
-905
-899
-905
-905
-887
-862
-826
-788
-746
-708
-671
-646
-633
-613
-592
-573
-549
-530
-514
-485
-457
-427
-396
-376
-364
-352
-333
-308
-277
-241
-200
-174
-149
-121
-92
-55
-12
40
88
121
139
136
139
154
177
213
240
244
251
274
313
354
384
411
439
463
489
513
530
545
555
562
578
600
615
628
635
624
601
556
491
430
378
337
298
261
231
214
200
177
151
142
147
153
163
173
188
196
190
174
152
131
101
59
7
-49
-102
-153
-195
-232
-272
-308
-324
-325
-311
-295
-274
-254
-245
-243
-239
-228
-224
-227
-234
-238
-238
-245
-250
-250
-261
-282
-293
-299
-299
-292
-272
-242
-212
-190
-170
-136
-90
-38
2
39
59
56
44
10
-42
-100
-150
-191
-224
-233
-220
-197
-177
-166
-169
-184
-204
-221
-233
-244
-255
-262
-264
-262
-260
-254
-254
-260
-256
-239
-210
-187
-175
-164
-142
-118
-103
-98
-88
-57
-18
21
71
124
168
196
211
216
208
200
191
183
178
172
155
145
153
159
167
182
198
217
242
268
292
318
346
368
382
388
386
374
354
330
319
318
330
346
355
362
365
373
377
384
395
402
424
455
486
524
556
582
592
595
595
605
616
625
640
653
685
714
749
785
815
840
858
866
865
863
855
840
815
783
757
741
719
691
663
631
599
580
559
528
487
437
391
356
338
333
338
342
337
334
327
319
308
287
257
231
212
203
195
187
181
165
143
133
138
144
146
149
148
139
125
115
93
50
9
-26
-59
-96
-124
-142
-155
-174
-205
-234
-262
-287
-304
-322
-358
-407
-456
-501
-546
-583
-604
-618
-626
-625
-626
-636
-648
-647
-640
-634
-620
-600
-591
-594
-605
-615
-621
-634
-651
-666
-678
-689
-691
-677
-648
-603
-564
-527
-490
-471
-454
-429
-413
-413
-415
-413
-415
-404
-384
-369
-350
-329
-315
-313
-319
-322
-318
-318
-327
-347
-374
-403
-428
-454
-479
-500
-516
-530
-533
-532
-540
-556
-580
-607
-635
-665
-701
-731
-758
-786
-818
-850
-875
-892
-896
-902
-919
-934
-945
-957
-962
-960
-946
-919
-883
-850
-830
-828
-840
-860
-874
-866
-838
-797
-748
-705
-662
-619
-590
-554
-522
-490
-462
-436
-404
-382
-365
-347
-328
-321
-310
-293
-276
-251
-211
-164
-129
-105
-83
-61
-33
-3
32
73
117
150
163
161
138
98
52
17
-9
-31
-55
-72
-74
-70
-60
-51
-37
-24
-20
-12
-4
0
8
22
40
58
65
64
56
46
36
34
36
26
4
-22
-49
-67
-70
-63
-50
-43
-46
-44
-26
-13
-1
19
35
43
52
57
55
41
22
20
34
51
57
62
70
77
82
100
134
172
193
199
196
193
199
205
222
244
261
258
257
259
262
277
297
317
336
344
334
323
299
273
259
249
235
219
195
177
167
162
153
143
140
139
146
151
153
156
157
161
168
169
162
154
139
119
105
105
119
128
139
165
190
206
220
231
231
231
228
225
216
198
172
132
81
34
2
-22
-37
-54
-71
-86
-98
-100
-94
-82
-76
-83
-92
-111
-128
-142
-154
-158
-170
-189
-226
-270
-330
-388
-438
-478
-502
-518
-524
-531
-539
-549
-559
-581
-599
-608
-616
-630
-642
-656
-682
-706
-736
-769
-796
-815
-825
-832
-835
-833
-837
-848
-862
-872
-882
-891
-896
-898
-900
-897
-892
-893
-892
-899
-899
-888
-890
-900
-921
-949
-970
-982
-995
-1010
-1026
-1043
-1061
-1085
-1110
-1138
-1153
-1160
-1172
-1182
-1193
-1206
-1220
-1230
-1247
-1272
-1299
-1328
-1360
-1402
-1454
-1507
-1543
-1579
-1600
-1596
-1587
-1584
-1595
-1609
-1616
-1607
-1583
-1556
-1547
-1546
-1548
-1552
-1547
-1539
-1531
-1507
-1472
-1434
-1373
-1296
-1219
-1145
-1073
-1003
-939
-885
-840
-803
-775
-750
-724
-697
-674
-650
-633
-618
-602
-585
-568
-551
-513
-472
-420
-360
-306
-256
-206
-157
-107
-61
-30
10
49
77
105
128
147
169
195
220
239
263
286
303
316
323
333
349
364
377
397
418
429
440
466
484
493
499
509
511
509
510
516
523
527
536
541
533
520
514
519
541
569
603
641
674
694
714
734
763
801
838
874
897
916
930
936
933
927
922
910
892
882
877
877
887
899
901
896
888
879
857
827
801
776
760
756
755
756
757
756
767
773
769
769
760
751
754
769
796
811
819
823
817
817
823
836
848
864
875
874
864
847
834
820
802
787
766
745
722
697
675
660
650
644
630
603
577
562
543
524
520
526
527
525
522
532
545
556
573
582
595
608
627
639
639
635
625
621
617
611
609
606
605
605
598
601
605
607
616
623
619
602
584
574
564
553
552
558
571
586
605
619
636
648
658
669
689
717
742
779
821
860
881
897
916
925
917
904
885
861
839
814
798
793
796
803
821
845
874
906
944
984
1013
1033
1053
1069
1084
1091
1105
1130
1156
1186
1211
1224
1226
1225
1235
1256
1278
1309
1353
1393
1424
1452
1480
1500
1522
1562
1616
1672
1722
1758
1789
1819
1847
1883
1915
1938
1954
1970
1978
1987
2004
2024
2041
2067
2094
2108
2125
2134
2130
2118
2103
2078
2051
2029
1997
1959
1913
1870
1833
1798
1754
1707
1671
1632
1590
1552
1515
1483
1459
1440
1418
1406
1396
1387
1376
1361
1355
1354
1365
1375
1379
1358
1327
1299
1266
1223
1178
1147
1121
1111
1101
1098
1109
1115
1122
1127
1118
1101
1087
1084
1071
1053
1036
1008
981
960
933
896
873
862
849
842
833
806
764
720
678
638
614
606
593
571
553
541
534
535
528
503
473
450
435
437
449
459
468
481
497
519
542
557
578
600
624
649
679
711
737
759
774
788
803
823
848
867
876
880
876
865
847
833
831
830
832
843
857
864
860
851
838
820
809
809
818
835
849
865
869
855
832
807
785
757
722
682
635
579
523
480
451
424
400
386
372
357
361
372
383
395
396
389
363
317
258
193
127
61
0
-66
-131
-191
-236
-257
-263
-258
-247
-235
-229
-231
-237
-250
-269
-286
-303
-324
-348
-377
-402
-423
-444
-468
-491
-518
-553
-587
-618
-644
-675
-704
-728
-739
-741
-736
-715
-686
-653
-627
-612
-595
-579
-555
-519
-478
-434
-389
-349
-313
-273
-230
-186
-151
-120
-93
-59
-16
25
64
102
141
182
223
249
258
259
262
259
258
260
258
257
257
255
253
258
276
299
323
338
342
329
301
263
212
158
102
45
-8
-49
-76
-89
-90
-90
-88
-81
-62
-30
3
31
53
64
70
72
83
96
103
110
115
120
136
163
184
189
191
194
198
211
232
260
283
305
336
373
414
446
472
478
466
454
440
427
412
397
387
387
389
383
361
328
288
247
220
215
225
249
284
308
324
356
388
423
459
485
504
507
514
514
513
519
521
518
509
493
470
446
437
426
406
387
366
357
359
371
384
396
403
407
405
394
384
376
367
358
355
361
373
381
388
398
416
453
485
500
507
499
481
465
457
446
438
422
404
384
365
361
356
342
330
317
314
324
328
327
313
296
294
306
319
326
338
358
363
346
336
344
357
379
404
417
415
410
413
425
440
447
448
453
462
462
458
449
434
415
399
384
364
342
315
287
263
243
216
191
169
149
131
122
113
104
103
102
100
101
104
103
104
107
113
120
125
139
162
190
220
251
286
311
341
376
404
431
457
482
497
500
498
497
481
454
423
379
337
290
244
204
178
158
146
145
148
162
182
192
202
215
226
231
223
199
157
113
75
41
5
-32
-73
-113
-148
-164
-164
-157
-137
-101
-66
-38
-8
24
57
77
95
118
142
170
203
231
256
286
322
352
370
372
373
386
391
390
389
377
359
343
336
334
336
342
350
371
400
426
462
485
493
496
495
489
471
451
432
417
413
409
400
389
382
389
403
434
470
496
519
545
586
633
684
736
770
785
794
806
819
826
829
823
823
828
841
847
851
856
862
868
864
850
831
816
807
812
828
855
882
906
913
913
906
896
882
854
817
772
726
683
644
605
571
532
479
420
370
330
300
270
238
212
181
146
109
69
40
24
17
24
35
50
55
46
28
9
-8
-33
-57
-74
-92
-115
-140
-168
-204
-232
-258
-296
-345
-401
-458
-515
-565
-617
-660
-681
-689
-687
-688
-698
-709
-719
-737
-757
-785
-819
-858
-908
-959
-1019
-1080
-1133
-1173
-1203
-1224
-1237
-1254
-1272
-1290
-1303
-1301
-1294
-1278
-1256
-1247
-1241
-1240
-1249
-1265
-1281
-1288
-1288
-1288
-1292
-1312
-1334
-1334
-1321
-1304
-1295
-1300
-1300
-1295
-1291
-1283
-1270
-1257
-1238
-1219
-1211
-1201
-1193
-1181
-1162
-1143
-1127
-1113
-1100
-1083
-1071
-1070
-1073
-1073
-1067
-1055
-1036
-1022
-1018
-1017
-1030
-1061
-1095
-1128
-1156
-1177
-1189
-1190
-1188
-1177
-1141
-1099
-1058
-1016
-978
-944
-915
-890
-871
-853
-834
-819
-803
-793
-794
-798
-807
-815
-819
-815
-811
-813
-816
-815
-807
-790
-779
-769
-759
-748
-731
-721
-705
-690
-685
-689
-694
-711
-736
-770
-800
-827
-854
-869
-872
-862
-852
-843
-842
-841
-829
-803
-775
-755
-746
-750
-757
-766
-774
-787
-810
-830
-841
-846
-843
-836
-837
-843
-851
-857
-853
-842
-827
-819
-811
-802
-799
-794
-780
-765
-770
-793
-838
-900
-950
-984
-1009
-1023
-1028
-1030
-1035
-1040
-1041
-1037
-1033
-1030
-1031
-1027
-1017
-1009
-990
-963
-943
-928
-913
-899
-883
-870
-857
-840
-840
-852
-864
-880
-901
-925
-954
-974
-976
-963
-938
-915
-904
-897
-875
-841
-791
-730
-663
-596
-528
-463
-403
-348
-298
-255
-217
-193
-174
-155
-149
-153
-165
-197
-243
-292
-341
-385
-429
-477
-528
-571
-610
-640
-658
-674
-698
-727
-755
-773
-788
-808
-826
-839
-856
-880
-903
-921
-934
-931
-915
-904
-903
-912
-927
-948
-962
-972
-977
-981
-985
-982
-984
-976
-962
-941
-910
-885
-878
-884
-891
-895
-896
-886
-886
-906
-927
-942
-956
-978
-996
-1009
-1022
-1027
-1033
-1049
-1070
-1090
-1110
-1126
-1142
-1164
-1172
-1171
-1166
-1162
-1150
-1133
-1129
-1118
-1102
-1082
-1057
-1029
-1009
-1001
-1001
-1006
-1013
-1023
-1040
-1072
-1121
-1177
-1231
-1292
-1362
-1443
-1519
-1585
-1636
-1671
-1684
-1684
-1673
-1658
-1640
-1607
-1561
-1501
-1434
-1357
-1282
-1205
-1135
-1069
-1010
-953
-902
-867
-831
-798
-759
-722
-686
-656
-624
-586
-537
-482
-436
-386
-327
-262
-187
-115
-56
-11
25
59
89
130
177
232
301
363
415
467
511
552
587
617
654
693
731
760
784
806
841
876
895
900
901
905
918
929
940
946
948
944
952
973
1003
1047
1084
1112
1127
1133
1145
1150
1148
1139
1109
1066
1023
985
948
924
908
898
894
906
927
949
976
1000
1015
1020
1027
1049
1088
1132
1170
1217
1276
1344
1410
1482
1549
1599
1637
1650
1644
1629
1623
1631
1642
1642
1638
1635
1627
1623
1620
1617
1622
1627
1636
1650
1667
1684
1687
1704
1738
1773
1820
1885
1964
2049
2137
2224
2310
2389
2446
2480
2517
2557
2606
2659
2710
2754
2778
2790
2796
2794
2795
2795
2798
2793
2794
2814
2840
2877
2904
2938
2982
3023
3056
3077
3085
3085
3071
3044
3011
2972
2931
2888
2848
2828
2832
2832
2826
2820
2809
2803
2802
2811
2816
2808
2782
2741
2690
2655
2644
2643
2645
2646
2661
2687
2730
2778
2824
2858
2870
2877
2880
2871
2857
2835
2812
2781
2745
2715
2686
2668
2650
2637
2623
2623
2641
2663
2695
2729
2762
2796
2843
2908
2969
3012
3031
3025
3013
2989
2952
2918
2877
2826
2769
2720
2681
2645
2604
2559
2503
2461
2448
2444
2445
2437
2419
2395
2370
2345
2312
2285
2253
2228
2209
2195
2180
2164
2157
2159
2181
2214
2258
2299
2333
2358
2384
2416
2464
2514
2572
2624
2654
2672
2667
2634
2585
2527
2441
2353
2267
2178
2086
1999
1920
1842
1769
1686
1621
1566
1513
1481
1464
1449
1436
1423
1408
1392
1363
1317
1263
1191
1112
1039
957
856
762
692
637
575
522
477
439
392
345
307
301
336
383
431
479
534
587
635
676
703
724
744
765
776
783
793
784
754
702
630
550
469
402
346
300
272
257
230
204
170
160
162
174
185
187
169
140
111
99
104
134
162
175
174
163
157
150
139
125
97
65
19
-26
-69
-108
-137
-164
-180
-189
-191
-184
-174
-160
-150
-148
-152
-156
-168
-178
-195
-202
-191
-175
-151
-126
-119
-127
-143
-161
-164
-162
-179
-206
-247
-273
-294
-290
-262
-236
-222
-206
-200
-191
-174
-156
-139
-129
-133
-146
-145
-146
-136
-136
-149
-181
-218
-236
-250
-271
-286
-304
-334
-361
-380
-381
-389
-398
-409
-424
-453
-481
-509
-537
-563
-589
-608
-613
-615
-623
-645
-680
-697
-698
-682
-673
-671
-685
-715
-752
-791
-823
-860
-892
-938
-995
-1068
-1133
-1172
-1183
-1193
-1205
-1214
-1216
-1219
-1227
-1237
-1232
-1228
-1217
-1202
-1173
-1122
-1064
-990
-911
-849
-817
-803
-799
-805
-808
-817
-819
-807
-788
-770
-721
-656
-585
-520
-468
-416
-366
-317
-274
-245
-227
-214
-221
-242
-262
-269
-280
-291
-300
-300
-307
-329
-388
-455
-520
-582
-632
-661
-665
-676
-681
-685
-675
-657
-632
-614
-606
-584
-566
-542
-524
-522
-546
-599
-682
-747
-812
-864
-889
-903
-908
-899
-911
-920
-942
-958
-988
-1025
-1065
-1097
-1116
-1126
-1129
-1118
-1107
-1105
-1103
-1113
-1126
-1153
-1187
-1218
-1249
-1278
-1312
-1345
-1374
-1404
-1442
-1470
-1471
-1492
-1516
-1520
-1527
-1546
-1561
-1566
-1574
-1595
-1628
-1647
-1640
-1615
-1581
-1549
-1539
-1529
-1527
-1537
-1555
-1574
-1587
-1589
-1597
-1621
-1659
-1666
-1647
-1622
-1603
-1592
-1593
-1611
-1630
-1650
-1636
-1629
-1628
-1618
-1591
-1549
-1502
-1459
-1406
-1350
-1273
-1185
-1093
-999
-913
-843
-791
-743
-685
-659
-638
-642
-659
-665
-666
-667
-670
-681
-682
-663
-628
-587
-541
-497
-449
-415
-385
-367
-342
-310
-292
-278
-271
-268
-241
-183
-120
-67
-21
5
42
77
102
131
148
165
172
160
151
140
137
157
174
221
251
272
279
257
244
232
230
245
257
277
301
314
317
337
362
390
419
422
385
347
310
295
264
221
153
93
20
-46
-77
-94
-97
-96
-120
-140
-159
-187
-179
-181
-192
-208
-206
-188
-139
-77
-50
-58
-108
-175
-211
-243
-262
-290
-320
-335
-342
-349
-331
-315
-298
-281
-269
-259
-269
-285
-289
-288
-262
-260
-259
-263
-282
-292
-308
-315
-299
-270
-265
-241
-217
-234
-243
-249
-260
-293
-326
-371
-389
-397
-381
-374
-372
-374
-393
-403
-405
-396
-418
-460
-487
-522
-540
-547
-559
-560
-557
-553
-562
-584
-622
-627
-600
-564
-524
-500
-475
-458
-446
-437
-435
-412
-383
-341
-314
-301
-316
-349
-363
-384
-378
-375
-396
-422
-440
-446
-462
-473
-487
-526
-556
-570
-594
-629
-648
-676
-716
-773
-827
-872
-917
-946
-1003
-1071
-1112
-1126
-1106
-1108
-1092
-1050
-1026
-1002
-970
-936
-897
-824
-752
-703
-646
-591
-569
-561
-553
-538
-505
-464
-428
-386
-342
-261
-176
-92
-22
56
158
281
372
491
588
666
738
778
797
809
901
891
891
900
928
920
926
976
1029
1069
1101
1127
1131
1148
1164
1195
1202
1191
1176
1172
1175
1181
1194
1227
1224
1232
1238
1241
1242
1274
1276
1271
1256
1246
1237
1244
1249
1228
1204
1182
1167
1173
1188
1173
1170
1163
1141
1136
1129
1144
1167
1185
1179
1157
1131
1110
1112
1131
1148
1176
1189
1171
1133
1085
1046
1004
969
955
937
926
911
921
926
941
942
962
967
948
901
828
769
712
694
672
671
664
636
620
604
617
632
641
634
644
637
623
613
582
605
613
609
596
608
628
654
651
665
652
651
654
644
657
659
635
615
589
551
538
544
547
570
571
556
508
445
403
369
342
313
298
292
296
301
290
294
295
298
260
219
198
158
121
88
84
92
85
91
103
108
106
112
119
135
138
130
119
108
82
33
-2
-65
-135
-207
-271
-321
-353
-369
-410
-450
-464
-461
-454
-422
-401
-353
-316
-279
-228
-204
-163
-124
-74
-37
10
44
67
85
91
94
78
77
70
34
14
0
16
25
8
-31
-56
-71
-74
-40
-44
-76
-80
-101
-102
-87
-70
-6
20
21
40
50
66
68
71
61
74
94
106
136
136
123
112
124
154
216
304
361
404
443
488
514
547
585
604
651
699
727
785
863
938
1035
1116
1189
1268
1366
1449
1511
1535
1545
1592
1612
1662
1709
1745
1748
1746
1752
1768
1763
1796
1811
1793
1775
1786
1779
1777
1776
1783
1794
1812
1786
1782
1767
1755
1750
1758
1717
1686
1662
1605
1579
1551
1532
1497
1490
1513
1533
1526
1506
1474
1439
1373
1289
1225
1189
1156
1138
1105
1068
1026
987
951
918
898
862
838
798
756
717
662
616
581
595
586
593
574
520
487
421
349
296
238
169
112
67
22
-49
-104
-192
-250
-325
-413
-474
-503
-514
-555
-586
-608
-624
-647
-651
-656
-666
-643
-611
-587
-570
-566
-588
-606
-628
-659
-652
-655
-659
-661
-649
-642
-614
-653
-662
-684
-684
-677
-666
-665
-641
-617
-603
-587
-601
-603
-611
-657
-698
-743
-769
-795
-810
-823
-827
-838
-811
-821
-811
-788
-770
-751
-694
-621
-563
-525
-495
-497
-519
-519
-509
-472
-484
-513
-514
-497
-503
-523
-507
-490
-505
-487
-478
-493
-478
-474
-441
-409
-373
-347
-318
-286
-281
-291
-283
-303
-307
-337
-371
-405
-397
-393
-388
-385
-368
-357
-336
-346
-366
-381
-419
-423
-391
-331
-298
-284
-251
-224
-215
-195
-175
-164
-149
-151
-140
-180
-195
-209
-234
-230
-223
-223
-231
-257
-254
-273
-286
-318
-345
-375
-407
-404
-421
-431
-425
-439
-446
-457
-458
-475
-505
-546
-575
-573
-599
-634
-660
-703
-754
-796
-815
-831
-826
-849
-847
-837
-834
-820
-796
-806
-798
-790
-781
-765
-734
-694
-648
-626
-603
-545
-508
-463
-414
-388
-357
-351
-325
-335
-339
-371
-378
-357
-343
-334
-295
-245
-197
-176
-150
-108
-38
7
14
0
-2
2
41
58
85
74
66
76
60
48
35
8
7
-21
-43
-84
-117
-152
-175
-197
-219
-216
-245
-264
-288
-305
-317
-316
-323
-324
-332
-319
-333
-337
-342
-354
-349
-384
-393
-409
-433
-453
-472
-480
-465
-494
-521
-548
-569
-605
-639
-680
-710
-732
-744
-770
-789
-822
-800
