8164
6281
2641
5881
91
1479
-1479
-1909
-562
-396
1611
1115
-2201
-8231
-5050
-5624
-5942
-4914
-5867
-6097
-7487
-12748
-16906
-17279
-18601
-17956
-20609
-15925
-7893
-10956
-7290
-8544
-6340
-1386
-1543
5494
5221
5548
8264
8747
10571
14384
12954
12601
11942
11775
17122
15386
14630
15431
12800
15258
18578
12942
14782
6244
-263
6304
3932
5377
5377
7924
7341
8313
9258
4941
-1140
-723
369
459
600
-2120
-2873
-3880
-6110
-10061
-13039
-15999
-15984
-11999
-14441
-14494
-11607
-11366
-9284
-13474
-14482
-10597
-7496
-4883
-2073
1850
6028
8520
8360
7029
2680
1055
3551
4622
7701
9755
10996
13028
11955
13502
13058
12147
5567
-2573
-1724
-239
836
1340
-1525
567
4621
7261
2612
-5966
-7735
-6324
-7131
-8168
-9546
-11900
-12726
-13300
-15544
-15880
-17704
-20669
-18359
-16186
-15955
-16299
-17428
-13702
-4119
-9366
-7844
-1212
-1737
2179
3078
6447
10624
13813
10950
11887
10554
10129
10759
9584
9370
9527
9246
14637
16577
16068
15993
9694
6110
236
2488
4635
6421
9135
5541
7649
8012
5282
-4552
-4896
-2129
-105
86
-2365
-2573
-3592
-5736
-5764
-9858
-14177
-13445
-13271
-12112
-14479
-16799
-14726
-12573
-8425
-5579
-7448
-5377
-298
1031
3895
2341
3633
5866
4065
4470
7555
8511
9161
11656
12072
13027
12597
13109
14057
12436
12944
11859
11783
7407
1691
4910
6816
6159
5626
5534
3600
2441
-5077
-7444
-5506
-8429
-7858
-5683
-4960
-5214
-8732
-9799
-14287
-16914
-17025
-14848
-14535
-16383
-11614
-9263
-4448
711
-2388
-11792
-5412
-1975
-2973
1361
3343
7070
11932
12719
11496
13110
9489
8739
9689
9391
9966
8783
9267
9827
9510
8817
10002
9218
11853
6767
4134
7364
7182
6669
5492
3948
-753
-4111
-5438
-901
-969
-698
-3195
-6338
-8435
-9642
-8360
-11362
-12588
-13773
-12970
-13335
-15532
-15631
-17640
-17757
-15818
-13115
-10764
-10658
-10675
-6180
-4516
-1337
5472
2829
1978
3687
8061
8179
9956
10469
9076
11338
9528
12617
14777
12082
12588
11916
11087
8169
7326
-735
1297
6234
4014
6038
3267
4197
-18
-1724
-702
-5354
-6949
-9386
-6912
-7654
-6975
-6391
-9382
-8987
-6953
-4628
-7099
-13598
-13582
-11465
-3404
-5725
-2089
-1448
-5702
-6150
-2821
4719
5408
8301
8115
11516
10108
6810
6561
6993
9444
8101
14429
12468
12977
15349
13099
14439
13547
8689
7386
6920
3939
-4372
929
1904
388
1247
-848
-3003
-2513
-1166
-2966
-4386
-6613
-5072
-4782
-7333
-9070
-6688
-5355
-7161
-11536
-13401
-12731
-11065
-9602
-12693
-13779
-15471
-13789
-8354
-5508
-10927
-3713
580
1232
5490
4987
6681
7367
4561
2675
5925
4215
6352
6855
6244
12767
11960
11751
10349
9470
7339
4233
3149
-2257
-6656
-2911
1009
2389
1502
-208
-2298
-6522
-6620
-8015
-7606
-7542
-8870
-9077
-11935
-11761
-11126
-9832
-5024
-7193
-7717
-7767
-3950
-2283
-6312
-8160
-9215
-6361
-3301
-3276
-1434
4880
3621
7428
11636
8979
9400
8999
10376
11497
6623
7825
8234
5674
8925
8406
9256
10633
9509
8000
8967
9767
9207
1896
-993
1036
4670
6669
3196
2429
-2537
-2905
-3381
-4249
-2800
-626
-1074
-2566
-1259
-649
-1828
-4389
-8236
-11137
-5912
-8071
-8234
-6936
-7648
-7870
-8549
-5653
-3907
-10407
-8393
-1815
-2398
1527
2670
3295
5373
5378
8234
8666
8524
7390
4831
6666
11799
9736
10761
9089
8028
9474
7493
5903
1547
-895
-1338
2175
1750
1073
227
-2158
-5271
-6099
-5316
-4172
-3912
-7998
-7824
-5276
-5076
-4159
-4323
-10246
-9202
-4201
-3513
-7305
-8234
-6770
-7459
-9068
-6214
-3221
-5581
-7330
-4360
-120
1142
3045
5501
6281
7043
7949
8018
7544
7688
7234
3180
6080
6274
5336
5950
6275
9747
9470
7840
6197
4603
-448
2528
5726
2796
433
-5627
-4247
-1225
-1324
735
2257
887
1345
360
904
-21
-2885
-4820
-7087
-7933
-9760
-7582
-4834
-5825
-5842
-6930
-7940
-8439
-10208
-9020
-12030
-9865
-7480
-3797
877
1731
4407
3493
5427
5405
3216
4135
2181
914
7680
9835
7374
7974
8461
9267
9558
9849
8075
7265
-570
-1139
2084
454
-1057
-8154
-4189
-1071
-1273
-1521
-2706
-4447
-7713
-4649
-2346
-237
-3470
-3749
-987
-3119
-3970
-6891
-7290
-6512
-4993
-4370
-10318
-9794
-7255
-5677
-8793
-6851
-1079
-2822
778
3697
1233
4567
5261
3429
6286
3230
3932
11508
10599
10527
11873
7789
6652
6117
6166
6890
8421
8378
948
7608
7899
5275
2944
-5541
-2290
-3527
-1986
-3736
-5295
-6
1321
1715
-501
977
-47
-1861
-1866
-5234
-5760
-6696
-6720
-7487
-8647
-8068
-9052
-10316
-8171
-6159
-12215
-7766
-8726
-10529
-3820
-3891
-3934
-1105
879
5223
6819
2507
6064
10025
9529
6335
4046
2804
3614
4124
5200
8614
9296
6230
3800
3181
4120
1228
-4134
-6367
-5537
-3043
-4633
-6315
-4978
-3403
1583
567
-2038
-1399
4271
473
-4545
-2760
-1354
-2841
-5083
-6996
-6479
-10250
-9301
-4593
-2318
-5662
-8308
213
2340
4012
4589
3514
1181
948
1882
4536
5101
7442
12723
11060
10860
9725
10775
11687
11742
11540
11414
11740
13149
6675
3234
9054
6503
2757
-661
3583
3356
1984
4070
-477
1559
2983
15
-1831
-5020
-3582
-1427
-1580
-1203
-3069
-4874
-5965
-7602
-11432
-10218
-10495
-11502
-9028
-8169
-8572
-13038
-5556
-3714
-1928
-10
415
1861
1108
2199
1384
3290
3763
6577
6730
6321
6730
7107
8590
6996
3325
3870
4601
5702
2763
-4302
3768
3532
-1130
-244
-5302
-5444
-4602
-1874
-2538
-2134
-2684
-4216
3709
3923
-2096
-2476
-4461
-4825
-3862
-6467
-6325
-9167
-11605
-11601
-13647
-11596
-10583
-9256
-11495
-7234
-943
-3268
398
-1914
-1024
294
2702
3001
1311
3304
4718
7746
7704
8842
6280
6914
7371
8960
8611
8301
6757
7227
7161
-2408
2103
-3295
-1261
-397
-3482
-88
-1290
3031
1287
-645
13
2116
1341
414
1141
70
-411
-2530
-4204
-5141
-7975
-8146
-10023
-11900
-11757
-9136
-8095
-7151
-7007
-11571
-3606
-4559
-2966
2895
-26
5781
6359
3771
1801
3277
3682
6715
6810
7347
9595
9574
7754
8035
9252
8150
11909
8910
7873
-2428
-3640
-6993
-8534
-507
689
5391
2620
3869
2159
4676
9277
5723
4824
2001
-78
-2464
-3176
472
-596
-5734
-6001
-6721
-11378
-11369
-11603
-11086
-10952
-7926
-9863
-10093
-3186
-5079
-1009
-326
938
2216
2095
571
1169
3817
5226
5291
7408
9474
10618
11488
11210
10571
7570
9330
7503
5611
1722
-2992
-4578
-4665
1338
3370
591
-342
-293
-3266
-3605
-1960
-2618
-4809
-3936
-3801
-3692
-4232
-4806
-2857
-2565
-4718
-6162
-11776
-15507
-14941
-18825
-16017
-12037
-8000
-8903
-10994
-5394
-2415
835
3716
5916
4111
2265
1361
3940
8166
7458
7741
8967
7113
6968
9744
10588
10178
9010
8212
8327
8090
-181
-2922
-4136
-3443
4502
3191
2029
1848
2714
6727
11279
8204
5651
4252
3309
7100
6810
4593
2695
-421
-4231
-6924
-6411
-6841
-7481
-6999
-6538
-6303
-6404
-6600
-6616
-10663
-5809
-3483
-1130
4313
4010
6592
3442
5146
7406
7233
6623
6349
7543
7955
9262
7047
4871
6366
9964
9348
9970
5003
-1313
-8997
-5740
-2470
-4428
-1802
-4533
-3839
-3314
-980
1243
2252
1005
-1474
-1482
-3994
-3417
-4980
-6852
-7423
-10109
-8114
-7794
-7456
-9947
-9568
-12361
-14989
-13861
-10559
-7725
-13621
-4218
-7072
-4444
302
-729
5170
1273
875
2489
4501
3205
4277
4113
5774
5197
5482
4303
2172
2586
4552
7155
4912
-1889
-8364
447
4210
6413
5364
4088
10637
9372
6628
10183
8078
6237
6301
7094
8057
5380
4522
5031
4211
1784
1154
-2680
-4379
-7400
-6920
-8921
-6174
-8875
-4290
-9346
-12042
-3831
-5419
3421
-197
-1574
559
3035
4714
6565
1671
1469
3308
3467
5784
5443
6086
6628
10177
9694
8256
7968
6987
-8175
-5444
2779
2121
7367
3672
4780
3962
5644
1254
-1560
2458
4411
4289
4103
2936
-2430
-2439
-4592
-5898
-7387
-10184
-10227
-11246
-10874
-10121
-14064
-9419
-8909
-7893
-11939
-13814
-7009
-9304
-2656
-1482
-4374
-3496
-4963
-1262
40
-804
2480
3853
2616
3145
3386
1722
258
-258
-421
425
2165
-1483
-3167
6816
5755
-1095
3633
10390
3588
-130
3612
4657
8051
5700
5159
6000
5943
6611
2640
1661
-394
-3726
-3099
-7480
-9241
-10534
-11468
-16826
-14631
-9795
-9284
-11280
-12919
-7355
-5811
-2450
-1454
-2568
-2746
-1443
2525
4402
4934
6811
8009
8619
9012
6617
7005
8613
9440
10156
12061
11760
10698
918
-1679
6581
6109
8973
8466
4355
7056
6281
7571
6519
4153
4614
3390
4703
3371
2801
861
-189
-1969
-3847
-4949
-6618
-8352
-10059
-10978
-13020
-11365
-11839
-9618
-10979
-9743
-3930
-5368
-1861
-8
-204
-228
-659
-1047
-345
178
1037
968
520
3180
5620
5480
4978
4640
3440
6069
6555
8362
1548
-5401
2719
9692
10479
8304
6904
5910
4423
4165
6582
5816
3584
3783
4277
3483
2279
157
-2770
-2659
-5750
-7500
-10396
-11407
-11737
-13252
-16874
-15449
-9769
-13410
-17116
-12605
-7556
-6146
-3497
-4105
-1814
-440
-764
2669
1216
1521
3887
5357
5460
6893
10120
9582
9980
7593
5893
7225
7389
7658
1681
2378
7215
7268
7054
6263
7860
7433
3285
4589
4722
4215
2932
364
-220
681
344
-2288
-5624
-5233
-5019
-6134
-8288
-13092
-15016
-17473
-16995
-16144
-7832
-12887
-17488
-11406
-11697
-6975
-3713
-3295
-3894
-1914
-3154
-1521
-1478
-1961
1967
-478
526
2048
4040
5258
4739
5174
4041
7389
11299
7880
-5276
-366
11450
10622
9485
6779
8747
9247
8726
7808
8157
6535
5699
6282
4114
3372
2256
530
-1106
57
-3707
-7315
-9469
-8453
-9239
-11593
-14771
-14600
-6292
-11404
-9855
-9864
-11297
-5830
-334
1758
-488
2830
4235
4835
5129
7774
8434
8409
11268
10274
9767
11167
11522
11478
13175
13767
13212
7416
923
7017
8660
4346
4001
2497
4673
7964
7415
6620
4785
4327
3164
-1576
-3832
-5463
-4860
-4338
-5538
-6902
-9366
-13226
-14918
-15687
-13913
-15680
-20379
-18422
-14000
-13053
-16627
-12569
-10265
-7505
-4421
-2551
-1793
-2939
-1130
-1942
-591
-277
-52
1150
2718
1412
1698
5882
6531
6138
8489
9342
9764
3562
-1856
8299
8353
6038
10299
10179
11701
11775
10886
10285
7599
6958
3903
1750
160
-2046
254
1451
521
-1208
-5404
-7414
-9603
-12438
-13240
-14187
-17689
-15346
-10288
-13331
-13254
-7020
-3613
-422
548
1554
1058
-1621
866
3797
5138
4625
5167
5744
8371
9217
10689
8925
8035
7330
8623
11907
8409
6014
1995
8645
8480
5472
6001
4405
5721
5283
5950
2766
3587
2927
1332
192
-1619
-667
-755
-4631
-5619
-8628
-9847
-10666
-13460
-14867
-14591
-14990
-15404
-10821
-11496
-17673
-15972
-7788
-5618
-2360
-805
162
2321
1816
2988
472
293
3041
4762
5013
4527
3756
3187
7747
15325
15760
12445
12421
15474
10136
7377
13092
10422
8170
6559
6302
8959
9357
8373
6268
3650
1886
1903
2999
1870
-1754
-4054
-4047
-5706
-6085
-9291
-12314
-12617
-13171
-13364
-16515
-18409
-12135
-10424
-18153
-12506
-6739
-6082
-2897
-4210
-406
2790
753
835
1012
3202
5669
6365
7666
7673
9063
11354
10214
9310
10517
11871
9626
5172
1481
1404
8614
6888
4403
3841
437
-80
-2082
1490
2760
990
-2825
-4756
-5319
-4338
-2718
-5965
-8074
-9586
-10594
-13563
-14730
-13047
-11774
-13274
-14407
-15907
-10080
-7204
-12440
-8118
-6207
-7460
-7808
-6992
-3645
-320
1719
1242
55
721
1177
4430
5156
3477
7293
10562
13419
11539
11658
18471
15137
10030
6879
4728
10514
11684
11203
11544
11425
11623
10546
10304
8728
8326
7448
5258
3617
2658
724
359
1735
-1636
-6661
-10174
-12078
-10358
-11605
-12876
-14099
-16099
-6041
-7347
-17348
-9300
-4886
-1773
2734
-494
-1775
1985
5661
5258
4847
5726
5554
6518
8615
10267
11956
12400
8945
6589
6802
8972
4559
2068
1173
-546
3476
3828
1995
431
-2211
-2334
-93
-912
-1123
-1279
-3724
-3449
-1287
-3581
-6165
-7602
-8142
-8806
-8305
-11577
-14667
-14997
-17106
-17563
-16650
-15482
-11862
-13819
-18193
-12348
-11015
-9489
-5717
-6902
-6155
-3792
-720
-2144
-2649
193
2934
5189
6564
6243
9515
11918
10500
12147
19724
16581
11539
11609
6769
9702
7630
6300
6714
7867
9801
10874
11527
7742
8193
6345
6850
5355
4622
5085
2915
1695
-223
-424
-2300
-4561
-6937
-9233
-11495
-11945
-12517
-9215
-6426
-10853
-9834
-4340
-2726
-112
1686
538
1314
2557
3448
2743
3414
7618
7943
8198
7998
6967
8714
10405
11892
12828
12613
3377
3743
916
743
6197
2357
7917
5615
4249
4062
3384
3188
1856
771
-321
475
-1575
-1658
-4488
-4864
-5184
-5678
-8924
-11964
-13175
-13598
-14780
-15544
-18007
-20493
-14802
-13250
-18071
-16403
-11598
-8980
-9291
-6731
-4742
-3851
1046
-1393
-4563
-951
479
492
2287
6502
6298
4931
8642
9971
12483
11376
10089
9963
2379
6139
11305
13188
13403
12039
10315
8064
9580
9161
11487
10386
9393
4125
2570
1198
235
2238
78
-556
-3110
-4201
-6264
-9313
-11475
-11295
-14358
-15401
-11043
-12100
-12638
-6143
-6141
-4349
-1211
-3912
-3927
1291
2848
2206
3566
5342
6182
4819
4008
5018
7612
9270
12472
11195
12177
7350
6204
4106
1555
7415
6430
8070
5241
6178
6730
7091
6397
2237
2200
1888
1922
1068
-115
-1090
-2305
-4411
-6599
-8119
-8892
-9975
-11416
-14303
-18241
-18146
-15277
-14804
-11770
-18688
-20214
-13542
-14413
-8836
-8356
-10004
-7684
-5469
-3929
-2311
-2076
-3183
865
5276
5115
7098
8072
11541
14442
13405
13799
9305
10434
6342
6651
13171
10743
9230
8983
9272
9165
7774
6824
5710
4352
5247
4984
1631
-1679
-2250
-4944
-5336
-6892
-9550
-11248
-11883
-11447
-12858
-16720
-17090
-17682
-13596
-14353
-17802
-10735
-11663
-8205
-6063
-6433
-4595
322
-503
-224
4511
3957
7071
8488
9395
8327
10978
12600
12094
13565
15594
13099
10680
9579
6382
10803
9259
8689
10186
6750
8007
7951
7002
6798
5463
4656
3237
2438
311
621
-402
-3629
-5340
-8389
-10557
-11069
-12878
-16847
-17302
-19096
-17588
-14382
-11594
-15032
-14902
-7754
-9320
-4381
-4354
-6048
-5356
60
1034
-1871
1792
4562
9003
11629
10459
12557
13918
16356
21487
17292
19290
15284
14322
13828
11252
17174
13697
15064
12945
12565
15000
10414
5885
3997
3945
3266
1535
1188
-1222
-3252
-5396
-6606
-7708
-10922
-13850
-16677
-16053
-18847
-21325
-22760
-22140
-14405
-17691
-19885
-11017
-12694
-9584
-3410
-4880
-4447
-2228
-1164
-102
1521
1316
2863
5072
6546
7299
9128
9605
9639
10394
11496
6919
7811
5392
5112
6483
4805
7196
2435
2257
1459
956
2086
-662
-725
-1714
-3211
-3753
-4167
-5256
-5400
-5267
-7392
-7482
-9016
-11199
-14573
-15379
-17741
-22641
-23111
-17422
-14909
-19936
-10613
-8452
-9992
-2819
-3417
-2641
-3052
1259
1785
3571
6242
10464
14034
10796
13758
17292
20989
20774
19536
21921
20215
15722
15877
10363
14171
15257
14239
16671
11875
11706
9758
10200
9235
7499
5209
4404
3200
275
-1665
-2484
-1153
-3017
-5442
-7985
-12381
-13507
-14970
-15046
-17182
-19311
-18334
-12401
-16002
-16156
-8352
-12521
-6404
-3229
-2893
3131
4415
2653
2389
3424
4051
4640
5816
7159
8155
9754
9269
10811
12581
10319
7877
7455
3265
692
4275
3654
2709
2166
638
654
351
1
-1704
276
-589
-3350
-5920
-7152
-8939
-10592
-10361
-12229
-12378
-14404
-16585
-17369
-18736
-20174
-18476
-21049
-17958
-16956
-22128
-14295
-12155
-9723
-4098
-5344
-4543
-2264
1950
4718
6884
10467
10878
10517
12594
16257
19392
18940
19700
21189
20914
21411
16660
14966
11586
9451
12311
9903
10934
9800
9486
10195
10409
8776
6378
4426
3412
3268
959
-353
-3126
-3449
-4032
-5820
-6757
-8346
-9924
-10392
-11541
-14080
-14659
-15095
-9808
-10570
-12270
-6757
-6085
-3387
-1145
-1736
-1450
857
1060
2121
3772
5104
6023
6647
7268
9577
10471
12349
13506
11234
13600
6798
4185
3108
-314
3831
1036
1871
106
-685
356
1426
2615
-35
-1844
-3429
-4995
-6253
-7956
-9404
-8535
-8857
-12108
-12626
-12762
-16430
-17522
-18090
-20374
-20811
-20766
-17635
-13586
-18273
-16897
-12611
-11025
-7120
-5165
-4749
-3259
1908
5091
6375
4081
5121
6649
16512
18056
15809
18622
15465
17303
16839
19069
14305
10791
9373
8929
14789
12257
13458
9233
8209
8324
7835
7916
5230
5718
3574
2488
3207
919
-642
-1768
-3081
-4636
-7086
-7905
-8946
-10895
-11559
-12151
-13878
-13384
-8816
-12523
-11101
-2360
-3813
-1459
1310
-373
2149
5863
6987
8463
9064
8986
10228
12417
13667
12984
11624
10650
12321
13437
12896
9890
8166
6628
4776
5892
4070
2627
2166
-606
2093
3756
2865
-1120
-3164
-2460
-2935
-4230
-6643
-7297
-9835
-10923
-12594
-11927
-12834
-14694
-17169
-17524
-18662
-19014
-19248
-19999
-14051
-22511
-14051
-11283
-13244
-5708
-9886
-8618
-4349
-1271
783
2018
4499
6573
7642
14582
11143
13202
12803
11299
11957
12616
15105
9726
3848
1663
9606
9211
7376
7322
5061
4833
5285
4321
2131
1045
438
-894
-2858
-5449
-5187
-4422
-3595
-2109
-3457
-5898
-7165
-8481
-11285
-12381
-14872
-14419
-16303
-10867
-12987
-11782
-5572
-10691
-5097
-5091
-63
437
4840
6877
5885
9966
9744
10532
11755
12815
13602
14879
13523
15673
13818
15877
9036
3994
2547
892
5803
1932
6593
6046
5996
7697
4527
2840
2559
2528
614
923
-941
-1032
-776
-2989
-6980
-7506
-8731
-10673
-11550
-13388
-14120
-15614
-16159
-17043
-16694
-17015
-19217
-12945
-10453
-8581
-4032
-5135
-1014
-608
1845
7119
6739
7148
10770
13848
12430
11183
11248
14433
17294
18683
17799
16333
13249
4782
4172
8984
10923
11765
10634
9872
10353
9671
6208
3660
2720
956
-148
-1632
-2900
-2803
-4758
-4244
-7364
-9021
-10576
-13048
-12114
-13233
-14569
-15297
-14457
-11701
-10183
-13675
-7459
-3779
-4354
-1041
-2251
-310
-357
-342
-179
2034
5427
6203
6041
5981
8071
10563
11885
11590
12250
12416
11084
9703
258
-1750
3186
3425
5181
4125
2335
2215
3408
4880
3559
1190
883
-1056
-3119
-3616
-2392
-3000
-5367
-7402
-8339
-8133
-8878
-10997
-13723
-14653
-17089
-17854
-20753
-18627
-22338
-20476
-12131
-14098
-9691
-6783
-6617
-3338
2427
3503
4398
6931
9026
11313
13564
12842
11599
10775
12652
18728
19537
16677
17681
15800
717
2990
9610
9033
11152
8877
11619
9541
9599
6380
2585
3456
2421
1621
-783
-836
362
526
-183
-1825
-9423
-11948
-14647
-16254
-16573
-19369
-19078
-18819
-16144
-12756
-14415
-10562
-6700
-8965
-6622
-6022
-6540
-3611
-307
2217
5376
7507
6045
5636
5036
8122
11079
8503
10366
9630
7953
8862
9655
-22
-4914
5760
5147
6694
5631
3703
5264
5264
4507
3698
3577
2114
2336
957
-154
-1125
-4892
-6505
-5150
-6679
-7872
-10032
-10838
-11753
-12643
-15532
-17211
-17078
-14696
-14788
-18106
-9599
-8264
-8070
-6322
-4006
-131
3950
5425
5467
9021
14222
16873
11509
14566
17288
16338
16601
17448
19131
20972
18089
13984
2537
8118
14561
12059
14051
11840
11244
9517
11064
6492
4556
1959
-564
-862
-3295
-2060
-1666
-2418
-2901
-5280
-8987
-10404
-14561
-16273
-17342
-17337
-17974
-21253
-16726
-19249
-19593
-13118
-11709
-8177
-6666
-8341
-2796
-988
-1181
2864
3730
6229
8758
8014
7532
8632
9157
8595
10151
9801
11065
12466
11223
-1775
-2255
7003
6731
7735
3240
1576
2881
5657
4268
1597
1824
1351
617
-2511
-5811
-7739
-5549
-4436
-5800
-8535
-14837
-17535
-16966
-15560
-18899
-20692
-21959
-20584
-17975
-17346
-12665
-10365
-7562
-4822
-3676
-1318
3493
5106
4536
2289
7299
11842
8158
9227
10502
13833
14808
16133
18891
21210
21596
20999
16277
10550
8022
8738
11512
13149
11678
9421
9396
8824
8462
6434
6079
4583
2223
2177
519
-1468
-3263
-5243
-6342
-7129
-12469
-15149
-15996
-14120
-13388
-14557
-13907
-13350
-17865
-12929
-8554
-6746
-1077
-2141
-3773
-869
-1760
-11
2752
2328
5868
6406
8711
8913
9929
11014
11783
10945
10468
10406
11058
6520
2979
4337
1340
6991
6402
3644
3838
4797
6310
3055
-1094
-2730
-3947
-5398
-6167
-6432
-6129
-5615
-5469
-8330
-10257
-13958
-17842
-19640
-19869
-19454
-20458
-21294
-18192
-18970
-18457
-14527
-13255
-10210
-10984
-4073
-2001
901
4224
4564
12443
16166
11211
10120
12257
12729
13018
14650
16015
16893
17632
17708
18225
10760
12255
10859
7289
10078
7923
5266
4579
4964
5735
5832
2854
328
-908
1438
-408
-2224
-4144
-5834
-5839
-8137
-9903
-12633
-15080
-14348
-18576
-16289
-16721
-16024
-12091
-15143
-6943
-6895
-5143
-98
1075
1400
4257
3166
4051
9177
8763
9627
7553
9032
8732
9370
9726
9156
9523
11877
14215
16358
9197
5297
5840
288
5629
4844
2934
3112
1518
3177
2620
545
-1869
-2268
-2689
-5367
-5091
-5123
-8158
-8780
-10727
-12427
-13378
-12421
-12137
-13876
-16132
-16109
-19053
-15657
-17378
-18035
-11377
-11209
-8377
-7269
-3414
-2181
672
2562
2674
8321
11343
12968
13222
13866
14600
13100
16315
17943
17379
17441
19174
18221
8615
11855
10543
6246
11218
10264
8879
7759
5262
5475
5453
3961
1164
329
-2458
-3641
-5140
-6796
-6798
-5416
-3767
-9223
-8361
-12758
-16524
-19523
-18038
-18627
-16095
-11560
-14273
-3659
-5909
-1331
-1153
-2572
-1605
-1618
370
1332
3861
6279
9790
7079
9172
8412
8095
9928
11745
11565
12203
12804
11238
4001
1148
4898
-1572
498
5157
3342
2159
267
-1187
-2983
-2660
-3148
-4883
-5323
-5855
-4596
-3783
-6618
-9119
-10683
-13289
-16048
-16725
-19664
-21186
-21110
-18302
-18273
-17621
-19280
-17054
-8932
-6955
-2772
-1640
2968
941
3663
11401
13651
14264
14464
15670
12031
12587
12066
12166
13257
15077
17755
18037
18199
15642
9487
12524
13914
8980
6518
7174
6189
5381
5673
3914
4637
2626
1119
3550
1864
1216
-1134
-4646
-4230
-5540
-7480
-11600
-12065
-10575
-10605
-13280
-12217
-12173
-11735
-10982
-11928
-5194
-4660
-1126
-740
-1701
1716
3656
5102
6713
8924
8795
11643
12009
11353
9919
9913
11051
10688
9770
7343
8251
7084
1844
806
6192
4444
1883
5313
1936
3478
1709
328
727
-809
-2566
-4482
-5314
-8332
-8382
-8591
-7094
-10265
-11131
-11251
-9832
-11529
-16117
-18123
-22928
-20994
-18439
-19952
-21850
-17747
-14084
-8835
-4917
-5686
-3321
308
6506
7430
9109
11924
11957
12234
11655
11078
11698
10998
12386
9862
10866
10825
12409
9663
1736
9571
7975
3033
27
896
3048
5260
4500
1997
2951
1798
1182
-1283
-2293
-2756
-5365
-4865
-3380
-5949
-5937
-7047
-8343
-11263
-12270
-15251
-16526
-17260
-14469
-14567
-10777
-4656
-8430
-3120
-2008
937
2487
4547
4096
3325
5601
5556
7699
8835
11757
12200
11403
12200
12586
12264
13585
14264
12088
2475
4154
8414
4337
2191
3394
3429
4957
5144
1769
1217
1352
3068
241
-2753
-3761
-3274
-3789
-4110
-6937
-9215
-11615
-14298
-17129
-19455
-19797
-21622
-19387
-15846
-14219
-15031
-9425
-5298
-2417
-1202
-3679
-1263
5457
6351
3896
7164
8909
10851
12122
14955
15966
15127
15269
11893
10652
9989
12178
15092
9758
11385
14605
11425
8057
2433
6069
4176
1600
3360
992
601
1628
3743
2923
1717
588
-2322
-3257
-7672
-8909
-10668
-12995
-15627
-16826
-17953
-16730
-16438
-14020
-9956
-17460
-13357
-9410
-8516
-4906
-3208
-1206
-1373
2366
2305
4341
6542
7347
8516
8378
8658
7434
5882
7419
6922
6460
12477
13486
7431
6307
9950
7514
3926
4567
4325
5095
3993
3186
4607
3085
3060
1301
-15
-2024
-5485
-4115
-3293
-5520
-6333
-7419
-10174
-13480
-15443
-19291
-18783
-17522
-17769
-15200
-21427
-17499
-14389
-11083
-3817
-5339
1166
7865
9752
9573
9461
9652
10223
12741
12957
10897
10277
13371
17989
16565
18220
18364
15845
12233
8479
12455
12339
8737
4256
7094
6287
5999
5911
5620
9325
5416
2599
752
-1086
-5254
-7140
-7403
-8589
-8921
-8866
-9937
-11769
-12622
-14347
-17467
-16356
-18099
-14228
-16851
-15220
-9663
-11007
-4922
-7176
-5587
-2762
-1808
-450
1190
1120
3449
5874
8291
10166
9495
10706
10056
9649
9283
10140
10551
8738
1461
3817
6524
2529
1966
3679
4601
4377
4339
1161
1850
4260
254
-3448
-4437
-4527
-4679
-6414
-8098
-10631
-11149
-13048
-14293
-13881
-13933
-16039
-17031
-19061
-17607
-18381
-16872
-9298
-8342
-3494
-2546
-2060
5518
5780
3187
8780
9966
12993
14126
15059
19602
16841
18862
18922
15679
15806
16674
16278
15104
8354
9397
15727
11649
10156
8324
5320
4768
6025
4775
2136
1225
509
506
106
174
472
-1165
-2905
-5244
-6548
-8122
-10759
-16412
-17776
-20521
-22165
-20181
-20899
-14070
-16772
-9690
-5285
-5727
-2439
-7197
-4320
-2960
614
3845
3718
4754
2593
5791
8616
9152
10742
10395
8916
10274
11891
10566
12519
4407
6236
12718
6321
4307
4955
4720
1314
1151
-116
-1919
-1163
-3465
-2224
-1199
-2118
-2385
-6022
-8828
-13374
-15745
-16471
-15894
-16013
-17178
-17778
-20156
-22287
-21363
-18786
-22704
-16378
-9971
-6866
-2343
800
8082
9363
10170
11424
8684
8507
11987
12331
15771
16725
15969
18294
18200
19972
19681
19723
20350
11138
10445
16164
16098
8704
4125
6234
4618
6980
7126
4692
3622
3521
2355
-275
-3110
-6506
-7892
-8462
-11369
-12373
-12796
-10185
-10993
-15673
-16211
-19272
-20794
-20242
-17138
-18979
-16566
-9533
-8906
-5170
-1741
-546
2386
3334
3789
4107
7860
11479
12630
12470
13777
13143
12425
12324
9524
8671
8625
11023
2167
1151
10472
9288
4833
5324
7182
4863
5295
2554
-67
-2653
-4291
-4797
-5495
-6122
-7098
-8496
-9793
-11622
-14822
-17010
-17236
-15585
-18825
-20576
-21991
-24526
-24111
-20265
-20304
-18117
-11930
-11276
-8415
-3186
1332
4022
6792
7531
7241
8583
11921
16393
18549
19542
19644
17251
17009
15588
14772
14531
16614
13882
8419
14145
14277
10135
4715
5685
5280
5034
7937
6206
5063
3269
2110
953
-1600
-3419
-2881
-5157
-5001
-5795
-7699
-12572
-13238
-10813
-14996
-13974
-12638
-16691
-11978
-11085
-13995
-7920
-7718
-5050
-1027
4050
4388
6283
5191
3234
3581
4903
8617
8958
12056
13879
15206
13803
14437
12976
9880
10752
8123
1321
6410
8676
2517
210
1879
1166
-870
-1130
-3665
-3120
188
169
-1600
-3860
-7425
-7018
-8003
-11420
-12917
-14090
-16130
-19183
-17939
-16367
-21105
-19579
-21727
-21439
-14988
-18594
-11893
-6686
-2895
247
1008
4320
4109
6331
7671
7772
6401
12302
17330
14911
14624
14390
15310
14951
13493
13780
13039
17713
11181
8909
17123
12076
7047
5784
3600
2281
1043
-228
-1354
-959
-119
1788
760
-2361
-3427
-4777
-6508
-12143
-8060
-8965
-11923
-11425
-10702
-10692
-12677
-13424
-18168
-15955
-16421
-14345
-10947
-9239
-6452
1704
4922
4582
6052
7424
9953
9988
8282
8182
9735
9351
11110
12345
12042
10908
9185
9236
9933
5013
520
10455
9298
2785
5220
4817
4583
3689
520
934
563
-1132
-4892
-5900
-8236
-10304
-8069
-6028
-7565
-9765
-8885
-12659
-12541
-15930
-18004
-17418
-16875
-21169
-20747
-14767
-18140
-8602
-4008
-2656
812
7960
9436
4846
6496
6757
7625
10959
14921
16403
17068
18346
17713
16560
14428
11626
12478
13114
11446
1800
4073
14582
7331
5520
6156
3441
4388
721
-1951
-3030
-2618
-1693
2322
2135
-1212
-3211
-7777
-8699
-11027
-11198
-12589
-14236
-13892
-12847
-9379
-9820
-13268
-13175
-9360
-13679
-12594
-9228
-10586
-5010
-2800
-764
3482
7881
9046
7389
8280
9028
11000
12147
12708
13486
13210
12914
13399
13224
8978
8225
3927
-1257
5040
2367
-290
4304
2310
881
680
-938
405
2901
1592
958
-471
-5567
-6216
-7421
-9571
-8600
-11552
-13335
-11473
-12994
-15537
-15711
-14048
-16354
-21415
-19434
-18197
-13995
-6470
-5301
-2857
3633
9216
9257
10446
9254
8819
8010
9452
11228
10219
13392
14273
15346
15642
16196
13665
10596
12117
11644
5204
9371
10757
4958
8585
5205
5298
4358
1021
507
-251
-1972
-2355
836
148
1222
-688
-2837
-6736
-8530
-11101
-12739
-13351
-14763
-19255
-17462
-11982
-13442
-13138
-10314
-11671
-6851
-5546
-2533
1377
1108
4409
6344
6987
6768
6744
4645
6649
5889
6150
6716
6726
9836
11700
12654
11957
13187
13377
6528
5830
5494
-3468
5010
5559
2672
4011
315
1266
-483
-377
-267
1835
802
-1839
-4612
-8599
-10534
-9698
-7564
-10957
-10867
-11736
-14279
-16390
-16989
-18610
-19992
-15939
-19369
-11810
-5775
-6833
-3022
3544
7963
5514
9267
6578
9583
8789
11086
14952
11454
13136
16132
18141
17616
16249
12052
11660
10668
8430
3574
5616
4497
7153
10830
7225
10468
7097
3512
1400
1634
-83
-1406
-2807
-3930
-1593
-1777
-5665
-9403
-7388
-7180
-8991
-11643
-12097
-13582
-16221
-16295
-17922
-17817
-18913
-15944
-10831
-11968
-8291
-6121
-4317
1203
3564
4435
5381
5497
8656
11813
9134
6340
6623
5869
5793
5935
5393
8858
9480
9861
3289
3563
6863
5367
9238
5819
3303
2203
1976
2251
1156
3971
2820
2139
184
-3886
-3784
-8121
-10001
-12311
-12640
-10922
-11832
-11504
-13802
-16101
-16245
-17957
-15625
-11830
-16036
-7616
-4357
-7221
2077
4378
6514
5755
7090
10442
9726
9581
10860
12254
12093
12300
15702
18372
18179
16743
18373
17033
17342
9940
4724
4180
3355
6459
8029
9918
8045
6417
6972
6438
5441
2847
1419
2462
646
-736
-3528
-7940
-8718
-11651
-13829
-15043
-16450
-14866
-13536
-17662
-15482
-15616
-10295
-16782
-16059
-5758
-10043
-4600
-4342
-4449
-2396
-67
405
1843
2835
3443
4217
6449
10184
11946
15022
12295
9973
9974
9400
10406
9355
3838
1466
4542
7639
8474
6062
2629
482
-2713
-2457
-1362
-2283
-3890
-3047
-2650
-2182
-1241
-5061
-8253
-11835
-14815
-17790
-18258
-19443
-20382
-18909
-17703
-17454
-17541
-8167
-15886
-12897
-10200
-8929
6461
3420
4979
6329
7807
9644
9592
10670
11630
12354
13484
13819
14896
16869
17309
19052
18144
17546
18661
17318
7253
9302
12851
12805
11796
7578
9171
8152
6340
2347
352
-169
-471
-813
-1840
-86
-1682
-2722
-4026
-7867
-9022
-11789
-10497
-15447
-18438
-19232
-21796
-20437
-20493
-17310
-16943
-10174
-4627
-3454
-331
71
3512
5165
3215
4627
6119
3537
6114
7329
7290
9182
10552
12515
12290
13086
12622
13742
14992
4472
-1430
2266
5147
4415
2290
1193
-1202
250
-2018
-2873
-2271
-3008
-4949
-6765
-5992
-4984
-4434
-7292
-10078
-15017
-18175
-20480
-19605
-21062
-21030
-16524
-15836
-18221
-15747
-16027
-18502
-12243
-10507
-1829
943
3994
6705
6137
9090
8832
11215
10521
13950
15677
17395
20164
17784
18231
15739
16387
15905
17044
8721
1866
11975
12203
14913
12432
10156
9468
8407
6582
4761
3008
963
2921
306
-1361
-4347
-6830
-9998
-10515
-11897
-13117
-11704
-12269
-12488
-12611
-13824
-14991
-13540
-16971
-12212
-14504
-15827
-10267
-8387
-3518
-2270
-52
2453
6911
9309
11420
12395
13592
13397
14242
13204
12150
13225
11897
14583
12964
13836
3650
-1547
6359
4817
5398
3559
5458
5544
6348
2451
-802
-1567
-4658
-4389
-6738
-7163
-7892
-7570
-7352
-9444
-11108
-13195
-17462
-18936
-20254
-22210
-21882
-21112
-18244
-16466
-20272
-16120
-17144
-18418
-3985
494
3373
6800
7253
7989
9957
8845
10180
11077
11296
10984
9065
12696
15395
16495
16960
22196
21543
18537
8916
6050
13680
10554
11841
7924
3987
2529
5030
6639
2017
1103
16
-94
919
-438
-1500
-3035
-4556
-5891
-10945
-14653
-16665
-16567
-18601
-16449
-13497
-13095
-13833
-14950
-13942
-10672
-10712
-8599
-4835
-4224
3215
5779
5110
1820
5026
4553
3489
7037
12173
14336
13152
14686
16795
17991
18454
19144
7515
6250
4297
2516
7606
4684
5925
2425
3180
4004
4243
1677
-1666
-2620
-5565
-6272
-7965
-8561
-10624
-12502
-12020
-14455
-14824
-13782
-15752
-14380
-15985
-17457
-15329
-14132
-16036
-14581
-11359
-9933
-10248
-3473
-2405
-3711
4528
840
1590
5903
8914
12323
14948
14929
13196
14109
14243
13981
15046
15773
15899
12116
7121
16057
3595
2176
9221
5578
9614
6471
6961
5934
4639
487
-2165
-3034
-4710
-5810
-6187
-7982
-3924
-1379
-4866
-4954
-7813
-12157
-13010
-13701
-14526
-15046
-14819
-15152
-15814
-15935
-16088
-13100
-16060
-9115
-5692
378
7264
3609
6798
7482
5951
5072
6888
7275
9735
9492
11658
14210
15812
17449
11861
10680
13437
12541
3693
4235
5776
4143
5517
241
555
2828
3344
3148
967
-687
-972
-891
-2742
-3807
-3479
-6065
-8484
-11819
-13811
-14966
-14805
-15779
-14024
-11861
-12813
-12149
-10054
-13944
-12605
-6622
-9203
20
1914
2893
8474
6795
10045
7647
11348
13615
14707
15508
16125
17077
19217
19619
21221
18630
14806
13256
11880
8447
399
5221
4729
4201
6201
3149
5381
2989
1480
2711
822
-713
-1360
-3472
-6258
-5643
-4337
-7972
-9308
-10172
-11949
-14893
-13616
-12074
-14127
-13290
-14305
-14253
-16851
-16935
-13922
-13110
-14636
-7960
-7001
-2090
2323
960
985
2996
8073
10951
12229
10875
11222
11989
14047
13121
10465
4413
9692
11160
8718
5444
-2436
3402
5962
8978
6997
4989
4900
3170
2669
-2090
-5803
-6013
-6599
-7953
-4752
-3509
-4186
-5564
-7872
-12682
-13600
-17697
-17654
-18507
-13748
-12880
-15550
-13439
-16894
-13007
-4497
-6114
-7993
3515
2138
5944
9422
5011
7677
8787
9183
8640
10152
11612
13789
13594
14458
15351
13275
9791
12564
11885
12773
7016
896
7057
6123
7036
5421
3026
-2
5
-376
-2458
-1093
61
1995
1912
693
-1352
-2282
-3966
-7081
-11746
-13545
-14821
-14670
-16320
-19434
-20899
-19622
-18319
-14191
-10453
-7988
-9388
-6856
-3884
-3364
1026
-2565
369
1687
2254
3561
4194
6976
7111
9405
10074
11798
8347
10436
12522
14349
14382
12509
5437
1828
7653
7287
8961
5816
2902
6015
5332
3575
1008
-2432
-2143
-1068
-3238
-3518
-5191
-6875
-10195
-13389
-14216
-14123
-13492
-11160
-10760
-10850
-12338
-11870
-8193
-10921
-11051
-9725
-12819
-5010
1849
3108
8352
6756
7872
9840
9633
10144
13900
17254
14641
15497
17712
14176
10233
11662
15914
15181
14192
12013
1982
6119
10991
10080
11791
7794
4185
1827
265
-647
991
-554
-3130
-4888
-6404
-5805
-5998
-6397
-5462
-6087
-8155
-9211
-13058
-14130
-15067
-16996
-18657
-18569
-14899
-17054
-12741
-12619
-12810
-6223
-9146
-4831
-2206
115
3152
1113
3201
4666
7969
9667
13400
15152
12426
7578
11418
12430
10462
9181
7381
6026
-264
7929
10185
8693
8700
3663
1967
118
-119
-2003
-3920
-3830
-5291
-5421
-6572
-9105
-10214
-10728
-11833
-14628
-17996
-15289
-14505
-16977
-14305
-18168
-13370
-10088
-9928
-9035
-5735
-6323
-6045
2510
1705
5591
6765
4688
7814
8824
11199
11830
10631
13565
13457
16085
15072
16230
16799
13257
16555
12622
17088
13317
7258
11750
8063
9059
8649
6847
6423
5799
5890
3134
2851
1065
464
-947
-5142
-6875
-8390
-9085
-11556
-12154
-15525
-15180
-14514
-13678
-14366
-14666
-13872
-13256
-12984
-13711
-9561
-13412
-9112
-5634
-6911
288
4613
6755
6440
6053
5915
6357
7204
10435
11811
11322
13206
15932
16583
14786
11887
10590
13753
7729
5009
8496
6376
4916
2855
1207
608
-1920
-4915
-3177
-3454
-4307
-5049
-7861
-10812
-12501
-13664
-15137
-16113
-15474
-14024
-12853
-14869
-18577
-17023
-11901
-14689
-13976
-11971
-10773
-11374
-11145
-3011
-3305
3312
9656
9405
10513
8654
10289
11413
16187
18539
18055
15541
14500
17281
18103
14861
13055
12707
12358
14538
7366
8577
8811
4729
7759
5737
3461
1093
-1217
-2964
-3690
-3705
-4387
-5707
-3731
-4605
-5086
-7631
-10931
-13018
-14960
-14716
-17296
-16648
-14768
-14595
-14439
-13845
-10750
-10985
-9222
-11824
-9946
-2268
-213
2930
4310
5335
4922
4764
7395
7974
11578
15464
11114
13435
16845
15702
16966
15162
11231
8788
9836
7996
4174
8716
8017
8120
6537
3777
2379
-578
-1753
-1978
-1739
-3114
-5284
-8534
-11582
-12379
-12215
-12730
-12299
-9730
-8513
-12461
-16566
-12913
-8793
-11644
-14551
-13118
-9057
-6798
-2778
-8125
-1878
5288
4638
9211
7110
7198
9424
10911
10544
15909
18443
14667
11481
15447
16659
14368
14485
12459
11301
11946
12885
5593
-454
3455
5433
6286
7257
456
-2664
-3148
-4753
-4835
-4927
-5819
-10036
-9769
-10138
-10939
-10507
-13268
-14553
-15773
-17414
-16454
-17548
-17808
-18492
-15205
-15434
-15347
-15373
-13482
-11922
-15574
-4224
-3883
-1562
1993
1591
4422
6479
9232
8798
8191
3557
9301
13428
14465
11323
11189
11316
8924
11947
10376
10479
4764
4127
8793
3571
221
-1461
-5428
-2809
-2233
-3652
-3111
-3726
-5389
-6844
-7019
-9637
-8385
-10517
-11729
-7206
-7441
-9679
-10644
-5858
-5745
-7607
-6058
-7626
-3747
-2833
818
245
-3484
6253
6288
9502
12274
11721
12806
14841
15615
15714
14501
12442
16896
17942
19704
18105
17579
17122
16002
12740
10978
8051
1800
6496
7160
3358
3804
843
-3154
-3852
-3511
-2698
-3379
-3781
-4708
-6811
-6616
-4842
-6036
-12050
-12443
-13320
-16865
-15284
-14052
-13738
-15384
-16852
-15720
-13370
-11001
-11114
-4070
-9369
-7662
-534
-3320
2279
4106
7212
6690
5671
7402
2277
4429
12024
13400
14954
11819
9941
11509
9514
8362
7179
6245
2625
-2238
3025
1999
-509
-472
-5593
-6796
-7593
-9533
-10681
-11342
-10785
-9317
-11033
-11543
-7680
-7567
-6120
-4991
-7949
-9737
-2977
-3022
-6611
-7584
-9206
-9764
-10637
-8127
-7540
-2744
-7399
-739
2382
2657
12630
10382
13033
12726
15677
10477
9776
14970
15135
16600
16222
16567
16846
16816
11979
12056
10406
12416
7108
2738
7429
3704
4687
2968
-1325
-3024
-5196
-2252
-874
-1082
-1095
-2072
-8784
-7352
-6640
-8060
-8821
-9635
-5762
-8692
-10992
-12078
-14979
-14946
-15900
-17671
-12083
-8559
-5564
-6245
-10348
-2508
-3750
1131
2258
181
5644
8387
6390
6044
9846
9014
9981
7158
7533
6939
6607
7318
6141
5680
6157
7991
-933
-1765
-1145
-1596
-2003
-5048
-6761
-6669
-4090
-5352
-6576
-11293
-8614
-6746
-3400
-3397
-5372
-6570
-11785
-3177
-5045
-8052
-7002
-6670
-5210
-6980
-6818
-7925
-3755
-6199
-2329
-5068
-5879
1593
-1536
3210
6654
9471
11250
8027
5005
8748
10879
13160
15276
12655
13692
14297
16407
14072
13401
12056
11615
9863
2147
6523
5676
3965
3267
2068
2411
1009
1104
66
-1023
-1146
209
-4158
-5880
-5759
-4726
-5527
-5351
-4897
-6351
-5240
-8100
-7865
-9080
-11499
-13714
-12148
-7365
-7280
-3367
-6871
-2246
1470
2114
3698
4023
7222
2627
2196
6364
8752
10726
12240
11380
9089
7939
5591
5255
4953
6678
7136
8197
2941
-3932
-544
-1286
-2667
-3280
-7020
-8627
-8294
-5973
-9126
-9486
-6207
-1080
607
-4837
-5480
-4249
-2402
-5479
-4938
-6803
-6619
-8744
-8776
-8719
-11905
-9763
-12874
-7543
-8397
-6572
-8852
-5830
857
-278
5154
5750
3528
888
4482
7660
10338
10471
8152
6997
8445
10021
10628
11638
7232
9352
8208
7221
4517
-3737
820
-1781
-860
2162
-3299
-2205
-2453
-1516
-63
-3186
-4320
-1993
-3507
-4526
-6302
-9370
-10551
-8723
-7196
-8344
-9024
-10501
-13831
-14860
-11444
-11874
-12004
-8450
-4751
-3130
-8299
-3154
884
855
5422
2378
2309
5471
9505
8553
10673
10760
9601
12957
12420
12630
12748
10768
9690
7612
4234
7954
6006
3352
6006
3614
3968
939
-2273
-2109
-5260
-3791
-5104
-867
2614
-3038
-6221
-261
5445
3180
1201
-1086
-1300
-494
-1153
-4197
-5464
-6404
-8697
-6840
-9894
-7717
-3658
-2545
-8404
-6054
-427
1865
7197
2932
2849
4953
8752
9275
6078
7288
9918
10429
11438
9739
9661
12535
13373
14764
13641
11822
6831
-27
1604
1296
-641
83
-2150
-1043
1220
1193
-2529
-6302
-5823
-6217
-7004
-8173
-8676
-7402
-5940
-5435
-5829
-8417
-9849
-11170
-13310
-15385
-17179
-16284
-16615
-14819
-10813
-6460
-9254
-8527
-2466
-2471
-2125
2494
6051
3370
4853
3846
4701
6379
6602
8834
10094
10149
8189
7722
6324
6172
3823
4686
982
-4361
-3863
-5513
-1259
-853
-2919
-4849
-6751
-2904
-1011
-2208
-3772
32
3464
3124
-404
-1133
-1417
-2884
-1596
-4673
-7286
-5141
-4179
-4776
-6057
-6789
-6653
-6391
-2327
-2364
-2368
636
3282
2672
2419
6592
9305
10656
10154
11115
13273
12960
11838
10622
10070
11846
10976
10077
13382
12901
11740
11941
4337
-1259
1878
2167
3401
2724
1394
1922
425
665
97
-2921
-4331
-6262
-8825
-7957
-8633
-9199
-7011
-4946
-5376
-6972
-9337
-10714
-10644
-12200
-12621
-14133
-13157
-10384
-6662
-5498
-6729
1400
-2531
-1529
2784
-476
4197
5376
5154
5071
7223
7769
7348
7709
8415
8994
9494
9405
7240
4812
3551
4116
-4887
-7230
-2339
-6122
-4677
-3474
-834
2336
1442
-2730
-4739
-357
3478
-1826
-5610
-4223
-1582
463
-2746
-5046
-5429
-5212
-7312
-8093
-7662
-9070
-7918
-8986
-8833
-6925
-3684
-6059
-8434
-3004
-5628
2866
5430
2846
4659
5714
10615
10673
10933
10106
9034
9745
9812
10193
11544
10831
9893
8042
8221
9682
4590
-1597
-663
-2106
-1654
-2942
-4911
-4364
-2727
435
-2653
-3336
-4511
-5887
-5100
-5380
-4111
-5129
-6863
-7971
-6862
-7322
-10058
-11092
-12510
-14151
-11317
-14427
-14659
-10056
-5160
-291
-8749
-8777
-2280
1444
3536
2909
5688
5947
6930
7902
8973
7881
7817
10410
10479
11918
10844
9559
8090
8301
7714
6577
1462
-1660
-84
-745
3073
1097
2040
690
-3515
1523
1517
-585
755
2020
819
343
3707
3368
2046
-1016
-1230
-1858
-3634
-4318
-6119
-4334
-5842
-5160
-5732
-5745
-2314
754
-6552
-8825
-1779
-2233
4508
4915
3708
4513
5356
8235
7087
8894
8556
8282
8240
7633
7346
8643
8093
7716
4528
6176
2225
-7591
-3992
-3440
-1005
-3380
-3235
-1269
-3169
-2587
-6100
-6030
-2347
-2620
-2454
-1620
-4100
-4481
-2562
-3385
-6638
-10821
-11547
-6565
-7067
-8892
-10564
-10877
-10581
-9250
-7521
-7028
-11473
-7692
395
285
5687
3322
3052
3228
3161
3396
3047
5227
6211
7376
9141
10719
7425
8285
4635
302
-3617
-2336
-712
-7607
-3099
2513
4736
5935
-608
-2352
1676
1802
2526
913
-397
662
3232
3347
2373
2463
1523
1024
727
-1333
-3120
-3218
-5334
-7044
-8244
-8874
-7625
-3096
-7240
-6893
-5218
-7277
-1969
-2479
-798
1038
1366
5653
8513
9070
9600
8638
7873
6930
7908
8067
5836
5478
4528
5629
5383
5404
5212
-946
-1516
1761
-1734
1360
803
-1714
1023
739
3214
2602
523
524
1105
-608
-3019
-3588
-4437
-5499
-5530
-4696
-5403
-5159
-6373
-6517
-8834
-11162
-11682
-12809
-12116
-8918
-7891
-10691
-5142
-6101
-314
5677
3962
4060
2586
1647
873
2341
930
2699
1442
3803
2004
2249
4370
-97
63
460
-380
-1999
-3007
-334
512
7042
8847
6376
5540
2761
5468
3159
2012
4557
5084
3034
1808
3659
3079
3394
3338
1525
-1965
-5058
-7431
-6975
-7480
-6394
-6710
-7970
-6077
-2133
-2819
-9377
-4333
-3009
-2319
2491
1015
2477
2645
3525
4609
6806
8949
8250
9786
10202
9266
8750
7342
4486
6886
6709
7176
3272
-711
4194
2259
4592
3570
1165
1375
978
4587
4526
4201
3760
1096
-3101
-3012
-4496
-4500
-5137
-4548
-2134
-3165
-3610
-5339
-3981
-8414
-12028
-16696
-15973
-11884
-9408
-7457
-13398
-6695
-6808
-7240
-1292
-1530
-1052
516
-706
-1592
1049
152
622
1982
2292
642
-1476
2831
6313
5593
3322
4650
-1312
-2827
8481
5087
1727
6833
7509
5627
2014
2121
2649
2731
2876
1117
4112
4770
6482
4913
2652
2888
-81
-1160
-2976
-4588
-5402
-4431
-8477
-9748
-8283
-7521
-3918
-7495
-11560
-9072
-4296
-3151
-3099
-2097
1822
1720
4068
5059
4320
6282
7282
8931
6630
5117
4547
4519
4280
4235
6289
10394
6054
2090
7830
2882
1086
2700
-30
1843
465
1352
1432
352
2390
1856
-304
-3055
-4359
-4019
-3972
-5328
-6156
-6755
-5556
-4036
-7184
-12013
-11755
-14555
-14845
-17908
-14382
-11721
-16723
-8498
-5970
-3045
1487
36
1288
776
-487
38
303
555
357
1569
1830
4878
9715
8581
8091
8454
8197
14345
7518
1354
7680
5113
11212
11074
7200
9354
8282
10714
8917
5188
2003
-139
-103
-723
301
-425
631
1403
1044
-956
-2389
-5368
-10310
-10586
-8708
-10293
-12141
-12067
-10304
-4722
-7599
-5892
-3286
-4491
-1852
-1080
-857
1554
4196
3356
6341
7830
8381
11651
9848
9693
9873
9364
9355
9325
8162
9526
6642
1803
5886
5314
5362
5236
4276
3017
2084
1121
1245
1044
206
-387
-1977
-3502
-3908
-3970
-7318
-6375
-8210
-7272
-7512
-9495
-7607
-9135
-12456
-14424
-17318
-19056
-15445
-8475
-11677
-12441
-8368
-10147
-3574
-3281
-2554
-866
-791
1047
-911
-821
1521
7640
7655
7278
3095
7117
12196
12006
13783
12336
9105
1970
5239
6883
7034
9444
9242
9650
8392
5745
5239
4681
3119
2604
1154
-841
-716
261
321
-7
409
203
-5810
-7030
-7225
-11157
-12579
-12394
-10993
-12655
-11942
-6533
-5611
-9586
-6590
-5780
-4468
306
1322
5763
5614
6835
7569
7550
8893
7772
8387
8438
8320
11823
12376
12756
11578
11013
10102
-317
92
1808
704
2391
1065
-261
-1588
927
2057
2783
2199
1194
695
-46
-4472
-6298
-5975
-5087
-4362
-9193
-11752
-8337
-9806
-10469
-12147
-15625
-16936
-17406
-17927
-14663
-11170
-16774
-9065
-8127
-5837
-3229
-5992
-1466
-1607
1307
1963
7514
9052
7222
5099
14446
18886
13100
16012
14829
15067
13495
13425
6122
4658
7215
5688
8170
6172
4212
3285
4787
5480
4558
2694
834
-1555
-2500
-1728
3
795
1304
708
-5157
-3507
-5989
-10441
-10144
-11675
-10628
-10275
-9335
-8442
-8130
-3650
-9191
-6367
-3802
-6286
-475
521
4372
5619
6358
6080
5820
6246
6355
8394
10799
13121
13903
11368
8656
9341
8799
10757
6321
246
4426
2306
748
9
-422
-789
-1185
-510
-3556
-3449
-3178
-3725
-5190
-2504
-1978
-3600
-7503
-10807
-7545
-8036
-8733
-10593
-12248
-13513
-13587
-10832
-11471
-13620
-15574
-13803
-17161
-15613
-10283
-11720
-4152
171
3368
5070
54
1975
7289
10732
9802
9841
11469
12426
11144
11529
10950
9658
12265
12354
6454
-1609
2307
1864
2029
4914
3030
4210
5347
5269
3478
508
-876
-1117
-1323
-904
-1989
-2770
-7393
-5916
-3433
-5931
-6770
-10181
-12027
-11465
-12866
-10632
-11455
-10598
-10892
-8974
-8532
-12029
-1288
-3084
-302
4562
2886
5377
5459
7748
8677
10183
10668
9870
9121
7645
5881
6138
5093
8477
8385
7290
8341
-957
1709
4520
3663
4449
1962
4764
3008
845
4405
3193
1083
3338
2032
3379
-496
-5106
-1300
-2188
-3585
-6528
-9257
-8741
-8710
-9328
-11013
-11573
-14220
-15390
-15664
-12855
-14350
-14023
-3839
-1285
426
25
-686
7190
10260
9561
11262
12331
12092
12935
13900
13511
13371
12410
12982
11620
9433
7408
5994
-596
-193
3623
3453
5148
3353
4363
2450
966
1531
41
623
763
-354
-384
-1234
944
2314
1236
-2071
-5604
-7365
-8195
-10963
-14076
-14437
-15578
-14883
-13853
-12288
-8092
-7764
-11151
-4270
-6434
-5620
-488
-426
3507
2002
2641
3818
5690
6587
5508
3805
5640
6491
7018
6803
3653
4300
4877
4026
-3840
-1572
1603
-156
1605
1260
-299
-1028
416
-165
2439
2158
3903
768
-3012
1478
197
-1509
-5643
-10906
-10335
-9794
-8242
-9374
-12397
-13413
-15715
-14933
-14362
-13984
-9617
-7485
-10780
-8748
-242
4903
4985
6096
7803
7845
7449
8724
10775
12901
14424
14565
14605
13267
17245
14071
13513
14861
11686
10229
2569
6523
9010
7203
8044
8146
8455
8965
7204
7281
7153
7653
4988
-1134
142
-170
-479
-3164
-3523
-3095
-3951
-5653
-6508
-7643
-10100
-10920
-12030
-12659
-16124
-14064
-14424
-9811
-12444
-10373
-5813
-7581
-1742
-910
391
259
2741
3260
3734
3090
4108
4531
5227
5315
5838
7461
5759
5490
5286
6988
271
2860
4862
3079
3763
1018
687
254
-369
-67
1070
-5821
-4010
-1746
-3359
-4209
-6812
-7019
-7489
-7241
-10451
-12670
-15564
-13990
-15087
-16535
-14513
-15941
-15057
-16685
-10798
-2583
-7616
-12042
-1820
2352
2984
4716
3589
4909
6626
9396
10315
11015
12507
11788
13785
15242
13180
12051
11336
9886
10411
11914
8299
7767
10263
8522
9579
8422
6246
5154
5613
6554
3288
-471
1745
2760
765
758
165
-1282
-2689
-3483
-4737
-4281
-5808
-6765
-7678
-10338
-11619
-11428
-12791
-12870
-11914
-9183
-7635
-8482
-3637
-2577
-2142
1825
3385
3824
4680
3463
3924
5905
7256
7236
6107
5419
5310
7076
5568
6072
7114
10757
6458
-856
3141
3168
1404
2215
2633
2927
4475
-333
-831
-289
-3433
-1546
-4049
-6213
-7918
-10518
-9793
-11589
-12351
-11491
-10095
-9867
-11940
-10153
-8314
-7536
-9019
-11058
-11299
-8335
-6699
-10093
-2623
1447
3013
8658
5394
6493
5872
5453
7708
7953
10002
11128
11834
10345
9823
10986
12023
13815
13244
13147
10174
3583
5448
5623
4149
7564
6339
5257
2731
1312
3384
3327
2356
-456
-1744
-1287
-738
-2529
-3881
-4373
-5856
-6501
-10008
-10081
-9962
-9911
-9960
-11945
-13328
-13605
-11189
-8869
-4577
-9414
-7784
-1647
-4552
-799
-1393
-489
2256
3302
6850
8285
8427
9803
9887
10357
9269
9603
7813
7260
8100
8126
7503
-839
2780
4655
4335
7155
1641
-5564
-4376
-1845
-3182
-2427
-6072
-6796
-6143
-6833
-6314
-6563
-6159
-3624
-6438
-9317
-6441
-5694
-3671
-6295
-6680
-8362
-8576
-7727
-9742
-9369
-5732
-7066
-5787
359
-744
2127
2614
4539
6316
8285
10426
9590
9914
9729
8656
9613
11375
9907
10018
8071
9382
10502
11391
3799
-33
5723
4955
6072
39
125
3487
2104
2434
-857
-3010
-5105
-5353
-2630
-1773
-1844
-2005
-5191
-4361
-4505
-3285
-5406
-8298
-8439
-11025
-10579
-12012
-11459
-10894
-11171
-8146
-4837
-8532
-4643
-4535
-5881
785
-77
2654
3404
4502
6714
7725
9007
8251
7527
8290
5768
5864
5870
9257
11195
10899
6852
-1204
7036
22
-4923
-1232
-3244
-878
-2231
-2482
-3399
-2373
-317
-137
1149
-238
-4938
-319
1355
-2181
-1641
-2096
-2674
-3299
-2512
-2387
-3853
-3864
-3528
-3953
-5258
-6403
-3006
-9478
-8006
-2273
-2907
2204
2276
2464
2904
3260
4090
7024
8654
10973
10852
11939
13268
12882
12166
11069
9229
7410
7104
-211
200
-1698
444
3289
-906
771
-1298
-1856
-2059
-2733
-2944
-2468
-2910
-3722
-3321
-2615
-3233
-2757
-3419
-4280
-5793
-7649
-8396
-11367
-12476
-14075
-13365
-13793
-11850
-14173
-9699
-12002
-13914
-4286
-7761
-2870
-1444
-2010
597
809
932
1842
3235
6998
9822
10083
9456
8714
7669
3655
5655
2681
6105
-3728
-6886
3546
1328
3747
-1654
-2374
766
769
3759
4199
1851
2940
7091
7910
5143
6929
5042
4041
4823
3016
3015
248
190
-1985
-2305
-3406
-4849
-5231
-6393
-5944
-6236
-2894
-7715
-3890
-265
-952
4815
2018
3305
2946
3958
5463
6554
6658
6785
10436
8164
6281
2641
5881
91
1479
-1479
-1909
-562
-396
1611
1115
-2201
-8231
-5050
-5624
-5942
-4914
-5867
-6097
-7487
-12748
-16906
-17279
-18601
-17956
-20609
-15925
-7893
-10956
-7290
-8544
-6340
-1386
-1543
5494
5221
5548
8264
8747
10571
14384
12954
12601
11942
11775
17122
15386
14630
15431
12800
15258
18578
12942
14782
6244
-263
6304
3932
5377
5377
7924
7341
8313
9258
4941
-1140
-723
369
459
600
-2120
-2873
-3880
-6110
-10061
-13039
-15999
-15984
-11999
-14441
-14494
-11607
-11366
-9284
-13474
-14482
-10597
-7496
-4883
-2073
1850
6028
8520
8360
7029
2680
1055
3551
4622
7701
9755
10996
13028
11955
13502
13058
12147
5567
-2573
-1724
-239
836
1340
-1525
567
4621
7261
2612
-5966
-7735
-6324
-7131
-8168
-9546
-11900
-12726
-13300
-15544
-15880
-17704
-20669
-18359
-16186
-15955
-16299
-17428
-13702
-4119
-9366
-7844
-1212
-1737
2179
3078
6447
10624
13813
10950
11887
10554
10129
10759
9584
9370
9527
9246
14637
16577
16068
15993
9694
6110
236
2488
4635
6421
9135
5541
7649
8012
5282
-4552
-4896
-2129
-105
86
-2365
-2573
-3592
-5736
-5764
-9858
-14177
-13445
-13271
-12112
-14479
-16799
-14726
-12573
-8425
-5579
-7448
-5377
-298
1031
3895
2341
3633
5866
4065
4470
7555
8511
9161
11656
12072
13027
12597
13109
14057
12436
12944
11859
11783
7407
1691
4910
6816
6159
5626
5534
3600
2441
-5077
-7444
-5506
-8429
-7858
-5683
-4960
-5214
-8732
-9799
-14287
-16914
-17025
-14848
-14535
-16383
-11614
-9263
-4448
711
-2388
-11792
-5412
-1975
-2973
1361
3343
7070
11932
12719
11496
13110
9489
8739
9689
9391
9966
8783
9267
9827
9510
8817
10002
9218
11853
6767
4134
7364
7182
6669
5492
3948
-753
-4111
-5438
-901
-969
-698
-3195
-6338
-8435
-9642
-8360
-11362
-12588
-13773
-12970
-13335
-15532
-15631
-17640
-17757
-15818
-13115
-10764
-10658
-10675
-6180
-4516
-1337
5472
2829
1978
3687
8061
8179
9956
10469
9076
11338
9528
12617
14777
12082
12588
11916
11087
8169
7326
-735
1297
6234
4014
6038
3267
4197
-18
-1724
-702
-5354
-6949
-9386
-6912
-7654
-6975
-6391
-9382
-8987
-6953
-4628
-7099
-13598
-13582
-11465
-3404
-5725
-2089
-1448
-5702
-6150
-2821
4719
5408
8301
8115
11516
10108
6810
6561
6993
9444
8101
14429
12468
12977
15349
13099
14439
13547
8689
7386
6920
3939
-4372
929
1904
388
1247
-848
-3003
-2513
-1166
-2966
-4386
-6613
-5072
-4782
-7333
-9070
-6688
-5355
-7161
-11536
-13401
-12731
-11065
-9602
-12693
-13779
-15471
-13789
-8354
-5508
-10927
-3713
580
1232
5490
4987
6681
7367
4561
2675
5925
4215
6352
6855
6244
12767
11960
11751
10349
9470
7339
4233
3149
-2257
-6656
-2911
1009
2389
1502
-208
-2298
-6522
-6620
-8015
-7606
-7542
-8870
-9077
-11935
-11761
-11126
-9832
-5024
-7193
-7717
-7767
-3950
-2283
-6312
-8160
-9215
-6361
-3301
-3276
-1434
4880
3621
7428
11636
8979
9400
8999
10376
11497
6623
7825
8234
5674
8925
8406
9256
10633
9509
8000
8967
9767
9207
1896
-993
1036
4670
6669
3196
2429
-2537
-2905
-3381
-4249
-2800
-626
-1074
-2566
-1259
-649
-1828
-4389
-8236
-11137
-5912
-8071
-8234
-6936
-7648
-7870
-8549
-5653
-3907
-10407
-8393
-1815
-2398
1527
2670
3295
5373
5378
8234
8666
8524
7390
4831
6666
11799
9736
10761
9089
8028
9474
7493
5903
1547
-895
-1338
2175
1750
1073
227
-2158
-5271
-6099
-5316
-4172
-3912
-7998
-7824
-5276
-5076
-4159
-4323
-10246
-9202
-4201
-3513
-7305
-8234
-6770
-7459
-9068
-6214
-3221
-5581
-7330
-4360
-120
1142
3045
5501
6281
7043
7949
8018
7544
7688
7234
3180
6080
6274
5336
5950
6275
9747
9470
7840
6197
4603
-448
2528
5726
2796
433
-5627
-4247
-1225
-1324
735
2257
887
1345
360
904
-21
-2885
-4820
-7087
-7933
-9760
-7582
-4834
-5825
-5842
-6930
-7940
-8439
-10208
-9020
-12030
-9865
-7480
-3797
877
1731
4407
3493
5427
5405
3216
4135
2181
914
7680
9835
7374
7974
8461
9267
9558
9849
8075
7265
-570
-1139
2084
454
-1057
-8154
-4189
-1071
-1273
-1521
-2706
-4447
-7713
-4649
-2346
-237
-3470
-3749
-987
-3119
-3970
-6891
-7290
-6512
-4993
-4370
-10318
-9794
-7255
-5677
-8793
-6851
-1079
-2822
778
3697
1233
4567
5261
3429
6286
3230
3932
11508
10599
10527
11873
7789
6652
6117
6166
6890
8421
8378
948
7608
7899
5275
2944
-5541
-2290
-3527
-1986
-3736
-5295
-6
1321
1715
-501
977
-47
-1861
-1866
-5234
-5760
-6696
-6720
-7487
-8647
-8068
-9052
-10316
-8171
-6159
-12215
-7766
-8726
-10529
-3820
-3891
-3934
-1105
879
5223
6819
2507
6064
10025
9529
6335
4046
2804
3614
4124
5200
8614
9296
6230
3800
3181
4120
1228
-4134
-6367
-5537
-3043
-4633
-6315
-4978
-3403
1583
567
-2038
-1399
4271
473
-4545
-2760
-1354
-2841
-5083
-6996
-6479
-10250
-9301
-4593
-2318
-5662
-8308
213
2340
4012
4589
3514
1181
948
1882
4536
5101
7442
12723
11060
10860
9725
10775
11687
11742
11540
11414
11740
13149
6675
3234
9054
6503
2757
-661
3583
3356
1984
4070
-477
1559
2983
15
-1831
-5020
-3582
-1427
-1580
-1203
-3069
-4874
-5965
-7602
-11432
-10218
-10495
-11502
-9028
-8169
-8572
-13038
-5556
-3714
-1928
-10
415
1861
1108
2199
1384
3290
3763
6577
6730
6321
6730
7107
8590
6996
3325
3870
4601
5702
2763
-4302
3768
3532
-1130
-244
-5302
-5444
-4602
-1874
-2538
-2134
-2684
-4216
3709
3923
-2096
-2476
-4461
-4825
-3862
-6467
-6325
-9167
-11605
-11601
-13647
-11596
-10583
-9256
-11495
-7234
-943
-3268
398
-1914
-1024
294
2702
3001
1311
3304
4718
7746
7704
8842
6280
6914
7371
8960
8611
8301
6757
7227
7161
-2408
2103
-3295
-1261
-397
-3482
-88
-1290
3031
1287
-645
13
2116
1341
414
1141
70
-411
-2530
-4204
-5141
-7975
-8146
-10023
-11900
-11757
-9136
-8095
-7151
-7007
-11571
-3606
-4559
-2966
2895
-26
5781
6359
3771
1801
3277
3682
6715
6810
7347
9595
9574
7754
8035
9252
8150
11909
8910
7873
-2428
-3640
-6993
-8534
-507
689
5391
2620
3869
2159
4676
9277
5723
4824
2001
-78
-2464
-3176
472
-596
-5734
-6001
-6721
-11378
-11369
-11603
-11086
-10952
-7926
-9863
-10093
-3186
-5079
-1009
-326
938
2216
2095
571
1169
3817
5226
5291
7408
9474
10618
11488
11210
10571
7570
9330
7503
5611
1722
-2992
-4578
-4665
1338
3370
591
-342
-293
-3266
-3605
-1960
-2618
-4809
-3936
-3801
-3692
-4232
-4806
-2857
-2565
-4718
-6162
-11776
-15507
-14941
-18825
-16017
-12037
-8000
-8903
-10994
-5394
-2415
835
3716
5916
4111
2265
1361
3940
8166
7458
7741
8967
7113
6968
9744
10588
10178
9010
8212
8327
8090
-181
-2922
-4136
-3443
4502
3191
2029
1848
2714
6727
11279
8204
5651
4252
3309
7100
6810
4593
2695
-421
-4231
-6924
-6411
-6841
-7481
-6999
-6538
-6303
-6404
-6600
-6616
-10663
-5809
-3483
-1130
4313
4010
6592
3442
5146
7406
7233
6623
6349
7543
7955
9262
7047
4871
6366
9964
9348
9970
5003
-1313
-8997
-5740
-2470
-4428
-1802
-4533
-3839
-3314
-980
1243
2252
1005
-1474
-1482
-3994
-3417
-4980
-6852
-7423
-10109
-8114
-7794
-7456
-9947
-9568
-12361
-14989
-13861
-10559
-7725
-13621
-4218
-7072
-4444
302
-729
5170
1273
875
2489
4501
3205
4277
4113
5774
5197
5482
4303
2172
2586
4552
7155
4912
-1889
-8364
447
4210
6413
5364
4088
10637
9372
6628
10183
8078
6237
6301
7094
8057
5380
4522
5031
4211
1784
1154
-2680
-4379
-7400
-6920
-8921
-6174
-8875
-4290
-9346
-12042
-3831
-5419
3421
-197
-1574
559
3035
4714
6565
1671
1469
3308
3467
5784
5443
6086
6628
10177
9694
8256
7968
6987
-8175
-5444
2779
2121
7367
3672
4780
3962
5644
1254
-1560
2458
4411
4289
4103
2936
-2430
-2439
-4592
-5898
-7387
-10184
-10227
-11246
-10874
-10121
-14064
-9419
-8909
-7893
-11939
-13814
-7009
-9304
-2656
-1482
-4374
-3496
-4963
-1262
40
-804
2480
3853
2616
3145
3386
1722
258
-258
-421
425
2165
-1483
-3167
6816
5755
-1095
3633
10390
3588
-130
3612
4657
8051
5700
5159
6000
5943
6611
2640
1661
-394
-3726
-3099
-7480
-9241
-10534
-11468
-16826
-14631
-9795
-9284
-11280
-12919
-7355
-5811
-2450
-1454
-2568
-2746
-1443
2525
4402
4934
6811
8009
8619
9012
6617
7005
8613
9440
10156
12061
11760
10698
918
-1679
6581
6109
8973
8466
4355
7056
6281
7571
6519
4153
4614
3390
4703
3371
2801
861
-189
-1969
-3847
-4949
-6618
-8352
-10059
-10978
-13020
-11365
-11839
-9618
-10979
-9743
-3930
-5368
-1861
-8
-204
-228
-659
-1047
-345
178
1037
968
520
3180
5620
5480
4978
4640
3440
6069
6555
8362
1548
-5401
2719
9692
10479
8304
6904
5910
4423
4165
6582
5816
3584
3783
4277
3483
2279
157
-2770
-2659
-5750
-7500
-10396
-11407
-11737
-13252
-16874
-15449
-9769
-13410
-17116
-12605
-7556
-6146
-3497
-4105
-1814
-440
-764
2669
1216
1521
3887
5357
5460
6893
10120
9582
9980
7593
5893
7225
7389
7658
1681
2378
7215
7268
7054
6263
7860
7433
3285
4589
4722
4215
2932
364
-220
681
344
-2288
-5624
-5233
-5019
-6134
-8288
-13092
-15016
-17473
-16995
-16144
-7832
-12887
-17488
-11406
-11697
-6975
-3713
-3295
-3894
-1914
-3154
-1521
-1478
-1961
1967
-478
526
2048
4040
5258
4739
5174
4041
7389
11299
7880
-5276
-366
11450
10622
9485
6779
8747
9247
8726
7808
8157
6535
5699
6282
4114
3372
2256
530
-1106
57
-3707
-7315
-9469
-8453
-9239
-11593
-14771
-14600
-6292
-11404
-9855
-9864
-11297
-5830
-334
1758
-488
2830
4235
4835
5129
7774
8434
8409
11268
10274
9767
11167
11522
11478
13175
13767
13212
7416
923
7017
8660
4346
4001
2497
4673
7964
7415
6620
4785
4327
3164
-1576
-3832
-5463
-4860
-4338
-5538
-6902
-9366
-13226
-14918
-15687
-13913
-15680
-20379
-18422
-14000
-13053
-16627
-12569
-10265
-7505
-4421
-2551
-1793
-2939
-1130
-1942
-591
-277
-52
1150
2718
1412
1698
5882
6531
6138
8489
9342
9764
3562
-1856
8299
8353
6038
10299
10179
11701
11775
10886
10285
7599
6958
3903
1750
160
-2046
254
1451
521
-1208
-5404
-7414
-9603
-12438
-13240
-14187
-17689
-15346
-10288
-13331
-13254
-7020
-3613
-422
548
1554
1058
-1621
866
3797
5138
4625
5167
5744
8371
9217
10689
8925
8035
7330
8623
11907
8409
6014
1995
8645
8480
5472
6001
4405
5721
5283
5950
2766
3587
2927
1332
192
-1619
-667
-755
-4631
-5619
-8628
-9847
-10666
-13460
-14867
-14591
-14990
-15404
-10821
-11496
-17673
-15972
-7788
-5618
-2360
-805
162
2321
1816
2988
472
293
3041
4762
5013
4527
3756
3187
7747
15325
15760
12445
12421
15474
10136
7377
13092
10422
8170
6559
6302
8959
9357
8373
6268
3650
1886
1903
2999
1870
-1754
-4054
-4047
-5706
-6085
-9291
-12314
-12617
-13171
-13364
-16515
-18409
-12135
-10424
-18153
-12506
-6739
-6082
-2897
-4210
-406
2790
753
835
1012
3202
5669
6365
7666
7673
9063
11354
10214
9310
10517
11871
9626
5172
1481
1404
8614
6888
4403
3841
437
-80
-2082
1490
2760
990
-2825
-4756
-5319
-4338
-2718
-5965
-8074
-9586
-10594
-13563
-14730
-13047
-11774
-13274
-14407
-15907
-10080
-7204
-12440
-8118
-6207
-7460
-7808
-6992
-3645
-320
1719
1242
55
721
1177
4430
5156
3477
7293
10562
13419
11539
11658
18471
15137
10030
6879
4728
10514
11684
11203
11544
11425
11623
10546
10304
8728
8326
7448
5258
3617
2658
724
359
1735
-1636
-6661
-10174
-12078
-10358
-11605
-12876
-14099
-16099
-6041
-7347
-17348
-9300
-4886
-1773
2734
-494
-1775
1985
5661
5258
4847
5726
5554
6518
8615
10267
11956
12400
8945
6589
6802
8972
4559
2068
1173
-546
3476
3828
1995
431
-2211
-2334
-93
-912
-1123
-1279
-3724
-3449
-1287
-3581
-6165
-7602
-8142
-8806
-8305
-11577
-14667
-14997
-17106
-17563
-16650
-15482
-11862
-13819
-18193
-12348
-11015
-9489
-5717
-6902
-6155
-3792
-720
-2144
-2649
193
2934
5189
6564
6243
9515
11918
10500
12147
19724
16581
11539
11609
6769
9702
7630
6300
6714
7867
9801
10874
11527
7742
8193
6345
6850
5355
4622
5085
2915
1695
-223
-424
-2300
-4561
-6937
-9233
-11495
-11945
-12517
-9215
-6426
-10853
-9834
-4340
-2726
-112
1686
538
1314
2557
3448
2743
3414
7618
7943
8198
7998
6967
8714
10405
11892
12828
12613
3377
3743
916
743
6197
2357
7917
5615
4249
4062
3384
3188
1856
771
-321
475
-1575
-1658
-4488
-4864
-5184
-5678
-8924
-11964
-13175
-13598
-14780
-15544
-18007
-20493
-14802
-13250
-18071
-16403
-11598
-8980
-9291
-6731
-4742
-3851
1046
-1393
-4563
-951
479
492
2287
6502
6298
4931
8642
9971
12483
11376
10089
9963
2379
6139
11305
13188
13403
12039
10315
8064
9580
9161
11487
10386
9393
4125
2570
1198
235
2238
78
-556
-3110
-4201
-6264
-9313
-11475
-11295
-14358
-15401
-11043
-12100
-12638
-6143
-6141
-4349
-1211
-3912
-3927
1291
2848
2206
3566
5342
6182
4819
4008
5018
7612
9270
12472
11195
12177
7350
6204
4106
1555
7415
6430
8070
5241
6178
6730
7091
6397
2237
2200
1888
1922
1068
-115
-1090
-2305
-4411
-6599
-8119
-8892
-9975
-11416
-14303
-18241
-18146
-15277
-14804
-11770
-18688
-20214
-13542
-14413
-8836
-8356
-10004
-7684
-5469
-3929
-2311
-2076
-3183
865
5276
5115
7098
8072
11541
14442
13405
13799
9305
10434
6342
6651
13171
10743
9230
8983
9272
9165
7774
6824
5710
4352
5247
4984
1631
-1679
-2250
-4944
-5336
-6892
-9550
-11248
-11883
-11447
-12858
-16720
-17090
-17682
-13596
-14353
-17802
-10735
-11663
-8205
-6063
-6433
-4595
322
-503
-224
4511
3957
7071
8488
9395
8327
10978
12600
12094
13565
15594
13099
10680
9579
6382
10803
9259
8689
10186
6750
8007
7951
7002
6798
5463
4656
3237
2438
311
621
-402
-3629
-5340
-8389
-10557
-11069
-12878
-16847
-17302
-19096
-17588
-14382
-11594
-15032
-14902
-7754
-9320
-4381
-4354
-6048
-5356
60
1034
-1871
1792
4562
9003
11629
10459
12557
13918
16356
21487
17292
19290
15284
14322
13828
11252
17174
13697
15064
12945
12565
15000
10414
5885
3997
3945
3266
1535
1188
-1222
-3252
-5396
-6606
-7708
-10922
-13850
-16677
-16053
-18847
-21325
-22760
-22140
-14405
-17691
-19885
-11017
-12694
-9584
-3410
-4880
-4447
-2228
-1164
-102
1521
1316
2863
5072
6546
7299
9128
9605
9639
10394
11496
6919
7811
5392
5112
6483
4805
7196
2435
2257
1459
956
2086
-662
-725
-1714
-3211
-3753
-4167
-5256
-5400
-5267
-7392
-7482
-9016
-11199
-14573
-15379
-17741
-22641
-23111
-17422
-14909
-19936
-10613
-8452
-9992
-2819
-3417
-2641
-3052
1259
1785
3571
6242
10464
14034
10796
13758
17292
20989
20774
19536
21921
20215
15722
15877
10363
14171
15257
14239
16671
11875
11706
9758
10200
9235
7499
5209
4404
3200
275
-1665
-2484
-1153
-3017
-5442
-7985
-12381
-13507
-14970
-15046
-17182
-19311
-18334
-12401
-16002
-16156
-8352
-12521
-6404
-3229
-2893
3131
4415
2653
2389
3424
4051
4640
5816
7159
8155
9754
9269
10811
12581
10319
7877
7455
3265
692
4275
3654
2709
2166
638
654
351
1
-1704
276
-589
-3350
-5920
-7152
-8939
-10592
-10361
-12229
-12378
-14404
-16585
-17369
-18736
-20174
-18476
-21049
-17958
-16956
-22128
-14295
-12155
-9723
-4098
-5344
-4543
-2264
1950
4718
6884
10467
10878
10517
12594
16257
19392
18940
19700
21189
20914
21411
16660
14966
11586
9451
12311
9903
10934
9800
9486
10195
10409
8776
6378
4426
3412
3268
959
-353
-3126
-3449
-4032
-5820
-6757
-8346
-9924
-10392
-11541
-14080
-14659
-15095
-9808
-10570
-12270
-6757
-6085
-3387
-1145
-1736
-1450
857
1060
2121
3772
5104
6023
6647
7268
9577
10471
12349
13506
11234
13600
6798
4185
3108
-314
3831
1036
1871
106
-685
356
1426
2615
-35
-1844
-3429
-4995
-6253
-7956
-9404
-8535
-8857
-12108
-12626
-12762
-16430
-17522
-18090
-20374
-20811
-20766
-17635
-13586
-18273
-16897
-12611
-11025
-7120
-5165
-4749
-3259
1908
5091
6375
4081
5121
6649
16512
18056
15809
18622
15465
17303
16839
19069
14305
10791
9373
8929
14789
12257
13458
9233
8209
8324
7835
7916
5230
5718
3574
2488
3207
919
-642
-1768
-3081
-4636
-7086
-7905
-8946
-10895
-11559
-12151
-13878
-13384
-8816
-12523
-11101
-2360
-3813
-1459
1310
-373
2149
5863
6987
8463
9064
8986
10228
12417
13667
12984
11624
10650
12321
13437
12896
9890
8166
6628
4776
5892
4070
2627
2166
-606
2093
3756
2865
-1120
-3164
-2460
-2935
-4230
-6643
-7297
-9835
-10923
-12594
-11927
-12834
-14694
-17169
-17524
-18662
-19014
-19248
-19999
-14051
-22511
-14051
-11283
-13244
-5708
-9886
-8618
-4349
-1271
783
2018
4499
6573
7642
14582
11143
13202
12803
11299
11957
12616
15105
9726
3848
1663
9606
9211
7376
7322
5061
4833
5285
4321
2131
1045
438
-894
-2858
-5449
-5187
-4422
-3595
-2109
-3457
-5898
-7165
-8481
-11285
-12381
-14872
-14419
-16303
-10867
-12987
-11782
-5572
-10691
-5097
-5091
-63
437
4840
6877
5885
9966
9744
10532
11755
12815
13602
14879
13523
15673
13818
15877
9036
3994
2547
892
5803
1932
6593
6046
5996
7697
4527
2840
2559
2528
614
923
-941
-1032
-776
-2989
-6980
-7506
-8731
-10673
-11550
-13388
-14120
-15614
-16159
-17043
-16694
-17015
-19217
-12945
-10453
-8581
-4032
-5135
-1014
-608
1845
7119
6739
7148
10770
13848
12430
11183
11248
14433
17294
18683
17799
16333
13249
4782
4172
8984
10923
11765
10634
9872
10353
9671
6208
3660
2720
956
-148
-1632
-2900
-2803
-4758
-4244
-7364
-9021
-10576
-13048
-12114
-13233
-14569
-15297
-14457
-11701
-10183
-13675
-7459
-3779
-4354
-1041
-2251
-310
-357
-342
-179
2034
5427
6203
6041
5981
8071
10563
11885
11590
12250
12416
11084
9703
258
-1750
3186
3425
5181
4125
2335
2215
3408
4880
3559
1190
883
-1056
-3119
-3616
-2392
-3000
-5367
-7402
-8339
-8133
-8878
-10997
-13723
-14653
-17089
-17854
-20753
-18627
-22338
-20476
-12131
-14098
-9691
-6783
-6617
-3338
2427
3503
4398
6931
9026
11313
13564
12842
11599
10775
12652
18728
19537
16677
17681
15800
717
2990
9610
9033
11152
8877
11619
9541
9599
6380
2585
3456
2421
1621
-783
-836
362
526
-183
-1825
-9423
-11948
-14647
-16254
-16573
-19369
-19078
-18819
-16144
-12756
-14415
-10562
-6700
-8965
-6622
-6022
-6540
-3611
-307
2217
5376
7507
6045
5636
5036
8122
11079
8503
10366
9630
7953
8862
9655
-22
-4914
5760
5147
6694
5631
3703
5264
5264
4507
3698
3577
2114
2336
957
-154
-1125
-4892
-6505
-5150
-6679
-7872
-10032
-10838
-11753
-12643
-15532
-17211
-17078
-14696
-14788
-18106
-9599
-8264
-8070
-6322
-4006
-131
3950
5425
5467
9021
14222
16873
11509
14566
17288
16338
16601
17448
19131
20972
18089
13984
2537
8118
14561
12059
14051
11840
11244
9517
11064
6492
4556
1959
-564
-862
-3295
-2060
-1666
-2418
-2901
-5280
-8987
-10404
-14561
-16273
-17342
-17337
-17974
-21253
-16726
-19249
-19593
-13118
-11709
-8177
-6666
-8341
-2796
-988
-1181
2864
3730
6229
8758
8014
7532
8632
9157
8595
10151
9801
11065
12466
11223
-1775
-2255
7003
6731
7735
3240
1576
2881
5657
4268
1597
1824
1351
617
-2511
-5811
-7739
-5549
-4436
-5800
-8535
-14837
-17535
-16966
-15560
-18899
-20692
-21959
-20584
-17975
-17346
-12665
-10365
-7562
-4822
-3676
-1318
3493
5106
4536
2289
7299
11842
8158
9227
10502
13833
14808
16133
18891
21210
21596
20999
16277
10550
8022
8738
11512
13149
11678
9421
9396
8824
8462
6434
6079
4583
2223
2177
519
-1468
-3263
-5243
-6342
-7129
-12469
-15149
-15996
-14120
-13388
-14557
-13907
-13350
-17865
-12929
-8554
-6746
-1077
-2141
-3773
-869
-1760
-11
2752
2328
5868
6406
8711
8913
9929
11014
11783
10945
10468
10406
11058
6520
2979
4337
1340
6991
6402
3644
3838
4797
6310
3055
-1094
-2730
-3947
-5398
-6167
-6432
-6129
-5615
-5469
-8330
-10257
-13958
-17842
-19640
-19869
-19454
-20458
-21294
-18192
-18970
-18457
-14527
-13255
-10210
-10984
-4073
-2001
901
4224
4564
12443
16166
11211
10120
12257
12729
13018
14650
16015
16893
17632
17708
18225
10760
12255
10859
7289
10078
7923
5266
4579
4964
5735
5832
2854
328
-908
1438
-408
-2224
-4144
-5834
-5839
-8137
-9903
-12633
-15080
-14348
-18576
-16289
-16721
-16024
-12091
-15143
-6943
-6895
-5143
-98
1075
1400
4257
3166
4051
9177
8763
9627
7553
9032
8732
9370
9726
9156
9523
11877
14215
16358
9197
5297
5840
288
5629
4844
2934
3112
1518
3177
2620
545
-1869
-2268
-2689
-5367
-5091
-5123
-8158
-8780
-10727
-12427
-13378
-12421
-12137
-13876
-16132
-16109
-19053
-15657
-17378
-18035
-11377
-11209
-8377
-7269
-3414
-2181
672
2562
2674
8321
11343
12968
13222
13866
14600
13100
16315
17943
17379
17441
19174
18221
8615
11855
10543
6246
11218
10264
8879
7759
5262
5475
5453
3961
1164
329
-2458
-3641
-5140
-6796
-6798
-5416
-3767
-9223
-8361
-12758
-16524
-19523
-18038
-18627
-16095
-11560
-14273
-3659
-5909
-1331
-1153
-2572
-1605
-1618
370
1332
3861
6279
9790
7079
9172
8412
8095
9928
11745
11565
12203
12804
11238
4001
1148
4898
-1572
498
5157
3342
2159
267
-1187
-2983
-2660
-3148
-4883
-5323
-5855
-4596
-3783
-6618
-9119
-10683
-13289
-16048
-16725
-19664
-21186
-21110
-18302
-18273
-17621
-19280
-17054
-8932
-6955
-2772
-1640
2968
941
3663
11401
13651
14264
14464
15670
12031
12587
12066
12166
13257
15077
17755
18037
18199
15642
9487
12524
13914
8980
6518
7174
6189
5381
5673
3914
4637
2626
1119
3550
1864
1216
-1134
-4646
-4230
-5540
-7480
-11600
-12065
-10575
-10605
-13280
-12217
-12173
-11735
-10982
-11928
-5194
-4660
-1126
-740
-1701
1716
3656
5102
6713
8924
8795
11643
12009
11353
9919
9913
11051
10688
9770
7343
8251
7084
1844
806
6192
4444
1883
5313
1936
3478
1709
328
727
-809
-2566
-4482
-5314
-8332
-8382
-8591
-7094
-10265
-11131
-11251
-9832
-11529
-16117
-18123
-22928
-20994
-18439
-19952
-21850
-17747
-14084
-8835
-4917
-5686
-3321
308
6506
7430
9109
11924
11957
12234
11655
11078
11698
10998
12386
9862
10866
10825
12409
9663
1736
9571
7975
3033
27
896
3048
5260
4500
1997
2951
1798
1182
-1283
-2293
-2756
-5365
-4865
-3380
-5949
-5937
-7047
-8343
-11263
-12270
-15251
-16526
-17260
-14469
-14567
-10777
-4656
-8430
-3120
-2008
937
2487
4547
4096
3325
5601
5556
7699
8835
11757
12200
11403
12200
12586
12264
13585
14264
12088
2475
4154
8414
4337
2191
3394
3429
4957
5144
1769
1217
1352
3068
241
-2753
-3761
-3274
-3789
-4110
-6937
-9215
-11615
-14298
-17129
-19455
-19797
-21622
-19387
-15846
-14219
-15031
-9425
-5298
-2417
-1202
-3679
-1263
5457
6351
3896
7164
8909
10851
12122
14955
15966
15127
15269
11893
10652
9989
12178
15092
9758
11385
14605
11425
8057
2433
6069
4176
1600
3360
992
601
1628
3743
2923
1717
588
-2322
-3257
-7672
-8909
-10668
-12995
-15627
-16826
-17953
-16730
-16438
-14020
-9956
-17460
-13357
-9410
-8516
-4906
-3208
-1206
-1373
2366
2305
4341
6542
7347
8516
8378
8658
7434
5882
7419
6922
6460
12477
13486
7431
6307
9950
7514
3926
4567
4325
5095
3993
3186
4607
3085
3060
1301
-15
-2024
-5485
-4115
-3293
-5520
-6333
-7419
-10174
-13480
-15443
-19291
-18783
-17522
-17769
-15200
-21427
-17499
-14389
-11083
-3817
-5339
1166
7865
9752
9573
9461
9652
10223
12741
12957
10897
10277
13371
17989
16565
18220
18364
15845
12233
8479
12455
12339
8737
4256
7094
6287
5999
5911
5620
9325
5416
2599
752
-1086
-5254
-7140
-7403
-8589
-8921
-8866
-9937
-11769
-12622
-14347
-17467
-16356
-18099
-14228
-16851
-15220
-9663
-11007
-4922
-7176
-5587
-2762
-1808
-450
1190
1120
3449
5874
8291
10166
9495
10706
10056
9649
9283
10140
10551
8738
1461
3817
6524
2529
1966
3679
4601
4377
4339
1161
1850
4260
254
-3448
-4437
-4527
-4679
-6414
-8098
-10631
-11149
-13048
-14293
-13881
-13933
-16039
-17031
-19061
-17607
-18381
-16872
-9298
-8342
-3494
-2546
-2060
5518
5780
3187
8780
9966
12993
14126
15059
19602
16841
18862
18922
15679
15806
16674
16278
15104
8354
9397
15727
11649
10156
8324
5320
4768
6025
4775
2136
1225
509
506
106
174
472
-1165
-2905
-5244
-6548
-8122
-10759
-16412
-17776
-20521
-22165
-20181
-20899
-14070
-16772
-9690
-5285
-5727
-2439
-7197
-4320
-2960
614
3845
3718
4754
2593
5791
8616
9152
10742
10395
8916
10274
11891
10566
12519
4407
6236
12718
6321
4307
4955
4720
1314
1151
-116
-1919
-1163
-3465
-2224
-1199
-2118
-2385
-6022
-8828
-13374
-15745
-16471
-15894
-16013
-17178
-17778
-20156
-22287
-21363
-18786
-22704
-16378
-9971
-6866
-2343
800
8082
9363
10170
11424
8684
8507
11987
12331
15771
16725
15969
18294
18200
19972
19681
19723
20350
11138
10445
16164
16098
8704
4125
6234
4618
6980
7126
4692
3622
3521
2355
-275
-3110
-6506
-7892
-8462
-11369
-12373
-12796
-10185
-10993
-15673
-16211
-19272
-20794
-20242
-17138
-18979
-16566
-9533
-8906
-5170
-1741
-546
2386
3334
3789
4107
7860
11479
12630
12470
13777
13143
12425
12324
9524
8671
8625
11023
2167
1151
10472
9288
4833
5324
7182
4863
5295
2554
-67
-2653
-4291
-4797
-5495
-6122
-7098
-8496
-9793
-11622
-14822
-17010
-17236
-15585
-18825
-20576
-21991
-24526
-24111
-20265
-20304
-18117
-11930
-11276
-8415
-3186
1332
4022
6792
7531
7241
8583
11921
16393
18549
19542
19644
17251
17009
15588
14772
14531
16614
13882
8419
14145
14277
10135
4715
5685
5280
5034
7937
6206
5063
3269
2110
953
-1600
-3419
-2881
-5157
-5001
-5795
-7699
-12572
-13238
-10813
-14996
-13974
-12638
-16691
-11978
-11085
-13995
-7920
-7718
-5050
-1027
4050
4388
6283
5191
3234
3581
4903
8617
8958
12056
13879
15206
13803
14437
12976
9880
10752
8123
1321
6410
8676
2517
210
1879
1166
-870
-1130
-3665
-3120
188
169
-1600
-3860
-7425
-7018
-8003
-11420
-12917
-14090
-16130
-19183
-17939
-16367
-21105
-19579
-21727
-21439
-14988
-18594
-11893
-6686
-2895
247
1008
4320
4109
6331
7671
7772
6401
12302
17330
14911
14624
14390
15310
14951
13493
13780
13039
17713
11181
8909
17123
12076
7047
5784
3600
2281
1043
-228
-1354
-959
-119
1788
760
-2361
-3427
-4777
-6508
-12143
-8060
-8965
-11923
-11425
-10702
-10692
-12677
-13424
-18168
-15955
-16421
-14345
-10947
-9239
-6452
1704
4922
4582
6052
7424
9953
9988
8282
8182
9735
9351
11110
12345
12042
10908
9185
9236
9933
5013
520
10455
9298
2785
5220
4817
4583
3689
520
934
563
-1132
-4892
-5900
-8236
-10304
-8069
-6028
-7565
-9765
-8885
-12659
-12541
-15930
-18004
-17418
-16875
-21169
-20747
-14767
-18140
-8602
-4008
-2656
812
7960
9436
4846
6496
6757
7625
10959
14921
16403
17068
18346
17713
16560
14428
11626
12478
13114
11446
1800
4073
14582
7331
5520
6156
3441
4388
721
-1951
-3030
-2618
-1693
2322
2135
-1212
-3211
-7777
-8699
-11027
-11198
-12589
-14236
-13892
-12847
-9379
-9820
-13268
-13175
-9360
-13679
-12594
-9228
-10586
-5010
-2800
-764
3482
7881
9046
7389
8280
9028
11000
12147
12708
13486
13210
12914
13399
13224
8978
8225
3927
-1257
5040
2367
-290
4304
2310
881
680
-938
405
2901
1592
958
-471
-5567
-6216
-7421
-9571
-8600
-11552
-13335
-11473
-12994
-15537
-15711
-14048
-16354
-21415
-19434
-18197
-13995
-6470
-5301
-2857
3633
9216
9257
10446
9254
8819
8010
9452
11228
10219
13392
14273
15346
15642
16196
13665
10596
12117
11644
5204
9371
10757
4958
8585
5205
5298
4358
1021
507
-251
-1972
-2355
836
148
1222
-688
-2837
-6736
-8530
-11101
-12739
-13351
-14763
-19255
-17462
-11982
-13442
-13138
-10314
-11671
-6851
-5546
-2533
1377
1108
4409
6344
6987
6768
6744
4645
6649
5889
6150
6716
6726
9836
11700
12654
11957
13187
13377
6528
5830
5494
-3468
5010
5559
2672
4011
315
1266
-483
-377
-267
1835
802
-1839
-4612
-8599
-10534
-9698
-7564
-10957
-10867
-11736
-14279
-16390
-16989
-18610
-19992
-15939
-19369
-11810
-5775
-6833
-3022
3544
7963
5514
9267
6578
9583
8789
11086
14952
11454
13136
16132
18141
17616
16249
12052
11660
10668
8430
3574
5616
4497
7153
10830
7225
10468
7097
3512
1400
1634
-83
-1406
-2807
-3930
-1593
-1777
-5665
-9403
-7388
-7180
-8991
-11643
-12097
-13582
-16221
-16295
-17922
-17817
-18913
-15944
-10831
-11968
-8291
-6121
-4317
1203
3564
4435
5381
5497
8656
11813
9134
6340
6623
5869
5793
5935
5393
8858
9480
9861
3289
3563
6863
5367
9238
5819
3303
2203
1976
2251
1156
3971
2820
2139
184
-3886
-3784
-8121
-10001
-12311
-12640
-10922
-11832
-11504
-13802
-16101
-16245
-17957
-15625
-11830
-16036
-7616
-4357
-7221
2077
4378
6514
5755
7090
10442
9726
9581
10860
12254
12093
12300
15702
18372
18179
16743
18373
17033
17342
9940
4724
4180
3355
6459
8029
9918
8045
6417
6972
6438
5441
2847
1419
2462
646
-736
-3528
-7940
-8718
-11651
-13829
-15043
-16450
-14866
-13536
-17662
-15482
-15616
-10295
-16782
-16059
-5758
-10043
-4600
-4342
-4449
-2396
-67
405
1843
2835
3443
4217
6449
10184
11946
15022
12295
9973
9974
9400
10406
9355
3838
1466
4542
7639
8474
6062
2629
482
-2713
-2457
-1362
-2283
-3890
-3047
-2650
-2182
-1241
-5061
-8253
-11835
-14815
-17790
-18258
-19443
-20382
-18909
-17703
-17454
-17541
-8167
-15886
-12897
-10200
-8929
6461
3420
4979
6329
7807
9644
9592
10670
11630
12354
13484
13819
14896
16869
17309
19052
18144
17546
18661
17318
7253
9302
12851
12805
11796
7578
9171
8152
6340
2347
352
-169
-471
-813
-1840
-86
-1682
-2722
-4026
-7867
-9022
-11789
-10497
-15447
-18438
-19232
-21796
-20437
-20493
-17310
-16943
-10174
-4627
-3454
-331
71
3512
5165
3215
4627
6119
3537
6114
7329
7290
9182
10552
12515
12290
13086
12622
13742
14992
4472
-1430
2266
5147
4415
2290
1193
-1202
250
-2018
-2873
-2271
-3008
-4949
-6765
-5992
-4984
-4434
-7292
-10078
-15017
-18175
-20480
-19605
-21062
-21030
-16524
-15836
-18221
-15747
-16027
-18502
-12243
-10507
-1829
943
3994
6705
6137
9090
8832
11215
10521
13950
15677
17395
20164
17784
18231
15739
16387
15905
17044
8721
1866
11975
12203
14913
12432
10156
9468
8407
6582
4761
3008
963
2921
306
-1361
-4347
-6830
-9998
-10515
-11897
-13117
-11704
-12269
-12488
-12611
-13824
-14991
-13540
-16971
-12212
-14504
-15827
-10267
-8387
-3518
-2270
-52
2453
6911
9309
11420
12395
13592
13397
14242
13204
12150
13225
11897
14583
12964
13836
3650
-1547
6359
4817
5398
3559
5458
5544
6348
2451
-802
-1567
-4658
-4389
-6738
-7163
-7892
-7570
-7352
-9444
-11108
-13195
-17462
-18936
-20254
-22210
-21882
-21112
-18244
-16466
-20272
-16120
-17144
-18418
-3985
494
3373
6800
7253
7989
9957
8845
10180
11077
11296
10984
9065
12696
15395
16495
16960
22196
21543
18537
8916
6050
13680
10554
11841
7924
3987
2529
5030
6639
2017
1103
16
-94
919
-438
-1500
-3035
-4556
-5891
-10945
-14653
-16665
-16567
-18601
-16449
-13497
-13095
-13833
-14950
-13942
-10672
-10712
-8599
-4835
-4224
3215
5779
5110
1820
5026
4553
3489
7037
12173
14336
13152
14686
16795
17991
18454
19144
7515
6250
4297
2516
7606
4684
5925
2425
3180
4004
4243
1677
-1666
-2620
-5565
-6272
-7965
-8561
-10624
-12502
-12020
-14455
-14824
-13782
-15752
-14380
-15985
-17457
-15329
-14132
-16036
-14581
-11359
-9933
-10248
-3473
-2405
-3711
4528
840
1590
5903
8914
12323
14948
14929
13196
14109
14243
13981
15046
15773
15899
12116
7121
16057
3595
2176
9221
5578
9614
6471
6961
5934
4639
487
-2165
-3034
-4710
-5810
-6187
-7982
-3924
-1379
-4866
-4954
-7813
-12157
-13010
-13701
-14526
-15046
-14819
-15152
-15814
-15935
-16088
-13100
-16060
-9115
-5692
378
7264
3609
6798
7482
5951
5072
6888
7275
9735
9492
11658
14210
15812
17449
11861
10680
13437
12541
3693
4235
5776
4143
5517
241
555
2828
3344
3148
967
-687
-972
-891
-2742
-3807
-3479
-6065
-8484
-11819
-13811
-14966
-14805
-15779
-14024
-11861
-12813
-12149
-10054
-13944
-12605
-6622
-9203
20
1914
2893
8474
6795
10045
7647
11348
13615
14707
15508
16125
17077
19217
19619
21221
18630
14806
13256
11880
8447
399
5221
4729
4201
6201
3149
5381
2989
1480
2711
822
-713
-1360
-3472
-6258
-5643
-4337
-7972
-9308
-10172
-11949
-14893
-13616
-12074
-14127
-13290
-14305
-14253
-16851
-16935
-13922
-13110
-14636
-7960
-7001
-2090
2323
960
985
2996
8073
10951
12229
10875
11222
11989
14047
13121
10465
4413
9692
11160
8718
5444
-2436
3402
5962
8978
6997
4989
4900
3170
2669
-2090
-5803
-6013
-6599
-7953
-4752
-3509
-4186
-5564
-7872
-12682
-13600
-17697
-17654
-18507
-13748
-12880
-15550
-13439
-16894
-13007
-4497
-6114
-7993
3515
2138
5944
9422
5011
7677
8787
9183
8640
10152
11612
13789
13594
14458
15351
13275
9791
12564
11885
12773
7016
896
7057
6123
7036
5421
3026
-2
5
-376
-2458
-1093
61
1995
1912
693
-1352
-2282
-3966
-7081
-11746
-13545
-14821
-14670
-16320
-19434
-20899
-19622
-18319
-14191
-10453
-7988
-9388
-6856
-3884
-3364
1026
-2565
369
1687
2254
3561
4194
6976
7111
9405
10074
11798
8347
10436
12522
14349
14382
12509
5437
1828
7653
7287
8961
5816
2902
6015
5332
3575
1008
-2432
-2143
-1068
-3238
-3518
-5191
-6875
-10195
-13389
-14216
-14123
-13492
-11160
-10760
-10850
-12338
-11870
-8193
-10921
-11051
-9725
-12819
-5010
1849
3108
8352
6756
7872
9840
9633
10144
13900
17254
14641
15497
17712
14176
10233
11662
15914
15181
14192
12013
1982
6119
10991
10080
11791
7794
4185
1827
265
-647
991
-554
-3130
-4888
-6404
-5805
-5998
-6397
-5462
-6087
-8155
-9211
-13058
-14130
-15067
-16996
-18657
-18569
-14899
-17054
-12741
-12619
-12810
-6223
-9146
-4831
-2206
115
3152
1113
3201
4666
7969
9667
13400
15152
12426
7578
11418
12430
10462
9181
7381
6026
-264
7929
10185
8693
8700
3663
1967
118
-119
-2003
-3920
-3830
-5291
-5421
-6572
-9105
-10214
-10728
-11833
-14628
-17996
-15289
-14505
-16977
-14305
-18168
-13370
-10088
-9928
-9035
-5735
-6323
-6045
2510
1705
5591
6765
4688
7814
8824
11199
11830
10631
13565
13457
16085
15072
16230
16799
13257
16555
12622
17088
13317
7258
11750
8063
9059
8649
6847
6423
5799
5890
3134
2851
1065
464
-947
-5142
-6875
-8390
-9085
-11556
-12154
-15525
-15180
-14514
-13678
-14366
-14666
-13872
-13256
-12984
-13711
-9561
-13412
-9112
-5634
-6911
288
4613
6755
6440
6053
5915
6357
7204
10435
11811
11322
13206
15932
16583
14786
11887
10590
13753
7729
5009
8496
6376
4916
2855
1207
608
-1920
-4915
-3177
-3454
-4307
-5049
-7861
-10812
-12501
-13664
-15137
-16113
-15474
-14024
-12853
-14869
-18577
-17023
-11901
-14689
-13976
-11971
-10773
-11374
-11145
-3011
-3305
3312
9656
9405
10513
8654
10289
11413
16187
18539
18055
15541
14500
17281
18103
14861
13055
12707
12358
14538
7366
8577
8811
4729
7759
5737
3461
1093
-1217
-2964
-3690
-3705
-4387
-5707
-3731
-4605
-5086
-7631
-10931
-13018
-14960
-14716
-17296
-16648
-14768
-14595
-14439
-13845
-10750
-10985
-9222
-11824
-9946
-2268
-213
2930
4310
5335
4922
4764
7395
7974
11578
15464
11114
13435
16845
15702
16966
15162
11231
8788
9836
7996
4174
8716
8017
8120
6537
3777
2379
-578
-1753
-1978
-1739
-3114
-5284
-8534
-11582
-12379
-12215
-12730
-12299
-9730
-8513
-12461
-16566
-12913
-8793
-11644
-14551
-13118
-9057
-6798
-2778
-8125
-1878
5288
4638
9211
7110
7198
9424
10911
10544
15909
18443
14667
11481
15447
16659
14368
14485
12459
11301
11946
12885
5593
-454
3455
5433
6286
7257
456
-2664
-3148
-4753
-4835
-4927
-5819
-10036
-9769
-10138
-10939
-10507
-13268
-14553
-15773
-17414
-16454
-17548
-17808
-18492
-15205
-15434
-15347
-15373
-13482
-11922
-15574
-4224
-3883
-1562
1993
1591
4422
6479
9232
8798
8191
3557
9301
13428
14465
11323
11189
11316
8924
11947
10376
10479
4764
4127
8793
3571
221
-1461
-5428
-2809
-2233
-3652
-3111
-3726
-5389
-6844
-7019
-9637
-8385
-10517
-11729
-7206
-7441
-9679
-10644
-5858
-5745
-7607
-6058
-7626
-3747
-2833
818
245
-3484
6253
6288
9502
12274
11721
12806
14841
15615
15714
14501
12442
16896
17942
19704
18105
17579
17122
16002
12740
10978
8051
1800
6496
7160
3358
3804
843
-3154
-3852
-3511
-2698
-3379
-3781
-4708
-6811
-6616
-4842
-6036
-12050
-12443
-13320
-16865
-15284
-14052
-13738
-15384
-16852
-15720
-13370
-11001
-11114
-4070
-9369
-7662
-534
-3320
2279
4106
7212
6690
5671
7402
2277
4429
12024
13400
14954
11819
9941
11509
9514
8362
7179
6245
2625
-2238
3025
1999
-509
-472
-5593
-6796
-7593
-9533
-10681
-11342
-10785
-9317
-11033
-11543
-7680
-7567
-6120
-4991
-7949
-9737
-2977
-3022
-6611
-7584
-9206
-9764
-10637
-8127
-7540
-2744
-7399
-739
2382
2657
12630
10382
13033
12726
15677
10477
9776
14970
15135
16600
16222
16567
16846
16816
11979
12056
10406
12416
7108
2738
7429
3704
4687
2968
-1325
-3024
-5196
-2252
-874
-1082
-1095
-2072
-8784
-7352
-6640
-8060
-8821
-9635
-5762
-8692
-10992
-12078
-14979
-14946
-15900
-17671
-12083
-8559
-5564
-6245
-10348
-2508
-3750
1131
2258
181
5644
8387
6390
6044
9846
9014
9981
7158
7533
6939
6607
7318
6141
5680
6157
7991
-933
-1765
-1145
-1596
-2003
-5048
-6761
-6669
-4090
-5352
-6576
-11293
-8614
-6746
-3400
-3397
-5372
-6570
-11785
-3177
-5045
-8052
-7002
-6670
-5210
-6980
-6818
-7925
-3755
-6199
-2329
-5068
-5879
1593
-1536
3210
6654
9471
11250
8027
5005
8748
10879
13160
15276
12655
13692
14297
16407
14072
13401
12056
11615
9863
2147
6523
5676
3965
3267
2068
2411
1009
1104
66
-1023
-1146
209
-4158
-5880
-5759
-4726
-5527
-5351
-4897
-6351
-5240
-8100
-7865
-9080
-11499
-13714
-12148
-7365
-7280
-3367
-6871
-2246
1470
2114
3698
4023
7222
2627
2196
6364
8752
10726
12240
11380
9089
7939
5591
5255
4953
6678
7136
8197
2941
-3932
-544
-1286
-2667
-3280
-7020
-8627
-8294
-5973
-9126
-9486
-6207
-1080
607
-4837
-5480
-4249
-2402
-5479
-4938
-6803
-6619
-8744
-8776
-8719
-11905
-9763
-12874
-7543
-8397
-6572
-8852
-5830
857
-278
5154
5750
3528
888
4482
7660
10338
10471
8152
6997
8445
10021
10628
11638
7232
9352
8208
7221
4517
-3737
820
-1781
-860
2162
-3299
-2205
-2453
-1516
-63
-3186
-4320
-1993
-3507
-4526
-6302
-9370
-10551
-8723
-7196
-8344
-9024
-10501
-13831
-14860
-11444
-11874
-12004
-8450
-4751
-3130
-8299
-3154
884
855
5422
2378
2309
5471
9505
8553
10673
10760
9601
12957
12420
12630
12748
10768
9690
7612
4234
7954
6006
3352
6006
3614
3968
939
-2273
-2109
-5260
-3791
-5104
-867
2614
-3038
-6221
-261
5445
3180
1201
-1086
-1300
-494
-1153
-4197
-5464
-6404
-8697
-6840
-9894
-7717
-3658
-2545
-8404
-6054
-427
1865
7197
2932
2849
4953
8752
9275
6078
7288
9918
10429
11438
9739
9661
12535
13373
14764
13641
11822
6831
-27
1604
1296
-641
83
-2150
-1043
1220
1193
-2529
-6302
-5823
-6217
-7004
-8173
-8676
-7402
-5940
-5435
-5829
-8417
-9849
-11170
-13310
-15385
-17179
-16284
-16615
-14819
-10813
-6460
-9254
-8527
-2466
-2471
-2125
2494
6051
3370
4853
3846
4701
6379
6602
8834
10094
10149
8189
7722
6324
6172
3823
4686
982
-4361
-3863
-5513
-1259
-853
-2919
-4849
-6751
-2904
-1011
-2208
-3772
32
3464
3124
-404
-1133
-1417
-2884
-1596
-4673
-7286
-5141
-4179
-4776
-6057
-6789
-6653
-6391
-2327
-2364
-2368
636
3282
2672
2419
6592
9305
10656
10154
11115
13273
12960
11838
10622
10070
11846
10976
10077
13382
12901
11740
11941
4337
-1259
1878
2167
3401
2724
1394
1922
425
665
97
-2921
-4331
-6262
-8825
-7957
-8633
-9199
-7011
-4946
-5376
-6972
-9337
-10714
-10644
-12200
-12621
-14133
-13157
-10384
-6662
-5498
-6729
1400
-2531
-1529
2784
-476
4197
5376
5154
5071
7223
7769
7348
7709
8415
8994
9494
9405
7240
4812
3551
4116
-4887
-7230
-2339
-6122
-4677
-3474
-834
2336
1442
-2730
-4739
-357
3478
-1826
-5610
-4223
-1582
463
-2746
-5046
-5429
-5212
-7312
-8093
-7662
-9070
-7918
-8986
-8833
-6925
-3684
-6059
-8434
-3004
-5628
2866
5430
2846
4659
5714
10615
10673
10933
10106
9034
9745
9812
10193
11544
10831
9893
8042
8221
9682
4590
-1597
-663
-2106
-1654
-2942
-4911
-4364
-2727
435
-2653
-3336
-4511
-5887
-5100
-5380
-4111
-5129
-6863
-7971
-6862
-7322
-10058
-11092
-12510
-14151
-11317
-14427
-14659
-10056
-5160
-291
-8749
-8777
-2280
1444
3536
2909
5688
5947
6930
7902
8973
7881
7817
10410
10479
11918
10844
9559
8090
8301
7714
6577
1462
-1660
-84
-745
3073
1097
2040
690
-3515
1523
1517
-585
755
2020
819
343
3707
3368
2046
-1016
-1230
-1858
-3634
-4318
-6119
-4334
-5842
-5160
-5732
-5745
-2314
754
-6552
-8825
-1779
-2233
4508
4915
3708
4513
5356
8235
7087
8894
8556
8282
8240
7633
7346
8643
8093
7716
4528
6176
2225
-7591
-3992
-3440
-1005
-3380
-3235
-1269
-3169
-2587
-6100
-6030
-2347
-2620
-2454
-1620
-4100
-4481
-2562
-3385
-6638
-10821
-11547
-6565
-7067
-8892
-10564
-10877
-10581
-9250
-7521
-7028
-11473
-7692
395
285
5687
3322
3052
3228
3161
3396
3047
5227
6211
7376
9141
10719
7425
8285
4635
302
-3617
-2336
-712
-7607
-3099
2513
4736
5935
-608
-2352
1676
1802
2526
913
-397
662
3232
3347
2373
2463
1523
1024
727
-1333
-3120
-3218
-5334
-7044
-8244
-8874
-7625
-3096
-7240
-6893
-5218
-7277
-1969
-2479
-798
1038
1366
5653
8513
9070
9600
8638
7873
6930
7908
8067
5836
5478
4528
5629
5383
5404
5212
-946
-1516
1761
-1734
1360
803
-1714
1023
739
3214
2602
523
524
1105
-608
-3019
-3588
-4437
-5499
-5530
-4696
-5403
-5159
-6373
-6517
-8834
-11162
-11682
-12809
-12116
-8918
-7891
-10691
-5142
-6101
-314
5677
3962
4060
2586
1647
873
2341
930
2699
1442
3803
2004
2249
4370
-97
63
460
-380
-1999
-3007
-334
512
7042
8847
6376
5540
2761
5468
3159
2012
4557
5084
3034
1808
3659
3079
3394
3338
1525
-1965
-5058
-7431
-6975
-7480
-6394
-6710
-7970
-6077
-2133
-2819
-9377
-4333
-3009
-2319
2491
1015
2477
2645
3525
4609
6806
8949
8250
9786
10202
9266
8750
7342
4486
6886
6709
7176
3272
-711
4194
2259
4592
3570
1165
1375
978
4587
4526
4201
3760
1096
-3101
-3012
-4496
-4500
-5137
-4548
-2134
-3165
-3610
-5339
-3981
-8414
-12028
-16696
-15973
-11884
-9408
-7457
-13398
-6695
-6808
-7240
-1292
-1530
-1052
516
-706
-1592
1049
152
622
1982
2292
642
-1476
2831
6313
5593
3322
4650
-1312
-2827
8481
5087
1727
6833
7509
5627
2014
2121
2649
2731
2876
1117
4112
4770
6482
4913
2652
2888
-81
-1160
-2976
-4588
-5402
-4431
-8477
-9748
-8283
-7521
-3918
-7495
-11560
-9072
-4296
-3151
-3099
-2097
1822
1720
4068
5059
4320
6282
7282
8931
6630
5117
4547
4519
4280
4235
6289
10394
6054
2090
7830
2882
1086
2700
-30
1843
465
1352
1432
352
2390
1856
-304
-3055
-4359
-4019
-3972
-5328
-6156
-6755
-5556
-4036
-7184
-12013
-11755
-14555
-14845
-17908
-14382
-11721
-16723
-8498
-5970
-3045
1487
36
1288
776
-487
38
303
555
357
1569
1830
4878
9715
8581
8091
8454
8197
14345
7518
1354
7680
5113
11212
11074
7200
9354
8282
10714
8917
5188
2003
-139
-103
-723
301
-425
631
1403
1044
-956
-2389
-5368
-10310
-10586
-8708
-10293
-12141
-12067
-10304
-4722
-7599
-5892
-3286
-4491
-1852
-1080
-857
1554
4196
3356
6341
7830
8381
11651
9848
9693
9873
9364
9355
9325
8162
9526
6642
1803
5886
5314
5362
5236
4276
3017
2084
1121
1245
1044
206
-387
-1977
-3502
-3908
-3970
-7318
-6375
-8210
-7272
-7512
-9495
-7607
-9135
-12456
-14424
-17318
-19056
-15445
-8475
-11677
-12441
-8368
-10147
-3574
-3281
-2554
-866
-791
1047
-911
-821
1521
7640
7655
7278
3095
7117
12196
12006
13783
12336
9105
1970
5239
6883
7034
9444
9242
9650
8392
5745
5239
4681
3119
2604
1154
-841
-716
261
321
-7
409
203
-5810
-7030
-7225
-11157
-12579
-12394
-10993
-12655
-11942
-6533
-5611
-9586
-6590
-5780
-4468
306
1322
5763
5614
6835
7569
7550
8893
7772
8387
8438
8320
11823
12376
12756
11578
11013
10102
-317
92
1808
704
2391
1065
-261
-1588
927
2057
2783
2199
1194
695
-46
-4472
-6298
-5975
-5087
-4362
-9193
-11752
-8337
-9806
-10469
-12147
-15625
-16936
-17406
-17927
-14663
-11170
-16774
-9065
-8127
-5837
-3229
-5992
-1466
-1607
1307
1963
7514
9052
7222
5099
14446
18886
13100
16012
14829
15067
13495
13425
6122
4658
7215
5688
8170
6172
4212
3285
4787
5480
4558
2694
834
-1555
-2500
-1728
3
795
1304
708
-5157
-3507
-5989
-10441
-10144
-11675
-10628
-10275
-9335
-8442
-8130
-3650
-9191
-6367
-3802
-6286
-475
521
4372
5619
6358
6080
5820
6246
6355
8394
10799
13121
13903
11368
8656
9341
8799
10757
6321
246
4426
2306
748
9
-422
-789
-1185
-510
-3556
-3449
-3178
-3725
-5190
-2504
-1978
-3600
-7503
-10807
-7545
-8036
-8733
-10593
-12248
-13513
-13587
-10832
-11471
-13620
-15574
-13803
-17161
-15613
-10283
-11720
-4152
171
3368
5070
54
1975
7289
10732
9802
9841
11469
12426
11144
11529
10950
9658
12265
12354
6454
-1609
2307
1864
2029
4914
3030
4210
5347
5269
3478
508
-876
-1117
-1323
-904
-1989
-2770
-7393
-5916
-3433
-5931
-6770
-10181
-12027
-11465
-12866
-10632
-11455
-10598
-10892
-8974
-8532
-12029
-1288
-3084
-302
4562
2886
5377
5459
7748
8677
10183
10668
9870
9121
7645
5881
6138
5093
8477
8385
7290
8341
-957
1709
4520
3663
4449
1962
4764
3008
845
4405
3193
1083
3338
2032
3379
-496
-5106
-1300
-2188
-3585
-6528
-9257
-8741
-8710
-9328
-11013
-11573
-14220
-15390
-15664
-12855
-14350
-14023
-3839
-1285
426
25
-686
7190
10260
9561
11262
12331
12092
12935
13900
13511
13371
12410
12982
11620
9433
7408
5994
-596
-193
3623
3453
5148
3353
4363
2450
966
1531
41
623
763
-354
-384
-1234
944
2314
1236
-2071
-5604
-7365
-8195
-10963
-14076
-14437
-15578
-14883
-13853
-12288
-8092
-7764
-11151
-4270
-6434
-5620
-488
-426
3507
2002
2641
3818
5690
6587
5508
3805
5640
6491
7018
6803
3653
4300
4877
4026
-3840
-1572
1603
-156
1605
1260
-299
-1028
416
-165
2439
2158
3903
768
-3012
1478
197
-1509
-5643
-10906
-10335
-9794
-8242
-9374
-12397
-13413
-15715
-14933
-14362
-13984
-9617
-7485
-10780
-8748
-242
4903
4985
6096
7803
7845
7449
8724
10775
12901
14424
14565
14605
13267
17245
14071
13513
14861
11686
10229
2569
6523
9010
7203
8044
8146
8455
8965
7204
7281
7153
7653
4988
-1134
142
-170
-479
-3164
-3523
-3095
-3951
-5653
-6508
-7643
-10100
-10920
-12030
-12659
-16124
-14064
-14424
-9811
-12444
-10373
-5813
-7581
-1742
-910
391
259
2741
3260
3734
3090
4108
4531
5227
5315
5838
7461
5759
5490
5286
6988
271
2860
4862
3079
3763
1018
687
254
-369
-67
1070
-5821
-4010
-1746
-3359
-4209
-6812
-7019
-7489
-7241
-10451
-12670
-15564
-13990
-15087
-16535
-14513
-15941
-15057
-16685
-10798
-2583
-7616
-12042
-1820
2352
2984
4716
3589
4909
6626
9396
10315
11015
12507
11788
13785
15242
13180
12051
11336
9886
10411
11914
8299
7767
10263
8522
9579
8422
6246
5154
5613
6554
3288
-471
1745
2760
765
758
165
-1282
-2689
-3483
-4737
-4281
-5808
-6765
-7678
-10338
-11619
-11428
-12791
-12870
-11914
-9183
-7635
-8482
-3637
-2577
-2142
1825
3385
3824
4680
3463
3924
5905
7256
7236
6107
5419
5310
7076
5568
6072
7114
10757
6458
-856
3141
3168
1404
2215
2633
2927
4475
-333
-831
-289
-3433
-1546
-4049
-6213
-7918
-10518
-9793
-11589
-12351
-11491
-10095
-9867
-11940
-10153
-8314
-7536
-9019
-11058
-11299
-8335
-6699
-10093
-2623
1447
3013
8658
5394
6493
5872
5453
7708
7953
10002
11128
11834
10345
9823
10986
12023
13815
13244
13147
10174
3583
5448
5623
4149
7564
6339
5257
2731
1312
3384
3327
2356
-456
-1744
-1287
-738
-2529
-3881
-4373
-5856
-6501
-10008
-10081
-9962
-9911
-9960
-11945
-13328
-13605
-11189
-8869
-4577
-9414
-7784
-1647
-4552
-799
-1393
-489
2256
3302
6850
8285
8427
9803
9887
10357
9269
9603
7813
7260
8100
8126
7503
-839
2780
4655
4335
7155
1641
-5564
-4376
-1845
-3182
-2427
-6072
-6796
-6143
-6833
-6314
-6563
-6159
-3624
-6438
-9317
-6441
-5694
-3671
-6295
-6680
-8362
-8576
-7727
-9742
-9369
-5732
-7066
-5787
359
-744
2127
2614
4539
6316
8285
10426
9590
9914
9729
8656
9613
11375
9907
10018
8071
9382
10502
11391
3799
-33
5723
4955
6072
39
125
3487
2104
2434
-857
-3010
-5105
-5353
-2630
-1773
-1844
-2005
-5191
-4361
-4505
-3285
-5406
-8298
-8439
-11025
-10579
-12012
-11459
-10894
-11171
-8146
-4837
-8532
-4643
-4535
-5881
785
-77
2654
3404
4502
6714
7725
9007
8251
7527
8290
5768
5864
5870
9257
11195
10899
6852
-1204
7036
22
-4923
-1232
-3244
-878
-2231
-2482
-3399
-2373
-317
-137
1149
-238
-4938
-319
1355
-2181
-1641
-2096
-2674
-3299
-2512
-2387
-3853
-3864
-3528
-3953
-5258
-6403
-3006
-9478
-8006
-2273
-2907
2204
2276
2464
2904
3260
4090
7024
8654
10973
10852
11939
13268
12882
12166
11069
9229
7410
7104
-211
200
-1698
444
3289
-906
771
-1298
-1856
-2059
-2733
-2944
-2468
-2910
-3722
-3321
-2615
-3233
-2757
-3419
-4280
-5793
-7649
-8396
-11367
-12476
-14075
-13365
-13793
-11850
-14173
-9699
-12002
-13914
-4286
-7761
-2870
-1444
-2010
597
809
932
1842
3235
6998
9822
10083
9456
8714
7669
3655
5655
2681
6105
-3728
-6886
3546
1328
3747
-1654
-2374
766
769
3759
4199
1851
2940
7091
7910
5143
6929
5042
4041
4823
3016
3015
248
190
-1985
-2305
-3406
-4849
-5231
-6393
-5944
-6236
-2894
-7715
-3890
-265
-952
4815
2018
3305
2946
3958
5463
6554
6658
6785
10436
