-105
-105
-106
-108
-110
-111
-113
-114
-116
-118
-121
-123
-126
-128
-131
-134
-136
-139
-142
-145
-148
-151
-154
-157
-159
-162
-164
-166
-168
-170
-173
-174
-176
-178
-180
-182
-184
-186
-188
-189
-191
-193
-194
-195
-197
-198
-199
-200
-202
-203
-204
-206
-207
-209
-210
-211
-213
-214
-216
-217
-219
-220
-222
-223
-224
-225
-226
-227
-228
-229
-229
-229
-229
-229
-229
-229
-228
-228
-227
-227
-226
-226
-226
-227
-227
-227
-228
-229
-230
-231
-232
-234
-235
-237
-238
-240
-241
-243
-244
-245
-247
-248
-248
-249
-249
-248
-247
-246
-244
-242
-240
-237
-234
-230
-226
-222
-218
-214
-210
-206
-202
-199
-196
-193
-191
-190
-188
-187
-187
-186
-186
-186
-185
-185
-184
-183
-182
-181
-179
-178
-176
-174
-173
-171
-169
-167
-165
-163
-160
-158
-156
-153
-150
-148
-145
-142
-139
-136
-133
-130
-126
-123
-120
-117
-114
-111
-107
-104
-100
-97
-94
-91
-87
-84
-81
-78
-75
-72
-69
-66
-63
-61
-58
-55
-53
-51
-49
-47
-45
-43
-41
-39
-37
-35
-33
-31
-29
-28
-26
-24
-23
-21
-19
-18
-16
-15
-13
-12
-11
-9
-7
-6
-4
-2
-1
0
1
3
4
6
7
8
9
11
12
13
14
15
16
17
17
18
19
20
21
22
22
23
24
24
25
25
25
26
26
26
26
27
27
27
27
28
28
29
29
30
30
31
32
33
34
34
35
36
37
37
38
39
39
40
41
42
43
43
44
45
46
47
47
48
49
49
50
50
49
50
50
51
52
52
53
54
55
56
57
59
60
62
64
66
69
71
74
77
80
83
85
88
92
95
98
101
104
107
110
112
115
117
119
122
124
126
128
129
131
133
135
136
138
139
140
141
142
143
144
144
145
145
145
145
145
145
145
145
145
145
145
145
145
146
146
146
146
146
146
146
146
146
146
146
146
146
146
146
146
146
145
145
145
145
144
144
144
143
143
142
142
142
141
141
141
140
140
140
139
139
139
138
137
136
136
134
134
132
131
130
130
129
129
129
129
129
129
130
131
132
133
135
136
137
139
140
142
143
144
145
146
147
148
149
150
151
152
152
153
154
155
156
157
158
159
159
160
161
161
162
162
162
162
161
160
159
159
158
157
156
155
153
152
151
151
150
149
149
148
148
147
147
148
148
149
150
151
152
153
154
155
157
158
160
162
164
166
168
170
173
175
178
181
184
187
190
193
196
200
203
206
209
212
214
216
218
219
220
220
220
220
219
218
217
216
215
213
212
210
208
207
205
203
201
199
197
195
192
190
189
187
185
184
182
181
181
180
178
178
178
178
178
178
178
178
177
177
176
175
175
174
173
171
170
169
167
165
163
161
158
155
153
150
148
146
143
141
138
136
133
131
129
127
124
121
119
116
113
111
108
105
102
99
96
93
91
88
86
83
81
79
77
76
74
74
73
72
71
70
70
69
68
67
67
66
65
64
64
63
63
62
62
62
62
62
63
63
64
64
65
66
67
68
69
70
71
72
74
75
76
77
78
80
81
82
82
83
84
84
84
84
85
85
86
86
86
87
87
87
88
88
88
88
88
87
87
87
87
86
86
86
86
87
86
87
87
88
89
90
92
93
94
94
94
95
95
96
96
96
95
95
95
94
94
93
92
92
91
91
90
89
88
87
86
86
85
84
83
82
81
80
80
80
80
80
80
80
80
81
81
82
82
82
83
83
84
84
84
84
84
85
85
85
85
86
86
86
87
87
88
89
90
91
92
94
96
98
100
103
104
107
110
113
116
118
120
123
126
129
130
133
135
137
140
142
143
145
147
149
151
154
156
158
161
164
167
170
173
176
179
182
185
188
189
192
195
197
200
202
204
205
207
209
211
212
214
215
215
216
217
218
219
220
221
221
222
223
224
224
225
225
226
227
227
227
228
228
228
228
228
228
228
228
228
228
229
229
230
230
231
232
233
233
233
234
235
236
237
238
239
239
240
241
241
242
241
241
241
241
241
241
241
241
241
241
241
240
240
240
240
240
241
241
241
242
242
242
243
243
243
244
244
244
244
244
245
245
245
245
245
245
245
245
245
245
246
246
247
248
249
250
252
254
255
258
260
261
264
266
269
271
273
275
277
278
279
279
279
279
279
279
278
276
275
273
270
268
265
262
259
257
254
252
249
247
244
242
241
239
237
236
234
232
230
229
226
224
222
219
218
215
213
210
207
206
204
201
199
197
195
193
193
191
190
189
188
188
187
187
187
187
187
187
187
187
187
187
187
186
186
185
185
184
183
182
181
180
179
178
177
176
175
174
173
171
170
170
168
166
164
162
159
157
154
150
147
144
140
138
134
130
127
123
119
116
113
110
106
103
99
97
93
90
86
83
80
77
73
69
67
63
60
56
52
50
47
43
40
37
34
33
31
29
27
25
24
23
23
23
24
24
25
25
26
27
28
30
31
32
32
33
34
35
36
38
39
40
41
42
43
44
44
44
45
45
44
44
43
41
40
38
36
35
33
30
27
25
22
19
18
15
13
10
8
6
4
2
1
0
-2
-4
-5
-6
-7
-7
-8
-9
-9
-9
-9
-9
-8
-7
-7
-6
-5
-4
-2
-1
0
2
4
6
8
10
11
13
14
16
17
18
19
19
20
21
22
22
23
24
25
26
27
29
30
31
33
34
37
39
40
42
44
46
48
49
51
53
55
57
59
61
63
65
67
69
71
73
75
77
79
80
82
83
84
84
85
85
85
85
85
85
86
86
85
85
84
85
85
84
84
84
84
85
85
85
84
84
84
84
84
83
82
81
80
80
79
77
76
75
73
72
71
69
68
67
65
64
62
60
58
56
53
51
49
46
43
41
38
36
33
31
29
26
25
23
22
21
20
19
19
18
18
19
20
20
21
22
22
23
24
26
27
28
30
30
32
33
35
37
38
39
40
42
43
45
46
47
49
50
52
53
55
56
56
57
58
58
59
59
59
60
60
60
60
60
60
60
60
60
60
60
61
61
62
62
63
63
64
65
65
65
66
66
66
67
67
68
68
69
69
70
70
71
72
72
72
73
73
73
73
73
74
74
74
74
74
74
74
73
73
72
71
70
69
68
67
66
65
64
63
62
61
60
58
56
55
54
52
51
50
49
48
46
45
44
43
42
41
40
40
39
39
39
38
38
38
37
37
37
36
36
35
34
33
32
31
31
30
29
27
26
25
23
23
22
20
19
18
17
16
16
15
15
15
15
15
15
15
15
16
16
16
15
15
15
15
14
14
13
13
13
13
12
13
13
13
13
14
15
16
17
18
19
21
23
24
26
28
31
33
36
39
42
45
47
50
53
55
58
60
62
64
65
66
66
67
67
67
66
65
64
63
62
61
59
58
58
57
56
55
54
52
51
50
48
48
46
44
42
39
37
34
31
28
25
21
19
15
12
10
8
6
4
4
4
4
5
6
8
10
13
16
18
22
25
29
33
36
39
42
44
47
49
51
53
55
56
58
59
60
62
63
64
66
67
69
70
72
73
74
75
75
76
77
77
77
77
77
77
76
76
76
75
75
74
74
74
74
74
74
74
75
75
75
75
75
75
75
75
75
75
75
75
75
75
75
75
75
75
75
76
76
76
77
77
76
76
76
76
76
75
74
73
72
71
69
67
66
64
63
62
60
58
57
56
55
54
53
52
50
49
48
47
45
44
43
42
41
40
39
37
36
35
34
33
33
32
31
30
29
29
28
27
26
24
24
22
20
19
17
15
14
13
11
10
9
9
8
8
8
8
9
9
10
10
11
12
13
13
13
14
15
15
16
16
17
17
17
16
16
16
15
15
14
14
14
14
13
13
13
13
12
12
12
11
11
10
10
9
8
7
7
6
5
5
4
4
3
2
1
0
0
0
-1
-2
-3
-3
-4
-4
-5
-5
-6
-6
-6
-6
-7
-8
-8
-8
-9
-10
-11
-11
-12
-13
-14
-15
-16
-17
-18
-19
-19
-20
-21
-21
-21
-21
-21
-21
-20
-20
-20
-20
-20
-21
-21
-21
-21
-21
-22
-23
-24
-25
-25
-26
-27
-28
-29
-29
-30
-31
-32
-32
-32
-33
-34
-35
-36
-36
-37
-38
-39
-40
-42
-42
-43
-45
-46
-47
-48
-49
-50
-51
-52
-53
-53
-54
-54
-54
-55
-55
-55
-55
-56
-56
-56
-57
-57
-58
-59
-59
-60
-61
-62
-63
-64
-64
-65
-66
-67
-68
-68
-69
-69
-69
-70
-70
-70
-70
-70
-69
-69
-69
-69
-69
-69
-68
-68
-68
-67
-66
-66
-65
-65
-64
-64
-63
-62
-61
-60
-59
-58
-57
-56
-55
-53
-52
-51
-50
-49
-48
-47
-47
-46
-46
-45
-45
-44
-44
-43
-43
-42
-42
-42
-41
-40
-40
-39
-39
-39
-38
-38
-38
-37
-37
-37
-36
-36
-35
-35
-35
-35
-35
-35
-35
-35
-36
-36
-35
-36
-37
-37
-38
-39
-41
-42
-42
-43
-45
-46
-48
-49
-51
-52
-54
-56
-57
-59
-61
-62
-64
-66
-67
-69
-70
-72
-74
-76
-78
-79
-81
-82
-83
-84
-85
-85
-86
-87
-88
-88
-89
-90
-90
-91
-92
-93
-94
-96
-97
-98
-98
-99
-100
-101
-102
-103
-104
-104
-105
-106
-107
-108
-109
-110
-111
-111
-112
-112
-113
-113
-113
-114
-114
-114
-114
-114
-114
-114
-113
-112
-112
-111
-110
-109
-108
-106
-105
-104
-102
-100
-99
-97
-95
-92
-90
-88
-86
-83
-80
-77
-74
-71
-68
-64
-62
-59
-55
-52
-50
-47
-44
-41
-39
-37
-34
-33
-31
-29
-27
-26
-25
-24
-23
-24
-23
-23
-23
-23
-24
-24
-25
-25
-27
-27
-28
-29
-29
-30
-31
-31
-32
-33
-33
-34
-35
-36
-37
-38
-39
-40
-41
-42
-44
-44
-45
-47
-48
-50
-51
-52
-54
-55
-56
-58
-59
-60
-60
-60
-61
-62
-62
-63
-63
-64
-64
-64
-65
-65
-65
-65
-66
-66
-66
-67
-67
-68
-69
-70
-71
-72
-73
-74
-76
-77
-78
-80
-81
-82
-83
-84
-85
-85
-86
-87
-88
-89
-90
-92
-93
-94
-95
-97
-98
-100
-101
-102
-103
-105
-106
-107
-108
-109
-109
-110
-110
-110
-110
-109
-109
-108
-108
-107
-107
-106
-107
-107
-107
-107
-108
-109
-110
-111
-112
-113
-115
-116
-116
-118
-119
-120
-121
-122
-123
-124
-125
-125
-126
-126
-126
-126
-126
-126
-126
-127
-127
-127
-127
-128
-128
-129
-130
-131
-131
-132
-133
-134
-134
-134
-134
-134
-135
-135
-134
-133
-133
-133
-132
-132
-132
-131
-131
-131
-130
-130
-130
-130
-130
-130
-130
-129
-129
-129
-128
-128
-127
-126
-124
-123
-122
-121
-119
-118
-117
-116
-115
-114
-113
-113
-112
-111
-110
-109
-108
-106
-105
-104
-102
-100
-99
-97
-94
-92
-91
-88
-86
-84
-81
-79
-77
-74
-72
-70
-68
-66
-64
-62
-60
-58
-56
-54
-52
-50
-49
-47
-46
-44
-43
-42
-41
-40
-40
-39
-39
-39
-38
-38
-38
-39
-39
-39
-40
-40
-41
-41
-42
-42
-43
-44
-44
-44
-44
-45
-45
-44
-44
-44
-44
-43
-43
-42
-42
-41
-40
-39
-38
-37
-36
-35
-35
-34
-33
-32
-31
-30
-30
-28
-27
-26
-24
-23
-23
-22
-21
-20
-19
-19
-17
-16
-16
-15
-14
-12
-12
-10
-9
-7
-7
-5
-4
-2
-1
-1
0
0
1
1
2
3
2
3
3
4
4
5
5
6
6
6
7
7
7
7
6
6
6
5
5
4
3
2
2
1
0
0
-1
-1
-2
-3
-4
-4
-4
-5
-5
-6
-6
-6
-6
-6
-6
-6
-6
-6
-6
-6
-5
-5
-6
-7
-8
-10
-12
-14
-16
-17
-20
-22
-25
-28
-31
-33
-35
-38
-41
-44
-48
-51
-54
-57
-60
-63
-66
-70
-72
-75
-78
-80
-82
-83
-84
-85
-86
-87
-88
-89
-90
-91
-93
-94
-95
-96
-97
-98
-99
-99
-99
-99
-98
-97
-96
-94
-93
-91
-89
-88
-86
-85
-84
-84
-83
-84
-84
-85
-86
-87
-88
-90
-91
-93
-94
-95
-96
-97
-98
-99
-100
-100
-101
-101
-101
-101
-99
-99
-99
-98
-98
-97
-97
-96
-95
-94
-93
-92
-91
-90
-88
-87
-86
-85
-84
-83
-82
-82
-80
-80
-80
-80
-80
-81
-80
-81
-81
-82
-83
-82
-83
-84
-85
-86
-86
-88
-89
-90
-91
-92
-92
-92
-92
-92
-92
-92
-91
-91
-90
-89
-88
-87
-86
-85
-84
-83
-82
-81
-80
-78
-77
-75
-73
-71
-69
-66
-63
-60
-57
-53
-49
-44
-39
-34
-29
-24
-18
-14
-9
-4
0
2
6
9
12
15
18
22
25
27
30
33
36
39
42
44
47
49
52
54
56
58
59
61
62
62
63
64
63
63
63
62
61
61
60
61
61
61
62
63
64
66
68
69
71
73
74
76
77
78
81
82
83
84
85
87
88
89
91
91
92
93
94
95
97
97
98
98
98
99
99
98
98
98
97
96
97
96
95
96
96
96
97
98
99
100
101
103
104
106
108
110
112
113
115
116
118
120
122
124
125
127
130
131
133
136
137
140
142
143
146
147
149
151
152
155
156
158
161
163
166
167
170
172
175
178
180
183
185
187
189
191
193
194
196
196
197
198
200
201
202
203
203
204
205
206
207
207
208
209
210
210
210
210
211
211
210
210
209
208
208
207
207
207
206
206
206
205
205
205
204
204
203
203
202
202
202
201
200
199
199
198
197
196
195
193
192
191
189
187
185
182
180
178
175
172
169
167
164
161
159
156
153
151
149
146
143
140
137
135
132
129
127
124
122
120
118
117
115
114
112
111
110
109
108
107
106
105
105
103
103
103
103
103
103
103
102
101
101
100
99
98
97
95
94
92
90
88
87
85
83
81
78
76
73
71
68
65
61
58
55
51
48
45
42
39
36
32
29
26
23
20
17
14
10
8
4
2
0
-3
-6
-9
-12
-14
-17
-20
-23
-25
-28
-30
-33
-34
-36
-38
-39
-41
-42
-44
-45
-47
-48
-49
-50
-51
-52
-54
-55
-56
-56
-57
-59
-59
-60
-60
-61
-63
-63
-64
-64
-64
-66
-66
-65
-65
-66
-66
-65
-65
-66
-66
-66
-66
-67
-67
-68
-68
-70
-71
-72
-72
-73
-75
-76
-76
-77
-79
-79
-80
-81
-83
-83
-84
-85
-87
-88
-89
-90
-91
-93
-94
-95
-96
-97
-98
-99
-99
-100
-101
-101
-102
-102
-102
-102
-103
-103
-103
-103
-103
-104
-105
-105
-105
-105
-106
-106
-107
-109
-109
-110
-111
-111
-112
-112
-114
-114
-115
-115
-115
-116
-116
-116
-116
-117
-117
-117
-117
-118
-118
-119
-119
-119
-120
-121
-121
-120
-121
-121
-120
-119
-119
-118
-117
-116
-115
-113
-113
-111
-110
-108
-106
-104
-104
-102
-100
-98
-96
-96
-94
-93
-92
-91
-90
-89
-90
-89
-89
-89
-89
-89
-89
-90
-90
-90
-90
-90
-90
-90
-91
-91
-92
-92
-92
-93
-93
-94
-96
-97
-98
-98
-99
-100
-101
-101
-100
-100
-100
-99
-98
-96
-95
-94
-92
-91
-90
-88
-87
-85
-85
-83
-82
-80
-79
-78
-76
-76
-74
-73
-72
-70
-69
-68
-67
-66
-65
-64
-63
-62
-61
-60
-60
-60
-60
-59
-59
-59
-58
-58
-57
-56
-55
-54
-53
-51
-51
-50
-49
-48
-48
-47
-47
-46
-45
-45
-45
-45
-45
-45
-45
-45
-45
-46
-46
-47
-49
-50
-51
-52
-52
-53
-54
-55
-55
-56
-57
-57
-59
-59
-60
-60
-60
-61
-62
-62
-63
-63
-64
-64
-65
-65
-65
-66
-66
-67
-67
-67
-67
-67
-67
-68
-67
-67
-67
-67
-67
-67
-67
-67
-67
-66
-65
-65
-64
-63
-63
-62
-61
-61
-60
-60
-59
-59
-59
-58
-58
-58
-58
-58
-58
-57
-57
-57
-56
-56
-54
-54
-52
-51
-50
-48
-47
-45
-44
-43
-41
-40
-40
-38
-39
-38
-39
-39
-40
-40
-42
-43
-44
-46
-47
-49
-50
-52
-54
-57
-59
-61
-63
-66
-69
-71
-74
-77
-80
-82
-84
-87
-90
-92
-95
-98
-99
-101
-103
-105
-106
-107
-108
-109
-109
-109
-109
-108
-108
-107
-106
-105
-104
-103
-102
-101
-100
-99
-98
-98
-97
-97
-97
-97
-97
-97
-97
-99
-99
-99
-100
-101
-102
-103
-104
-105
-105
-107
-107
-108
-109
-110
-110
-112
-112
-112
-113
-113
-113
-113
-113
-113
-113
-113
-113
-113
-113
-114
-114
-115
-115
-116
-117
-117
-118
-119
-120
-120
-121
-122
-123
-123
-124
-124
-125
-125
-126
-125
-125
-126
-126
-127
-127
-127
-127
-127
-128
-127
-128
-129
-129
-129
-129
-129
-129
-128
-128
-128
-128
-127
-126
-125
-124
-123
-123
-122
-122
-121
-121
-120
-120
-119
-119
-119
-119
-120
-120
-120
-122
-123
-124
-125
-126
-127
-128
-129
-130
-131
-132
-132
-133
-133
-134
-133
-133
-134
-134
-134
-135
-134
-134
-134
-133
-134
-134
-133
-133
-132
-132
-131
-131
-130
-129
-129
-128
-127
-126
-125
-124
-123
-122
-121
-120
-120
-119
-119
-118
-117
-117
-117
-118
-117
-118
-118
-118
-118
-119
-119
-119
-119
-120
-121
-121
-122
-122
-122
-123
-123
-124
-124
-126
-126
-127
-128
-128
-130
-131
-133
-133
-135
-136
-137
-139
-140
-141
-143
-144
-145
-146
-148
-149
-150
-151
-153
-154
-155
-156
-158
-158
-160
-160
-162
-162
-164
-165
-166
-167
-168
-170
-171
-171
-173
-174
-175
-176
-177
-178
-180
-180
-181
-182
-182
-183
-184
-184
-184
-185
-185
-185
-186
-186
-186
-187
-187
-188
-189
-189
-190
-190
-191
-192
-192
-193
-193
-195
-195
-196
-198
-199
-201
-202
-204
-206
-208
-210
-213
-216
-218
-221
-223
-226
-229
-232
-234
-236
-239
-240
-243
-244
-246
-248
-249
-251
-252
-252
-253
-254
-254
-254
-254
-254
-253
-252
-252
-251
-250
-248
-246
-245
-242
-240
-237
-235
-232
-230
-227
-224
-222
-219
-217
-215
-213
-210
-209
-208
-206
-205
-205
-204
-203
-204
-204
-203
-204
-204
-205
-205
-205
-205
-205
-206
-206
-206
-205
-205
-205
-205
-205
-204
-204
-203
-202
-201
-200
-199
-197
-196
-194
-193
-191
-190
-188
-186
-184
-181
-179
-177
-175
-173
-171
-169
-167
-165
-164
-162
-161
-159
-157
-155
-154
-153
-151
-150
-148
-146
-144
-143
-141
-139
-136
-135
-132
-130
-129
-125
-123
-120
-118
-115
-112
-109
-106
-103
-101
-99
-96
-94
-93
-91
-89
-87
-86
-84
-83
-82
-80
-79
-78
-77
-76
-74
-73
-72
-71
-70
-69
-68
-67
-67
-66
-65
-64
-64
-63
-63
-63
-62
-62
-62
-63
-63
-63
-63
-63
-63
-63
-63
-62
-62
-62
-61
-62
-61
-61
-61
-61
-62
-62
-62
-62
-63
-63
-63
-64
-64
-65
-66
-66
-67
-68
-69
-69
-70
-70
-71
-70
-70
-70
-70
-70
-70
-70
-71
-71
-72
-73
-73
-74
-75
-76
-77
-77
-79
-79
-81
-81
-83
-83
-85
-86
-87
-89
-90
-92
-94
-95
-97
-99
-100
-103
-105
-107
-109
-111
-113
-115
-118
-120
-122
-124
-126
-128
-131
-133
-134
-136
-137
-138
-140
-141
-142
-142
-143
-143
-143
-142
-141
-141
-139
-137
-135
-133
-131
-128
-126
-124
-121
-119
-117
-116
-114
-114
-112
-111
-111
-111
-110
-111
-110
-111
-111
-111
-110
-111
-111
-110
-109
-109
-108
-108
-106
-106
-105
-103
-103
-102
-101
-102
-102
-103
-104
-105
-108
-110
-113
-116
-120
-123
-127
-131
-134
-137
-140
-142
-145
-147
-147
-149
-150
-150
-151
-151
-151
-151
-150
-150
-149
-148
-147
-145
-145
-143
-142
-140
-139
-138
-136
-135
-135
-134
-133
-132
-132
-131
-132
-131
-131
-130
-130
-130
-129
-129
-128
-126
-126
-125
-123
-122
-120
-120
-118
-117
-115
-115
-113
-112
-112
-111
-111
-111
-111
-110
-111
-110
-110
-110
-110
-109
-109
-108
-108
-107
-107
-107
-106
-106
-106
-106
-106
-106
-105
-105
-105
-104
-103
-104
-104
-103
-103
-103
-103
-103
-103
-103
-102
-101
-100
-99
-98
-97
-96
-94
-94
-92
-90
-90
-88
-86
-85
-83
-81
-80
-79
-77
-76
-75
-75
-74
-73
-72
-73
-72
-72
-72
-71
-70
-69
-68
-67
-64
-63
-61
-59
-57
-54
-51
-49
-46
-44
-42
-40
-39
-37
-36
-35
-35
-34
-34
-34
-34
-35
-34
-35
-34
-34
-34
-32
-32
-31
-30
-29
-28
-27
-26
-25
-24
-23
-22
-21
-20
-19
-18
-17
-16
-15
-14
-13
-11
-11
-10
-9
-6
-5
-3
-2
0
2
4
6
8
10
13
15
17
18
20
22
22
24
27
29
30
33
36
38
41
43
47
49
52
55
57
60
62
65
67
69
71
73
75
77
78
80
82
84
86
88
89
91
93
94
95
96
97
98
98
98
99
99
100
100
101
102
102
103
104
105
107
108
109
111
113
115
117
120
122
126
130
133
138
142
147
152
157
162
167
172
177
182
186
191
195
199
203
207
210
214
218
222
226
229
233
237
240
244
248
250
253
256
258
261
263
266
269
270
273
276
278
280
283
285
287
289
290
292
294
295
296
297
297
299
300
301
301
302
303
304
304
305
305
305
306
306
305
305
305
305
305
305
305
305
305
306
306
306
308
309
311
312
314
317
320
323
325
328
330
333
335
337
339
340
342
344
346
346
348
349
351
352
353
355
355
357
358
360
360
362
362
364
366
368
370
373
375
377
380
381
383
386
387
388
390
391
393
394
395
397
398
399
401
402
403
404
405
406
406
407
407
407
407
407
407
407
406
407
406
406
407
407
408
408
409
411
412
414
416
419
421
424
425
428
430
431
432
434
435
436
437
439
440
441
442
443
445
446
447
447
448
448
448
449
449
450
450
450
451
451
451
451
451
450
449
449
448
447
446
444
443
441
439
436
434
432
429
426
423
419
416
414
410
407
404
401
399
396
393
390
388
385
382
379
377
373
370
368
365
363
360
357
355
353
350
348
346
344
342
340
338
336
334
333
331
329
328
326
323
321
320
318
316
313
311
309
307
305
304
302
300
298
297
295
293
290
287
285
282
279
276
273
270
266
263
259
255
251
247
242
237
233
228
224
220
215
211
207
203
200
197
194
191
188
186
183
181
179
178
177
176
175
175
175
174
174
174
175
175
175
175
176
175
175
174
173
172
172
170
169
167
166
165
164
163
163
162
161
161
162
163
164
165
167
169
172
174
177
179
182
184
186
189
191
192
193
194
194
194
195
193
193
192
190
190
189
187
186
186
185
184
183
183
183
182
183
183
183
184
185
187
188
191
193
195
196
199
201
203
204
207
209
211
213
216
219
221
225
228
231
235
238
241
245
248
252
255
258
261
265
268
271
274
276
279
281
283
286
288
290
291
293
294
295
296
297
297
297
296
296
296
295
294
293
292
293
292
292
292
294
295
295
297
298
300
301
302
303
304
305
305
305
306
306
307
306
306
306
307
306
306
304
304
303
302
301
299
299
298
296
295
294
292
291
289
287
285
283
281
278
276
274
272
270
268
266
264
262
260
258
256
254
252
251
248
247
245
243
242
240
239
237
236
234
233
231
229
228
226
224
223
221
220
218
216
214
212
210
208
205
202
199
196
193
190
187
184
180
177
174
170
167
163
160
157
153
150
147
143
140
137
133
130
127
124
121
118
116
113
111
110
107
106
105
105
103
103
102
102
102
101
101
101
100
99
99
98
98
98
97
97
96
95
94
94
93
92
90
89
87
86
85
83
81
80
77
75
73
71
68
66
64
61
59
57
54
51
50
47
45
42
41
39
37
35
33
31
29
27
25
23
21
18
17
14
12
10
8
6
3
1
0
-3
-5
-8
-9
-11
-11
-13
-13
-14
-14
-14
-14
-13
-13
-13
-13
-13
-13
-12
-13
-13
-13
-13
-12
-13
-13
-13
-13
-12
-12
-12
-12
-11
-10
-9
-9
-8
-7
-7
-5
-5
-4
-3
-2
-3
-2
-2
-2
-2
-2
-3
-3
-3
-4
-4
-5
-4
-5
-5
-5
-5
-5
-6
-6
-7
-8
-8
-8
-9
-11
-11
-11
-12
-13
-14
-14
-15
-15
-16
-15
-16
-16
-16
-16
-15
-15
-14
-14
-13
-13
-11
-11
-9
-8
-6
-5
-3
-1
0
3
5
7
9
11
13
15
16
18
19
20
20
19
19
18
16
14
12
11
8
6
4
1
0
-1
-3
-5
-7
-9
-11
-13
-14
-16
-17
-18
-20
-21
-23
-24
-26
-27
-28
-30
-31
-33
-34
-37
-39
-40
-42
-43
-45
-46
-48
-50
-52
-54
-56
-59
-62
-64
-66
-68
-71
-74
-75
-77
-80
-82
-84
-86
-88
-90
-91
-93
-96
-97
-99
-101
-102
-104
-106
-107
-110
-112
-114
-117
-119
-122
-126
-128
-131
-135
-137
-141
-144
-148
-150
-154
-158
-161
-165
-168
-171
-174
-177
-180
-183
-185
-187
-190
-191
-193
-195
-196
-198
-200
-201
-202
-203
-204
-205
-207
-208
-209
-210
-211
-212
-213
-213
-215
-216
-216
-218
-219
-219
-220
-221
-222
-222
-223
-224
-224
-224
-224
-224
-224
-224
-224
-224
-223
-223
-223
-223
-222
-221
-221
-221
-220
-220
-219
-219
-218
-217
-217
-215
-215
-214
-213
-213
-213
-212
-212
-212
-212
-212
-212
-211
-211
-210
-209
-208
-207
-206
-205
-204
-203
-203
-202
-201
-201
-200
-200
-200
-200
-200
-200
-200
-201
-201
-201
-202
-202
-204
-204
-205
-206
-207
-209
-210
-211
-213
-215
-217
-219
-221
-224
-227
-230
-233
-237
-241
-244
-248
-252
-255
-259
-263
-266
-270
-273
-276
-280
-282
-286
-288
-291
-292
-295
-297
-299
-301
-302
-304
-304
-305
-305
-305
-306
-305
-305
-304
-303
-302
-301
-299
-297
-295
-292
-290
-286
-283
-279
-276
-272
-269
-266
-262
-259
-257
-254
-251
-249
-246
-244
-242
-240
-238
-237
-235
-233
-231
-230
-228
-227
-226
-224
-222
-221
-219
-218
-216
-215
-214
-212
-212
-211
-211
-210
-210
-209
-209
-208
-209
-208
-209
-208
-209
-209
-208
-209
-209
-208
-208
-208
-208
-207
-207
-206
-204
-204
-202
-201
-199
-197
-194
-192
-189
-186
-182
-179
-174
-171
-166
-162
-159
-154
-151
-147
-144
-141
-139
-136
-134
-133
-130
-129
-128
-126
-125
-123
-121
-120
-118
-116
-114
-112
-110
-108
-104
-102
-100
-97
-93
-90
-86
-83
-80
-77
-74
-70
-67
-63
-60
-57
-54
-51
-47
-44
-41
-38
-35
-32
-30
-27
-25
-23
-21
-19
-17
-16
-15
-14
-13
-11
-11
-10
-10
-8
-8
-7
-8
-7
-6
-6
-6
-5
-5
-5
-5
-4
-4
-3
-4
-3
-2
-2
-1
-1
-1
0
0
0
0
0
0
-1
-1
-1
-2
-2
-3
-4
-4
-6
-7
-8
-9
-10
-12
-13
-15
-16
-19
-20
-22
-25
-26
-29
-32
-34
-37
-40
-41
-44
-47
-50
-52
-55
-57
-60
-63
-65
-68
-70
-73
-75
-77
-80
-81
-84
-86
-88
-89
-91
-93
-95
-97
-98
-99
-101
-102
-103
-105
-106
-108
-109
-111
-112
-114
-116
-117
-119
-120
-122
-123
-124
-125
-126
-127
-127
-128
-129
-128
-128
-128
-128
-127
-127
-127
-126
-125
-125
-124
-123
-122
-121
-120
-118
-118
-115
-114
-112
-111
-109
-108
-106
-104
-101
-100
-98
-95
-93
-91
-88
-86
-84
-81
-79
-77
-76
-74
-72
-71
-70
-69
-68
-67
-67
-66
-66
-66
-65
-65
-65
-65
-65
-65
-65
-65
-65
-66
-67
-67
-68
-70
-70
-72
-72
-74
-75
-75
-76
-77
-77
-78
-78
-78
-79
-78
-78
-78
-78
-77
-77
-75
-75
-73
-72
-71
-70
-69
-68
-67
-65
-64
-62
-61
-59
-57
-56
-54
-53
-51
-49
-48
-46
-45
-43
-41
-40
-39
-37
-37
-36
-34
-34
-33
-33
-32
-32
-31
-30
-30
-30
-30
-30
-30
-30
-30
-31
-31
-31
-32
-32
-32
-32
-32
-33
-33
-34
-34
-35
-36
-36
-37
-37
-38
-39
-39
-40
-40
-41
-42
-43
-44
-45
-46
-46
-47
-48
-49
-50
-51
-51
-52
-53
-53
-54
-54
-55
-55
-55
-55
-55
-55
-55
-56
-56
-56
-56
-57
-58
-59
-59
-61
-62
-63
-65
-65
-68
-68
-70
-72
-73
-74
-76
-77
-79
-81
-82
-84
-86
-88
-89
-92
-94
-96
-98
-100
-102
-104
-106
-108
-110
-112
-114
-116
-118
-120
-122
-124
-126
-129
-131
-133
-134
-136
-139
-141
-143
-145
-148
-150
-152
-154
-156
-157
-159
-161
-161
-162
-164
-164
-165
-166
-166
-167
-168
-168
-169
-169
-170
-171
-171
-172
-173
-174
-175
-175
-176
-178
-179
-180
-181
-182
-183
-184
-185
-186
-187
-188
-189
-189
-190
-190
-190
-191
-191
-191
-191
-191
-192
-192
-192
-193
-194
-195
-196
-197
-198
-200
-201
-203
-204
-206
-207
-210
-212
-214
-216
-217
-219
-221
-222
-223
-224
-223
-224
-224
-223
-222
-221
-219
-217
-214
-212
-209
-206
-203
-200
-197
-193
-190
-188
-185
-182
-180
-178
-176
-175
-173
-173
-172
-172
-172
-172
-173
-173
-174
-174
-175
-176
-177
-178
-179
-180
-181
-182
-183
-184
-185
-186
-187
-188
-189
-191
-192
-193
-194
-195
-196
-196
-198
-198
-198
-199
-199
-199
-200
-199
-199
-199
-198
-198
-197
-196
-196
-195
-195
-193
-192
-192
-191
-190
-189
-189
-189
-187
-187
-187
-186
-186
-186
-186
-185
-185
-185
-185
-185
-185
-185
-184
-184
-183
-182
-182
-180
-180
-178
-177
-175
-174
-173
-171
-169
-167
-165
-164
-162
-159
-158
-156
-154
-153
-151
-149
-147
-145
-143
-141
-140
-138
-136
-134
-133
-130
-129
-128
-127
-125
-124
-123
-121
-121
-120
-119
-118
-117
-117
-117
-116
-115
-115
-115
-115
-114
-113
-113
-112
-112
-111
-110
-109
-108
-107
-105
-104
-103
-101
-99
-98
-96
-95
-93
-91
-90
-88
-87
-86
-85
-84
-83
-82
-81
-81
-79
-79
-79
-78
-78
-77
-77
-77
-77
-77
-77
-77
-77
-78
-79
-78
-79
-79
-80
-81
-81
-81
-81
-82
-82
-81
-82
-81
-81
-81
-81
-81
-80
-80
-81
-81
-82
-83
-83
-84
-85
-86
-87
-89
-90
-91
-92
-92
-93
-94
-94
-95
-96
-96
-96
-96
-96
-96
-95
-95
-95
-94
-93
-93
-92
-91
-91
-90
-89
-88
-87
-86
-85
-84
-83
-82
-82
-81
-81
-80
-80
-80
-80
-80
-80
-80
-80
-80
-79
-79
-78
-78
-77
-76
-76
-74
-73
-72
-71
-69
-68
-67
-65
-63
-62
-61
-59
-58
-57
-56
-55
-54
-53
-53
-51
-51
-51
-50
-49
-48
-47
-47
-45
-44
-43
-41
-40
-38
-37
-35
-33
-31
-29
-27
-24
-23
-20
-18
-16
-14
-11
-9
-7
-5
-3
-1
0
1
2
3
4
5
6
6
6
6
6
6
6
5
5
4
4
3
3
3
2
1
1
1
0
0
0
1
0
1
1
2
2
3
4
5
6
6
7
8
9
9
11
11
13
14
15
17
18
19
21
22
23
25
27
28
29
31
32
34
35
36
38
38
39
40
41
42
42
43
43
44
44
45
44
45
45
44
44
44
44
44
43
43
42
42
41
40
40
39
38
38
37
37
36
36
36
36
37
37
37
38
38
39
40
40
41
42
43
44
45
46
47
48
49
50
51
52
53
54
55
57
59
60
62
63
64
66
67
68
70
71
72
73
74
75
75
76
76
77
77
77
77
77
78
77
78
78
78
79
79
79
79
79
79
80
80
80
80
80
80
81
81
81
81
81
82
81
82
82
82
82
83
83
84
84
84
84
84
84
84
84
84
83
83
82
81
80
80
79
78
77
76
76
75
74
74
73
73
73
72
73
73
73
73
73
73
74
74
74
74
75
75
76
76
76
77
78
78
78
79
79
79
80
80
80
79
80
80
80
79
79
78
78
77
76
76
75
74
74
72
71
70
69
68
66
65
63
62
60
58
57
56
54
53
51
50
48
46
45
44
42
41
39
38
36
35
34
32
31
29
27
26
24
22
21
20
18
16
15
14
12
11
9
8
7
5
5
4
3
2
1
0
0
0
-1
-1
-2
-2
-3
-4
-4
-5
-6
-7
-8
-8
-9
-10
-11
-11
-12
-13
-14
-15
-16
-16
-17
-18
-19
-20
-21
-22
-23
-24
-25
-26
-27
-29
-29
-30
-31
-32
-33
-33
-35
-35
-36
-37
-38
-39
-40
-41
-42
-43
-44
-45
-46
-46
-47
-49
-49
-50
-51
-52
-53
-54
-54
-55
-56
-57
-58
-59
-60
-61
-62
-62
-63
-64
-65
-65
-65
-66
-66
-65
-64
-63
-63
-61
-60
-59
-57
-55
-53
-51
-49
-47
-44
-42
-40
-37
-35
-33
-31
-29
-27
-25
-23
-22
-21
-19
-18
-17
-16
-16
-15
-15
-15
-15
-14
-15
-14
-15
-14
-15
-14
-14
-14
-14
-12
-12
-12
-10
-10
-9
-8
-7
-6
-5
-3
-2
-1
0
1
3
5
7
9
11
13
15
17
19
21
23
25
27
29
31
34
35
38
40
42
44
47
49
51
53
55
57
59
60
61
62
64
65
65
66
66
66
65
65
64
64
63
62
62
61
61
60
60
59
59
58
57
57
56
55
54
53
51
50
48
46
44
43
41
38
36
33
31
29
27
24
22
21
18
17
15
14
12
11
10
9
9
8
7
8
8
8
8
9
9
9
10
10
11
12
12
12
13
14
14
14
14
14
14
13
13
13
12
12
11
11
10
9
8
7
7
5
5
4
3
2
1
0
0
-1
-1
-2
-2
-3
-4
-4
-5
-5
-5
-5
-6
-6
-6
-7
-8
-8
-9
-9
-10
-11
-12
-13
-14
-16
-17
-19
-21
-23
-25
-27
-29
-32
-33
-35
-37
-39
-40
-42
-44
-45
-46
-47
-48
-49
-49
-49
-49
-49
-48
-48
-47
-46
-46
-45
-44
-43
-42
-42
-41
-40
-40
-40
-40
-40
-40
-41
-41
-42
-43
-43
-44
-44
-45
-45
-45
-45
-46
-46
-46
-46
-46
-46
-46
-46
-46
-46
-46
-46
-46
-46
-47
-47
-46
-46
-46
-46
-46
-46
-46
-46
-46
-46
-46
-46
-46
-47
-47
-48
-48
-49
-50
-52
-53
-54
-55
-57
-58
-59
-60
-61
-62
-63
-63
-64
-65
-65
-66
-67
-67
-67
-68
-68
-68
-69
-69
-69
-69
-69
-69
-69
-69
-69
-68
-68
-67
-66
-65
-64
-63
-61
-60
-58
-56
-54
-52
-50
-48
-46
-44
-42
-41
-40
-38
-37
-36
-35
-34
-34
-33
-32
-32
-31
-31
-31
-31
-30
-30
-30
-29
-28
-28
-27
-26
-24
-24
-23
-22
-21
-21
-20
-20
-19
-18
-18
-18
-17
-18
-18
-18
-18
-18
-19
-19
-20
-21
-21
-21
-22
-22
-23
-23
-23
-23
-23
-23
-22
-22
-22
-22
-22
-21
-21
-21
-20
-20
-19
-19
-18
-18
-17
-16
-15
-14
-13
-11
-10
-9
-8
-6
-5
-4
-3
-2
-1
0
0
0
0
0
0
0
0
0
0
0
0
0
0
1
1
2
3
4
5
6
8
9
9
10
10
11
11
11
11
10
10
9
7
6
4
1
0
-2
-4
-8
-11
-13
-16
-19
-22
-24
-27
-28
-31
-33
-35
-37
-38
-40
-42
-43
-44
-46
-47
-48
-49
-50
-51
-52
-53
-54
-55
-57
-58
-59
-60
-62
-63
-65
-67
-68
-70
-71
-74
-76
-77
-79
-81
-82
-84
-85
-86
-86
-88
-88
-88
-88
-88
-87
-87
-86
-84
-83
-82
-80
-77
-75
-73
-70
-68
-67
-63
-61
-59
-57
-54
-52
-50
-48
-45
-44
-42
-40
-38
-37
-35
-33
-31
-29
-28
-26
-24
-22
-20
-18
-16
-13
-11
-8
-6
-4
-2
-1
1
2
4
5
7
8
10
11
13
15
17
18
20
21
23
24
26
28
30
31
33
35
36
39
40
42
44
45
46
47
48
49
50
50
51
52
52
53
54
55
55
56
57
58
59
60
61
62
63
64
65
67
68
70
71
72
73
74
74
75
76
76
77
77
78
78
78
79
79
79
79
79
79
80
80
80
80
80
80
80
80
80
80
80
80
80
80
80
80
80
80
80
80
80
80
80
80
79
79
79
78
78
77
77
76
76
76
76
76
76
77
77
78
79
80
81
81
83
84
85
86
87
88
88
89
90
90
91
91
92
92
92
93
93
94
95
96
96
97
98
99
100
101
103
104
106
107
108
108
109
110
110
110
110
111
110
110
109
109
108
108
106
105
105
104
103
102
100
100
98
97
96
95
93
92
91
89
89
87
86
85
85
84
84
83
83
83
83
83
84
84
85
86
87
87
88
89
90
91
91
92
92
93
93
93
93
92
92
92
92
91
90
89
89
88
87
87
86
85
84
83
82
82
81
80
80
79
78
77
76
75
74
73
72
71
69
69
68
66
65
64
63
62
61
60
59
59
59
58
58
57
57
57
57
58
58
58
59
60
61
63
64
66
68
70
72
74
77
79
81
83
85
87
88
90
91
92
93
93
94
94
94
94
93
93
92
91
90
89
87
87
85
84
84
82
82
81
80
79
78
77
76
75
74
73
72
72
72
71
71
71
71
70
71
71
72
73
74
75
76
78
80
82
85
88
90
94
97
100
103
107
110
113
116
119
123
126
130
133
136
140
143
146
149
152
155
159
161
164
167
170
172
175
177
179
181
182
184
185
186
187
187
188
189
189
189
189
189
189
189
188
189
189
189
190
190
191
191
192
193
194
196
197
199
200
202
203
205
206
208
209
211
212
213
215
216
218
219
221
222
224
225
226
228
229
230
232
233
235
236
238
239
240
241
241
243
242
243
243
242
241
241
239
237
235
234
232
229
227
224
222
219
216
213
210
207
205
202
200
197
195
193
190
188
186
184
182
181
178
177
175
173
171
169
167
166
163
161
159
158
155
153
151
149
146
144
142
140
138
136
133
132
129
126
125
122
119
116
113
110
107
104
100
97
94
91
88
85
82
79
77
74
72
69
67
66
64
62
60
58
56
54
52
50
49
47
45
44
43
41
39
37
36
35
34
33
33
32
32
32
32
33
34
35
36
37
39
41
42
44
45
48
49
51
53
54
55
56
58
59
59
60
61
62
63
63
65
65
65
66
66
66
67
66
66
66
66
65
64
63
62
61
60
60
58
58
57
56
55
54
54
53
53
53
52
52
51
51
51
50
50
50
50
50
50
50
51
51
51
52
53
54
55
56
58
60
61
64
65
67
70
71
74
76
78
80
83
86
87
90
92
95
97
99
101
103
105
106
108
109
111
113
114
116
117
119
121
123
124
126
128
129
132
133
135
137
139
141
142
144
147
148
150
152
154
155
157
158
160
161
163
164
165
167
168
169
170
172
173
174
175
176
177
178
179
181
182
183
185
186
188
189
190
191
192
193
192
193
192
191
190
190
188
187
185
183
181
179
176
174
173
171
168
167
166
164
164
163
162
161
161
160
161
161
160
160
161
161
161
162
162
163
164
165
165
167
167
169
170
171
171
172
173
173
174
174
175
175
175
175
174
174
173
172
172
170
169
168
167
165
164
162
161
159
159
157
156
155
154
153
151
150
148
147
146
145
144
143
141
141
140
139
138
137
136
135
135
134
134
133
133
132
131
131
131
130
130
130
130
129
129
129
130
129
130
131
132
133
133
134
135
137
138
139
140
142
144
145
146
148
150
150
152
153
154
155
155
156
156
156
156
156
156
155
154
154
154
153
152
152
152
151
151
150
150
150
149
148
148
147
146
145
144
143
142
141
139
138
137
135
133
132
130
129
127
125
124
122
121
119
119
117
116
115
114
113
113
112
111
111
110
110
109
109
108
108
108
108
108
107
108
108
109
109
110
111
111
112
113
114
115
117
118
120
121
122
124
125
127
128
129
131
132
133
135
135
137
137
138
138
139
139
140
140
140
140
140
140
140
141
140
141
140
141
141
140
140
139
139
139
138
138
137
137
136
136
135
135
134
134
133
132
132
132
131
131
131
130
131
131
131
132
132
133
133
134
135
136
137
138
138
139
140
140
142
142
144
145
146
147
148
149
151
152
154
156
158
159
161
163
164
166
168
170
172
173
174
175
175
177
177
178
178
179
179
179
180
180
180
181
180
180
180
180
180
179
179
179
178
177
176
176
175
175
174
173
172
171
170
170
169
169
169
169
169
169
169
170
170
170
170
171
171
171
171
171
171
170
170
170
170
169
168
167
166
165
164
162
161
159
158
156
155
153
151
150
148
146
143
142
140
139
137
135
133
131
130
128
126
125
124
122
121
120
119
118
117
117
116
115
115
115
114
114
114
114
115
115
115
115
115
115
115
115
115
115
114
114
114
114
114
113
113
112
112
112
112
112
111
111
112
112
112
112
112
112
111
111
111
111
111
111
111
111
111
110
111
111
111
112
111
111
112
112
112
112
112
112
111
111
111
111
110
109
109
108
108
108
107
107
107
107
106
106
105
106
105
105
106
105
106
106
107
108
108
109
110
111
112
114
116
118
120
121
124
126
128
130
132
134
136
137
138
139
140
140
140
139
138
137
136
135
133
131
129
127
125
123
121
119
117
115
114
112
111
110
109
108
107
107
107
107
106
107
107
107
108
109
109
109
111
111
112
113
114
115
117
118
119
120
121
122
122
124
124
125
125
125
126
125
125
125
124
123
123
122
122
121
121
120
120
119
119
119
120
120
121
121
122
123
125
126
127
129
131
132
134
136
137
138
140
141
142
143
144
145
146
147
149
149
150
152
153
154
155
157
158
159
161
163
164
166
167
169
171
172
174
176
177
179
180
182
184
186
186
188
189
191
192
193
194
194
195
195
196
197
198
198
199
200
200
201
202
203
205
206
208
209
211
213
215
217
219
221
223
225
227
230
232
234
236
238
240
242
243
245
247
248
250
251
252
254
255
257
258
259
260
262
263
264
265
266
267
269
270
271
272
273
273
274
275
276
276
276
277
276
276
276
275
274
274
273
272
271
270
269
268
267
266
265
264
264
263
262
261
260
260
259
258
258
258
258
257
258
258
258
259
260
261
262
263
264
265
266
267
268
269
269
270
271
271
271
271
271
271
271
270
269
269
269
268
268
268
268
267
268
268
268
268
269
269
269
269
270
270
270
270
271
271
271
271
271
271
271
271
271
271
270
270
269
269
269
268
267
266
266
265
265
264
264
263
262
261
260
259
259
258
256
255
254
252
251
249
247
245
244
242
240
237
235
233
231
229
227
225
223
221
219
217
215
213
211
208
206
204
202
200
198
196
194
192
190
188
187
184
182
181
179
177
176
174
172
170
169
168
166
165
164
162
161
160
159
158
157
155
155
153
153
151
150
149
148
148
146
146
145
144
144
144
143
143
143
143
143
143
143
143
143
144
144
144
144
144
144
143
143
143
142
141
140
139
138
136
135
134
132
131
130
128
127
126
125
124
123
122
121
120
118
117
116
114
112
110
108
107
104
102
100
98
96
94
92
90
88
86
84
82
80
77
76
74
72
69
67
65
62
59
57
54
51
48
45
41
38
35
31
28
25
21
19
15
13
10
7
4
2
0
-2
-4
-7
-9
-11
-13
-16
-18
-20
-23
-25
-28
-31
-33
-36
-38
-41
-43
-46
-48
-51
-53
-55
-57
-59
-61
-62
-64
-65
-67
-68
-70
-71
-72
-73
-74
-75
-77
-78
-79
-79
-80
-81
-82
-82
-83
-84
-84
-84
-85
-86
-86
-87
-88
-90
-91
-92
-93
-94
-96
-97
-99
-100
-101
-103
-104
-105
-106
-106
-107
-107
-107
-108
-108
-108
-108
-109
-109
-110
-110
-111
-112
-113
-115
-116
-117
-119
-120
-122
-124
-125
-126
-128
-130
-131
-132
-134
-135
-137
-138
-139
-141
-142
-144
-145
-146
-148
-150
-152
-154
-156
-158
-160
-161
-164
-166
-167
-170
-172
-174
-176
-178
-180
-182
-184
-186
-189
-191
-193
-195
-197
-199
-201
-202
-204
-205
-207
-208
-209
-210
-210
-211
-212
-212
-213
-213
-213
-213
-213
-213
-213
-212
-212
-211
-210
-209
-207
-206
-204
-202
-201
-199
-197
-195
-193
-191
-190
-188
-186
-185
-183
-182
-181
-180
-179
-178
-178
-177
-176
-176
-175
-175
-173
-173
-172
-171
-171
-170
-169
-168
-167
-166
-165
-164
-163
-162
-162
-161
-161
-160
-159
-159
-158
-158
-158
-158
-158
-158
-158
-158
-158
-158
-158
-158
-158
-158
-158
-158
-158
-157
-157
-156
-156
-155
-154
-152
-151
-149
-148
-147
-145
-144
-141
-140
-138
-137
-135
-133
-132
-130
-128
-127
-126
-124
-123
-122
-120
-120
-118
-117
-116
-115
-114
-113
-113
-111
-110
-109
-107
-106
-105
-103
-100
-98
-96
-94
-91
-89
-87
-84
-82
-79
-77
-75
-72
-70
-68
-66
-64
-62
-61
-59
-58
-57
-56
-56
-55
-55
-55
-55
-55
-56
-56
-57
-57
-58
-59
-59
-60
-61
-61
-62
-63
-64
-65
-66
-67
-68
-69
-70
-71
-72
-72
-73
-73
-74
-74
-75
-75
-74
-74
-74
-74
-73
-73
-72
-72
-71
-70
-69
-68
-68
-66
-66
-65
-64
-63
-62
-61
-61
-60
-59
-58
-57
-56
-54
-53
-52
-50
-48
-47
-45
-44
-42
-40
-39
-38
-35
-34
-33
-31
-30
-29
-28
-27
-26
-25
-24
-24
-22
-22
-21
-20
-19
-19
-17
-16
-15
-15
-14
-12
-11
-10
-9
-9
-7
-6
-5
-4
-3
-1
-1
0
0
1
2
3
4
4
5
6
6
6
7
8
9
10
11
12
13
14
15
16
18
19
21
23
25
27
29
30
32
34
36
37
38
39
40
41
41
41
41
41
41
40
40
40
39
39
39
38
38
38
38
39
40
40
41
42
43
44
45
46
47
48
49
50
52
53
54
55
56
57
58
58
59
60
60
61
61
62
62
62
62
62
63
63
63
63
63
63
63
63
63
62
63
62
62
62
62
61
62
61
61
61
62
63
64
63
65
66
67
69
69
71
72
73
75
76
77
78
78
79
80
80
81
81
82
82
83
83
84
85
86
87
88
89
90
92
93
93
94
95
95
97
97
98
99
99
99
100
100
101
101
102
103
103
104
104
104
105
105
105
105
105
105
104
104
103
102
102
101
100
99
98
97
96
94
94
93
92
91
90
90
89
89
89
89
89
90
90
91
91
92
93
94
95
97
98
100
102
104
106
108
110
112
114
116
118
119
122
123
125
127
129
130
132
134
136
138
140
141
143
145
147
148
150
151
153
154
155
156
157
157
158
158
158
158
158
158
157
157
157
157
156
156
156
156
155
156
156
157
157
158
159
159
160
162
162
163
164
165
166
167
167
168
169
170
171
172
172
174
174
176
177
178
180
182
183
185
186
189
190
192
194
195
196
197
198
199
200
200
200
200
199
199
199
198
197
197
196
196
196
195
194
194
193
193
192
191
191
190
190
189
188
188
187
185
185
184
183
182
182
181
180
180
180
180
180
179
180
180
181
181
182
182
182
183
184
184
185
185
185
185
185
184
183
183
182
181
180
179
177
175
175
172
170
168
166
164
161
158
155
153
149
147
143
140
137
134
131
128
124
121
119
116
113
110
108
105
103
101
99
97
95
93
92
90
88
87
85
83
81
79
78
76
75
73
72
71
70
69
68
67
67
67
67
66
67
67
67
68
68
68
68
69
69
69
69
69
70
70
70
71
71
72
73
74
74
76
77
78
80
81
82
84
85
86
87
88
88
89
89
88
88
88
87
86
85
84
83
82
81
80
79
78
77
77
77
76
76
76
76
76
76
76
76
76
76
75
75
75
75
74
74
73
73
72
72
72
71
70
70
69
69
68
68
67
67
67
67
66
66
66
66
65
65
65
65
65
64
64
64
64
64
63
63
63
63
63
63
63
62
62
61
60
59
58
57
56
55
53
52
50
49
48
47
45
44
42
41
40
39
38
37
36
36
35
34
34
33
33
33
33
33
33
33
33
34
34
34
33
33
33
33
32
32
31
30
29
28
28
27
26
25
25
24
23
22
22
21
21
20
21
20
20
21
20
21
21
21
22
23
23
24
24
25
25
26
27
28
29
30
31
32
33
34
34
35
36
37
38
39
39
41
41
42
43
44
45
46
47
47
48
49
49
49
50
50
49
50
49
49
49
48
47
47
46
45
45
44
43
42
41
41
40
39
39
38
38
37
36
36
36
35
35
34
34
33
33
32
32
31
31
31
31
31
32
32
32
34
35
36
37
39
40
42
44
46
48
49
50
52
53
54
55
56
57
58
58
59
59
61
62
62
63
64
65
65
66
66
67
67
67
68
68
67
67
67
66
65
65
63
63
62
61
60
59
58
58
57
56
56
55
55
55
54
54
54
54
54
54
53
53
53
52
51
50
50
49
48
46
46
43
43
41
39
38
36
35
32
30
28
27
25
23
20
19
17
15
13
12
11
9
7
6
5
4
2
1
1
0
-1
-2
-3
-4
-5
-7
-8
-10
-12
-14
-15
-17
-18
-20
-22
-24
-25
-27
-28
-30
-31
-32
-33
-35
-36
-36
-37
-38
-39
-39
-39
-41
-41
-41
-42
-43
-43
-44
-45
-46
-46
-47
-48
-48
-49
-50
-51
-51
-52
-53
-54
-56
-57
-59
-60
-62
-64
-66
-67
-69
-71
-73
-75
-77
-79
-80
-82
-83
-85
-86
-87
-89
-90
-91
-92
-93
-94
-95
-96
-97
-97
-97
-98
-98
-98
-99
-99
-99
-98
-98
-98
-97
-96
-95
-94
-94
-92
-91
-90
-89
-89
-88
-87
-87
-87
-87
-87
-87
-87
-87
-87
-87
-87
-87
-86
-85
-84
-83
-82
-81
-79
-78
-76
-74
-72
-70
-68
-66
-64
-63
-62
-61
-61
-60
-60
-60
-61
-61
-62
-63
-64
-65
-66
-67
-69
-69
-71
-72
-74
-75
-76
-77
-79
-80
-82
-84
-85
-86
-88
-90
-91
-93
-94
-95
-96
-97
-98
-99
-100
-100
-101
-101
-102
-102
-102
-101
-101
-101
-100
-100
-99
-99
-98
-98
-97
-96
-95
-94
-94
-92
-91
-90
-88
-87
-85
-83
-82
-80
-79
-77
-76
-74
-73
-72
-71
-70
-70
-69
-69
-68
-68
-68
-68
-68
-67
-68
-67
-67
-68
-68
-68
-67
-67
-67
-67
-66
-66
-65
-65
-65
-64
-64
-64
-64
-64
-64
-64
-65
-65
-66
-66
-66
-67
-67
-68
-68
-69
-69
-69
-69
-69
-69
-69
-69
-68
-67
-67
-66
-65
-65
-64
-62
-62
-60
-59
-57
-55
-55
-53
-51
-49
-47
-45
-43
-41
-38
-36
-34
-32
-29
-27
-25
-23
-21
-20
-18
-16
-15
-13
-12
-10
-9
-8
-6
-5
-3
-1
0
2
3
5
7
9
11
12
14
16
17
18
20
21
22
23
24
25
26
27
27
28
28
29
29
29
30
29
29
29
29
29
28
28
27
27
26
25
25
25
24
24
23
23
23
23
23
23
23
23
23
23
23
23
22
22
21
21
20
19
17
17
15
14
12
11
10
8
7
6
5
4
3
2
2
1
0
0
0
0
0
0
0
0
0
1
1
2
3
3
4
5
6
6
7
8
8
8
9
9
9
9
9
8
8
7
6
5
3
2
0
-1
-3
-6
-8
-10
-13
-16
-18
-21
-23
-26
-27
-30
-32
-33
-35
-36
-37
-39
-40
-41
-42
-44
-45
-45
-46
-48
-48
-50
-51
-51
-52
-52
-51
-52
-51
-51
-50
-49
-48
-47
-45
-43
-42
-40
-38
-36
-33
-31
-28
-25
-23
-21
-18
-16
-14
-12
-10
-8
-6
-5
-4
-2
-1
0
1
2
3
5
6
7
9
10
12
13
14
16
17
17
19
19
19
20
20
20
20
21
20
19
19
18
17
17
16
15
13
12
11
9
8
6
4
2
1
-1
-2
-5
-7
-9
-11
-13
-15
-18
-20
-22
-25
-28
-30
-32
-35
-37
-40
-42
-44
-45
-48
-50
-52
-54
-56
-58
-59
-62
-64
-66
-68
-70
-72
-74
-77
-79
-81
-82
-84
-86
-88
-90
-92
-93
-95
-96
-98
-99
-101
-102
-104
-105
-106
-108
-109
-110
-112
-114
-115
-117
-118
-120
-122
-124
-126
-127
-129
-131
-133
-135
-137
-139
-141
-143
-144
-146
-148
-148
-150
-151
-153
-154
-156
-157
-158
-159
-160
-162
-164
-165
-166
-167
-167
-169
-169
-170
-172
-172
-173
-174
-175
-177
-177
-179
-180
-182
-183
-185
-187
-189
-190
-193
-194
-196
-199
-201
-202
-204
-206
-207
-209
-210
-212
-213
-214
-215
-215
-216
-217
-217
-218
-217
-218
-218
-218
-218
-218
-218
-218
-217
-217
-218
-218
-218
-218
-218
-219
-219
-219
-220
-221
-222
-222
-223
-223
-224
-225
-226
-227
-228
-229
-229
-230
-231
-232
-233
-234
-235
-236
-236
-238
-239
-240
-242
-243
-245
-247
-249
-251
-252
-254
-255
-256
-258
-258
-259
-261
-261
-262
-263
-263
-264
-265
-266
-267
-268
-268
-268
-269
-269
-269
-269
-269
-269
-270
-269
-269
-269
-269
-269
-269
-269
-270
-270
-270
-271
-271
-271
-272
-273
-273
-274
-275
-276
-277
-278
-279
-280
-281
-281
-282
-283
-283
-284
-284
-284
-285
-285
-284
-284
-284
-283
-282
-281
-280
-280
-278
-277
-276
-275
-275
-274
-273
-272
-271
-271
-269
-269
-268
-267
-267
-266
-267
-266
-266
-266
-266
-266
-266
-266
-266
-266
-266
-266
-266
-265
-265
-265
-264
-263
-263
-262
-261
-260
-260
-258
-258
-257
-255
-254
-252
-251
-250
-248
-247
-245
-244
-243
-241
-240
-238
-237
-236
-235
-233
-232
-231
-230
-229
-228
-226
-225
-224
-222
-222
-220
-218
-217
-215
-214
-213
-211
-209
-208
-207
-205
-203
-201
-200
-198
-196
-194
-192
-190
-188
-186
-183
-182
-179
-177
-174
-172
-170
-167
-165
-162
-160
-158
-156
-154
-152
-151
-149
-148
-146
-145
-144
-143
-143
-142
-141
-141
-139
-139
-138
-137
-137
-136
-135
-134
-134
-134
-133
-133
-133
-133
-133
-133
-133
-134
-134
-134
-135
-135
-135
-136
-136
-137
-137
-136
-137
-138
-138
-139
-139
-140
-141
-142
-143
-144
-144
-145
-145
-145
-147
-147
-147
-147
-147
-146
-146
-146
-145
-144
-143
-141
-140
-138
-136
-134
-131
-129
-126
-124
-122
-119
-117
-115
-113
-111
-109
-107
-105
-103
-101
-99
-97
-95
-93
-92
-90
-89
-88
-87
-86
-86
-85
-85
-85
-85
-85
-84
-84
-84
-83
-82
-82
-81
-80
-79
-78
-77
-76
-75
-75
-74
-73
-72
-71
-71
-70
-70
-69
-69
-69
-68
-68
-68
-67
-66
-66
-65
-63
-62
-60
-58
-55
-52
-49
-46
-42
-38
-34
-31
-27
-23
-19
-15
-11
-8
-5
-1
1
3
6
8
10
12
13
15
15
16
16
16
16
16
15
15
13
13
11
10
9
7
6
4
3
1
0
0
-2
-3
-3
-4
-4
-5
-4
-4
-4
-3
-3
-2
-1
0
0
0
0
1
2
2
3
4
5
5
6
7
8
8
10
10
11
12
14
15
16
17
18
19
19
20
21
21
21
22
21
21
21
20
20
19
18
17
17
16
15
14
13
12
11
10
9
8
7
6
4
3
1
0
-1
-4
-6
-8
-11
-13
-15
-19
-21
-23
-27
-29
-31
-33
-37
-39
-41
-43
-45
-48
-49
-51
-54
-56
-58
-60
-62
-64
-66
-68
-70
-72
-73
-76
-78
-79
-81
-83
-85
-86
-88
-89
-91
-92
-93
-94
-95
-96
-97
-98
-99
-100
-101
-102
-103
-104
-105
-106
-107
-108
-109
-110
-111
-112
-114
-115
-116
-117
-118
-119
-120
-121
-122
-123
-124
-126
-127
-127
-128
-130
-131
-132
-133
-135
-136
-137
-137
-139
-140
-141
-142
-143
-144
-145
-145
-146
-147
-147
-148
-148
-149
-149
-149
-150
-150
-149
-149
-149
-149
-148
-148
-147
-147
-147
-146
-146
-145
-145
-144
-144
-144
-144
-144
-143
-143
-144
-143
-144
-145
-145
-146
-146
-147
-148
-149
-150
-151
-153
-154
-156
-157
-158
-159
-161
-162
-163
-165
-167
-168
-170
-172
-173
-176
-177
-179
-181
-182
-184
-185
-186
-188
-189
-190
-191
-191
-192
-193
-193
-193
-193
-193
-193
-193
-192
-191
-190
-189
-188
-188
-187
-186
-186
-186
-186
-185
-186
-186
-186
-185
-186
-186
-186
-186
-186
-186
-185
-185
-185
-185
-186
-186
-186
-186
-187
-187
-187
-187
-189
-190
-191
-191
-192
-193
-194
-195
-196
-197
-198
-199
-199
-199
-200
-200
-200
-200
-201
-201
-202
-202
-202
-203
-203
-203
-203
-203
-203
-203
-202
-201
-200
-198
-197
-195
-193
-191
-188
-186
-184
-181
-179
-177
-175
-172
-170
-168
-166
-164
-163
-161
-159
-157
-155
-153
-150
-148
-146
-144
-142
-140
-138
-136
-134
-132
-131
-129
-128
-127
-126
-126
-125
-124
-124
-124
-123
-123
-123
-122
-121
-121
-120
-119
-119
-118
-117
-115
-114
-113
-111
-110
-109
-106
-105
-103
-101
-98
-96
-94
-92
-90
-88
-85
-84
-82
-80
-79
-77
-76
-74
-73
-71
-70
-69
-68
-66
-65
-64
-64
-62
-62
-61
-60
-60
-59
-58
-57
-56
-55
-54
-54
-53
-53
-52
-53
-53
-53
-54
-54
-55
-55
-56
-58
-58
-58
-60
-60
-61
-62
-63
-64
-65
-65
-67
-68
-69
-71
-72
-73
-75
-76
-77
-78
-79
-80
-81
-81
-82
-82
-83
-83
-83
-83
-83
-83
-82
-82
-82
-81
-80
-79
-78
-77
-75
-74
-72
-71
-69
-68
-66
-64
-63
-61
-59
-57
-55
-53
-51
-49
-47
-44
-42
-40
-37
-35
-32
-30
-27
-24
-21
-19
-15
-13
-10
-7
-4
-2
0
2
5
7
9
11
13
14
15
16
18
19
20
21
22
23
24
25
26
27
28
29
30
30
31
31
32
32
32
32
32
32
31
31
31
31
30
30
30
30
30
29
28
29
27
26
25
24
23
22
21
19
18
17
16
14
13
11
10
8
7
5
4
2
1
0
0
-2
-2
-3
-3
-4
-5
-5
-6
-7
-8
-8
-9
-10
-11
-12
-13
-14
-14
-16
-16
-17
-18
-18
-19
-20
-20
-21
-22
-22
-23
-23
-24
-24
-24
-24
-25
-25
-25
-26
-26
-26
-28
-28
-29
-30
-31
-33
-35
-35
-37
-39
-40
-42
-43
-44
-46
-48
-50
-51
-53
-55
-57
-59
-61
-63
-65
-67
-70
-72
-74
-76
-78
-80
-83
-84
-86
-88
-89
-91
-93
-94
-94
-95
-96
-97
-97
-97
-98
-98
-98
-99
-99
-99
-100
-100
-101
-102
-103
-104
-106
-107
-109
-110
-113
-114
-116
-118
-120
-122
-124
-126
-128
-129
-130
-132
-133
-134
-136
-137
-139
-139
-141
-142
-145
-147
-148
-150
-152
-153
-155
-156
-158
-159
-160
-162
-162
-164
-165
-166
-167
-167
-168
-169
-169
-171
-172
-173
-174
-175
-177
-178
-179
-181
-183
-184
-185
-186
-187
-188
-189
-190
-191
-192
-192
-193
-194
-195
-195
-196
-196
-197
-198
-199
-199
-199
-199
-199
-198
-197
-196
-195
-193
-192
-191
-189
-188
-187
-185
-184
-183
-182
-181
-180
-179
-178
-177
-176
-175
-174
-173
-172
-172
-171
-169
-169
-168
-167
-166
-166
-166
-165
-165
-164
-164
-164
-164
-163
-163
-163
-162
-162
-162
-162
-162
-162
-163
-163
-164
-164
-165
-165
-166
-167
-168
-168
-169
-170
-171
-172
-172
-173
-174
-174
-175
-175
-175
-175
-176
-176
-176
-175
-176
-175
-175
-175
-175
-175
-175
-174
-174
-174
-174
-173
-173
-172
-171
-171
-170
-170
-170
-169
-169
-169
-168
-168
-168
-168
-169
-169
-169
-169
-170
-170
-171
-171
-171
-171
-171
-171
-170
-169
-169
-168
-167
-166
-165
-164
-162
-161
-160
-158
-157
-156
-153
-152
-150
-149
-148
-146
-144
-144
-142
-141
-139
-138
-136
-134
-132
-131
-129
-126
-124
-121
-119
-116
-113
-111
-108
-105
-102
-99
-96
-93
-90
-88
-85
-83
-80
-78
-76
-74
-72
-70
-68
-66
-65
-63
-61
-59
-57
-55
-52
-49
-47
-44
-41
-39
-36
-33
-31
-28
-26
-24
-23
-21
-20
-19
-18
-16
-15
-13
-12
-11
-8
-6
-4
-2
0
2
5
8
11
13
16
18
21
24
26
28
30
32
34
36
38
38
40
41
41
42
42
42
42
42
42
41
41
41
40
39
38
37
35
34
32
30
28
26
24
22
20
17
15
12
10
7
5
3
1
0
-2
-4
-6
-7
-9
-11
-13
-15
-18
-21
-23
-27
-29
-33
-36
-39
-42
-45
-49
-51
-54
-57
-60
-62
-64
-66
-68
-69
-71
-72
-73
-74
-75
-76
-77
-78
-79
-80
-81
-81
-82
-82
-83
-84
-84
-85
-85
-84
-85
-84
-83
-83
-82
-81
-80
-78
-77
-76
-74
-72
-71
-69
-68
-67
-65
-64
-62
-61
-60
-58
-57
-55
-54
-53
-51
-49
-48
-46
-45
-43
-41
-40
-39
-38
-37
-36
-35
-34
-33
-32
-31
-30
-29
-28
-27
-25
-24
-22
-21
-19
-17
-15
-13
-11
-8
-6
-4
-2
-1
0
1
1
2
3
3
3
4
5
6
6
7
8
9
10
12
14
16
18
20
23
25
28
30
32
34
36
38
40
42
43
44
45
47
47
47
48
48
49
49
49
50
50
51
50
51
51
51
50
50
49
49
47
47
45
43
42
40
38
36
35
34
32
31
29
27
27
25
24
23
21
19
17
15
13
10
7
5
2
0
-3
-5
-7
-9
-11
-12
-13
-14
-14
-14
-13
-13
-12
-12
-11
-10
-9
-9
-8
-8
-8
-7
-7
-7
-7
-7
-7
-6
-5
-4
-3
-2
-1
0
0
1
2
3
4
5
5
5
6
6
7
7
8
8
9
9
9
10
10
10
10
10
10
10
9
9
8
8
7
5
5
3
3
2
1
0
0
-1
-2
-2
-3
-3
-4
-4
-4
-5
-5
-5
-6
-6
-6
-6
-6
-6
-6
-6
-6
-5
-5
-5
-5
-4
-4
-3
-2
-2
-1
0
0
0
1
2
3
4
5
6
7
8
9
11
12
14
16
18
20
21
23
25
27
28
30
31
32
32
33
34
34
34
35
34
34
35
35
35
35
36
36
37
38
39
40
42
44
45
47
48
49
50
51
52
53
53
54
54
55
55
56
56
57
58
59
59
60
61
62
63
64
65
66
66
68
68
70
70
71
72
73
74
76
77
79
81
82
84
86
88
91
93
95
97
99
101
103
105
107
108
110
112
113
114
115
116
116
117
117
117
117
117
118
118
118
118
119
119
120
121
122
122
122
123
123
123
123
123
122
121
120
119
118
116
114
113
110
108
106
103
101
99
96
93
90
87
85
83
80
77
74
72
70
67
66
63
61
60
58
56
54
53
51
49
47
45
43
41
39
37
34
32
29
27
24
22
20
18
17
16
15
13
13
12
12
11
11
11
10
10
10
9
8
7
6
4
3
2
0
-1
-3
-5
-7
-9
-11
-13
-15
-17
-20
-21
-24
-26
-28
-31
-33
-36
-38
-40
-43
-45
-47
-50
-52
-55
-57
-60
-62
-64
-68
-70
-73
-77
-80
-82
-86
-89
-92
-94
-97
-100
-102
-104
-106
-107
-109
-110
-111
-112
-112
-113
-113
-113
-114
-114
-115
-116
-117
-118
-118
-119
-120
-122
-124
-125
-127
-129
-131
-133
-135
-137
-139
-141
-143
-144
-146
-149
-150
-151
-153
-154
-155
-156
-157
-158
-160
-161
-162
-162
-163
-164
-165
-166
-166
-168
-168
-169
-170
-172
-173
-175
-177
-178
-180
-183
-185
-187
-190
-193
-195
-197
-200
-202
-204
-207
-209
-210
-213
-215
-216
-218
-220
-221
-223
-225
-227
-228
-229
-231
-233
-234
-235
-237
-238
-239
-240
-241
-242
-243
-244
-245
-246
-248
-249
-250
-252
-253
-255
-257
-259
-262
-264
-266
-269
-271
-273
-275
-277
-280
-282
-284
-285
-287
-289
-290
-292
-293
-295
-296
-297
-299
-300
-301
-302
-302
-303
-303
-303
-302
-302
-302
-301
-300
-299
-298
-296
-295
-294
-292
-290
-289
-287
-286
-284
-283
-282
-280
-279
-278
-277
-275
-275
-273
-272
-271
-270
-268
-267
-265
-264
-262
-261
-259
-258
-256
-255
-253
-252
-251
-249
-248
-247
-247
-246
-246
-245
-244
-244
-244
-244
-244
-244
-243
-243
-243
-243
-243
-243
-243
-243
-244
-245
-246
-247
-248
-249
-250
-251
-253
-254
-255
-255
-256
-257
-258
-259
-260
-260
-260
-261
-261
-262
-261
-261
-261
-261
-260
-260
-258
-257
-256
-254
-253
-252
-250
-250
-249
-248
-247
-246
-246
-245
-244
-243
-242
-242
-240
-239
-238
-237
-236
-234
-233
-232
-230
-230
-229
-228
-227
-227
-227
-227
-227
-228
-229
-230
-231
-232
-234
-236
-237
-238
-240
-242
-243
-244
-246
-247
-249
-250
-251
-252
-253
-254
-254
-254
-254
-254
-254
-253
-253
-252
-251
-250
-249
-247
-245
-244
-242
-240
-237
-235
-233
-230
-228
-225
-222
-218
-215
-211
-208
-204
-200
-196
-192
-187
-183
-178
-174
-170
-165
-160
-155
-149
-143
-138
-133
-128
-122
-116
-110
-104
-99
-94
-88
-84
-79
-74
-70
-66
-62
-58
-54
-51
-47
-44
-41
-38
-34
-32
-28
-25
-22
-19
-16
-13
-10
-7
-4
-1
1
4
7
10
13
15
19
22
25
28
32
35
38
41
45
48
51
54
57
60
63
66
69
73
76
79
83
85
89
92
95
98
101
104
107
110
113
115
118
121
123
126
129
132
134
138
140
143
146
149
152
154
156
158
160
162
163
164
165
166
168
169
170
171
172
173
174
175
176
178
179
180
181
182
183
184
185
186
186
187
187
187
187
187
187
187
188
187
188
188
188
189
189
190
191
191
192
192
193
193
194
194
195
195
196
196
196
197
197
197
197
197
198
198
198
198
198
199
199
200
201
201
202
203
203
204
205
205
205
206
206
206
206
207
206
206
207
207
206
206
206
206
205
205
204
204
204
203
203
203
202
203
202
202
202
202
202
201
201
202
201
201
201
201
202
202
203
203
204
205
206
207
208
209
210
212
213
215
216
218
219
221
223
224
226
227
228
230
231
232
233
233
233
234
234
235
235
235
235
235
235
235
235
235
234
234
233
231
231
229
228
227
225
224
223
222
221
221
220
219
220
220
220
220
221
221
221
221
222
223
222
223
222
222
222
222
221
221
220
220
219
218
218
216
215
214
213
212
211
210
209
209
208
208
207
207
207
206
206
206
207
206
207
207
208
207
207
208
207
207
207
206
205
204
203
201
200
198
196
194
192
190
188
185
183
181
179
176
175
172
169
168
165
163
161
159
157
155
154
152
150
149
148
146
145
143
142
141
139
138
137
136
135
134
133
133
132
131
131
130
130
131
131
130
130
130
131
130
130
130
130
129
130
129
129
128
129
128
128
128
128
128
129
129
130
131
131
131
132
133
133
133
134
134
135
135
135
136
136
137
137
137
137
137
138
138
138
137
137
136
136
135
135
134
134
134
133
132
132
132
131
131
130
130
129
128
127
126
125
124
123
122
121
120
119
118
117
116
116
115
114
114
113
113
113
112
112
112
111
111
111
111
112
112
112
113
113
114
115
116
117
118
119
119
120
121
121
122
122
121
121
121
121
121
120
119
119
119
119
118
118
118
117
117
116
116
115
115
114
114
113
112
112
111
111
111
110
110
110
110
110
110
110
110
110
111
112
112
112
113
114
114
115
116
117
117
118
119
119
120
121
121
122
123
123
124
125
126
127
127
128
129
130
131
132
134
134
135
136
137
138
138
138
139
139
139
138
138
137
136
135
134
134
132
131
129
128
126
125
124
121
120
117
115
113
110
108
105
102
100
97
94
92
90
88
86
85
83
81
81
79
79
77
77
76
76
75
75
75
75
74
74
74
73
73
72
71
70
69
68
66
65
64
62
60
58
57
56
54
53
52
51
51
50
49
49
49
48
48
48
48
48
48
48
48
49
48
48
48
48
48
48
48
48
48
48
49
49
49
49
49
49
49
49
50
49
49
48
47
46
45
44
43
42
40
39
39
38
37
37
37
36
37
37
38
38
39
40
41
42
44
44
46
47
48
50
50
51
52
53
54
53
54
54
54
54
54
53
53
54
54
54
55
55
56
57
57
57
58
59
60
60
61
61
62
62
63
64
64
65
66
67
68
69
71
72
73
75
76
77
78
79
80
80
80
81
81
81
82
81
82
82
82
82
82
82
82
82
82
81
81
79
79
78
77
76
74
73
72
71
70
69
68
67
66
64
63
61
60
58
57
55
54
52
50
48
47
46
44
43
41
40
39
38
37
36
36
35
34
34
34
35
35
35
36
36
37
37
37
37
37
37
36
36
35
34
33
32
31
30
29
28
27
27
26
26
26
26
26
26
27
27
28
29
30
32
33
35
36
38
40
42
44
46
48
50
51
53
55
57
59
61
62
64
66
68
70
72
73
75
78
80
82
83
86
87
90
91
93
95
97
99
101
104
106
107
109
111
112
114
115
116
117
118
120
120
122
124
125
127
129
131
133
136
137
139
143
145
148
149
152
154
156
157
159
161
161
162
164
165
166
167
168
169
170
172
173
174
176
177
178
179
180
182
182
184
185
186
187
188
189
191
193
194
195
197
199
201
203
205
207
209
211
213
215
217
219
221
223
225
226
228
229
231
232
233
235
236
237
239
240
241
242
244
245
247
249
251
252
253
255
256
258
259
260
262
263
263
265
264
266
266
267
268
269
270
271
272
273
274
275
275
277
277
278
278
279
280
280
280
280
280
280
281
281
282
283
285
286
287
289
291
292
295
297
299
300
302
304
305
307
308
310
311
312
313
313
313
315
314
315
314
315
316
316
317
318
319
320
320
320
321
321
321
323
324
324
325
326
327
327
329
330
331
331
331
332
332
332
332
332
332
333
333
333
334
333
333
333
333
333
332
332
331
331
330
328
327
326
324
322
322
321
320
320
319
317
316
315
314
313
313
311
310
308
307
305
303
300
299
297
295
294
292
289
288
286
285
284
281
280
278
276
274
272
271
270
269
267
267
266
266
266
265
264
264
264
264
263
263
262
261
262
262
261
261
261
260
259
259
259
258
257
256
256
255
254
254
252
251
251
249
248
248
247
246
246
246
244
243
241
240
238
234
232
229
227
224
222
218
216
213
211
210
207
206
204
203
203
201
200
200
199
198
197
197
196
194
194
192
190
189
187
186
185
184
183
183
181
181
180
180
178
178
177
177
178
179
179
180
181
182
182
183
184
184
184
185
185
186
186
187
187
187
188
188
189
189
190
189
189
189
189
188
188
188
188
188
188
188
187
186
185
185
184
184
183
182
182
181
180
179
178
177
176
176
174
173
171
170
170
168
167
165
164
162
160
160
159
157
155
154
152
149
147
146
144
142
141
139
138
138
137
137
137
137
136
136
136
135
135
133
132
131
130
129
129
127
126
124
123
122
121
119
117
115
111
108
105
103
101
100
97
95
93
91
89
88
87
86
85
84
83
83
83
83
83
83
83
83
83
83
82
81
81
81
81
81
80
80
80
79
78
77
77
76
75
75
74
73
72
72
73
72
72
72
73
75
76
77
78
78
80
82
84
85
86
87
89
91
92
92
93
94
96
96
97
97
98
101
102
104
105
108
108
109
111
112
111
111
112
113
114
115
115
116
116
116
117
118
118
118
118
119
119
120
120
121
122
121
122
124
125
126
129
130
130
132
133
135
135
136
137
137
138
139
138
138
137
137
136
136
136
135
135
135
134
135
134
133
133
135
136
136
137
137
138
137
138
139
140
141
141
140
140
141
141
141
141
143
144
144
144
144
143
143
141
140
139
137
135
134
133
132
131
128
126
122
119
116
114
111
108
106
104
99
96
94
93
91
89
87
86
85
84
84
84
83
83
81
82
81
81
81
80
80
79
77
75
75
74
73
72
72
72
73
73
74
76
75
78
80
81
82
84
87
92
93
86
89
91
93
96
97
98
101
103
103
103
104
104
103
103
103
102
102
102
103
101
100
99
97
97
95
94
96
93
92
92
91
90
91
90
91
91
90
90
89
90
90
87
86
85
85
86
87
88
88
87
87
89
89
88
88
88
88
85
83
81
80
79
77
75
72
69
68
66
64
63
62
62
62
63
60
59
58
57
57
56
57
54
53
51
50
48
48
46
43
42
39
37
36
34
30
28
26
22
17
13
8
4
0
-4
-7
-11
-18
-22
-27
-31
-37
-41
-46
-49
-54
-58
-63
-68
-72
-77
-82
-86
-90
-96
-99
-104
-108
-111
-114
-116
-119
-125
-128
-131
-135
-138
-141
-143
-148
-150
-152
-154
-155
-157
-158
-160
-160
-160
-160
-161
-164
-166
-168
-171
-172
-174
-176
-178
-180
-180
-180
-179
-179
-179
-180
-182
-183
-184
-185
-186
-187
-186
-187
-190
-192
-194
-196
-200
-202
-205
-209
-212
-216
-217
-219
-221
-224
-226
-228
-231
-233
-235
-235
-236
-236
-238
-239
-240
-243
-244
-245
-245
-246
-249
-251
-253
-254
-253
-255
-257
-259
-259
-262
-264
-266
-269
-271
-273
-274
-274
-276
-278
-280
-283
-286
-288
-290
-292
-294
-297
-299
-303
-306
-308
-310
-313
-317
-318
-320
-324
-325
-327
-327
-330
-332
-332
-332
-334
-336
-337
-338
-338
-340
-341
-343
-344
-344
-348
-348
-350
-350
-350
-351
-353
-353
-353
-356
-357
-357
-357
-357
-357
-357
-357
-357
-357
-359
-360
-359
-358
-358
-358
-357
-356
-354
-353
-350
-350
-349
-348
-347
-346
-346
-344
-341
-342
-342
-343
-342
-342
-343
-341
-339
-341
-339
-336
-334
-334
-334
-333
-334
-334
-334
-332
-330
-328
-324
-324
-321
-320
-319
-318
-320
-320
-318
-317
-314
-313
-311
-309
-306
-303
-301
-300
-297
-295
-291
-289
-287
-283
-281
-279
-278
-274
-271
-270
-266
-262
-261
-258
-255
-250
-246
-243
-240
-237
-235
-232
-229
-226
-224
-221
-217
-215
-212
-209
-208
-208
-207
-205
-204
-201
-197
-198
-197
-195
-195
-192
-188
-187
-184
-180
-177
-175
-172
-170
-167
-165
-162
-159
-158
-155
-151
-147
-146
-144
-140
-137
-133
-129
-125
-123
-123
-119
-118
-114
-111
-108
-106
-102
-99
-98
-96
-95
-94
-93
-91
-91
-90
-90
-87
-87
-86
-85
-85
-83
-81
-81
-79
-77
-75
-71
-69
-67
-67
-66
-66
-65
-63
-62
-62
-61
-61
-60
-59
-58
-57
-54
-52
-48
-49
-49
-47
-47
-44
-43
-40
-37
-36
-36
-36
-36
-33
-31
-30
-28
-29
-30
-28
-27
-30
-30
-31
-31
-29
-29
-26
-24
-24
-26
-26
-24
-26
-25
-25
-25
-24
-22
-22
-22
-21
-21
-21
-19
-18
-16
-18
-16
-15
-14
-11
-10
-10
-10
-9
-9
-7
-8
-8
-8
-8
-5
-4
-2
0
1
2
2
1
0
-1
-3
-2
-1
-1
-1
-3
-3
-3
-2
-1
-1
-4
-3
-3
-3
-3
-3
-3
-3
-3
-4
-5
-5
-5
-2
-3
-2
-3
-3
-4
-4
-3
-4
-4
-2
-1
-3
-2
-2
-1
-1
-1
-2
-1
-1
-2
-3
-2
-6
-7
-10
-13
-13
-14
-16
-16
-14
-15
-16
-14
-14
-14
-15
-17
-20
-22
-25
-28
-31
-34
-37
