-2023
-2013
-1896
-1893
-1966
-1900
-1974
-2734
-2922
-2969
-3150
-3613
-3622
-2773
-2890
-3268
-2954
-2358
-2596
-2877
-2977
-3268
-3572
-3541
-3994
-4540
-4274
-3387
-2492
-3141
-4397
-4719
-3656
-2894
-3822
-4649
-4326
-3741
-3392
-3285
-2843
-2957
-3162
-2512
-2029
-2203
-2513
-3082
-3252
-2599
-2542
-3150
-3071
-2265
-2544
-3394
-3727
-3662
-3400
-3079
-3275
-3568
-3498
-3875
-4485
-4082
-3438
-3802
-4353
-4412
-3819
-3280
-3475
-3424
-3084
-3459
-3880
-3680
-2970
-2847
-3632
-3884
-3276
-3082
-3042
-3190
-3027
-2249
-1827
-1838
-2286
-2251
-1858
-1365
-1103
-924
-760
-1087
-1634
-1400
-858
-990
-781
-128
94
-155
-901
-2125
-2802
-2969
-2961
-2604
-2122
-2447
-2977
-2854
-2276
-1438
-1020
-892
-1120
-1497
-1783
-2201
-2588
-2682
-2504
-2631
-2992
-3382
-3413
-3252
-2861
-2301
-2263
-2376
-2029
-1271
-1566
-2046
-1773
-1443
-1705
-2133
-2376
-2209
-1683
-1837
-1825
-2070
-2472
-2763
-2490
-1941
-2128
-2356
-2208
-2115
-2550
-2388
-1937
-1805
-1678
-1648
-1624
-1426
-1415
-1896
-1823
-1496
-1938
-2470
-2566
-2549
-2736
-2883
-3072
-3115
-3021
-2911
-2296
-1698
-1601
-2028
-2311
-1944
-1743
-2145
-2602
-2844
-2861
-2777
-2986
-3343
-3505
-3365
-2970
-2896
-3329
-3925
-4076
-3739
-3371
-3074
-2872
-2632
-2859
-3003
-2745
-2454
-2605
-3115
-3467
-3677
-3579
-3564
-3403
-3232
-3266
-3530
-3671
-3883
-3947
-3614
-3442
-3316
-3500
-3413
-2908
-2548
-2663
-2848
-2969
-3126
-3044
-3206
-3039
-2559
-2319
-2121
-1815
-1177
-817
-1153
-1437
-1329
-1174
-1234
-1792
-2132
-2332
-2857
-3371
-3424
-3125
-3088
-3208
-2589
-1904
-2170
-2380
-2096
-1810
-1714
-1593
-1639
-1595
-1223
-1169
-1117
-521
-341
-727
-1245
-1387
-1344
-1508
-1280
-623
171
634
649
431
224
302
742
1094
1233
1533
1861
2094
2278
1988
1576
1431
1415
1297
891
566
658
621
406
466
493
339
393
592
664
1002
1086
912
688
463
408
301
-93
-275
2
211
310
545
953
1152
1214
994
1014
1161
1090
1208
1392
1332
1225
1187
1140
1364
1525
1503
1481
1815
2026
2186
2479
2285
2234
2065
1726
1487
1325
1449
1739
2036
2177
2230
2235
1954
1844
1832
1286
729
532
718
740
662
223
134
631
585
565
794
734
678
885
1027
900
925
1096
1049
1207
1120
740
577
489
153
-77
-33
-137
-218
-74
71
241
286
103
53
120
-88
-164
-127
-259
-610
-656
-400
-686
-852
-915
-619
-232
-480
-290
-31
16
219
234
325
446
718
674
688
1008
1006
736
794
819
770
1047
1202
1257
922
668
814
1158
1251
1261
1129
1344
1482
1491
1714
1756
1672
1597
1972
2056
1979
1896
2005
2109
2348
2496
2447
2524
2394
2384
2646
2986
3050
3011
3310
3655
3842
3851
3566
3355
3168
2926
2952
2814
2676
3069
3038
2960
3095
3222
3583
3889
3714
3269
3024
2925
2914
2315
1810
1431
1117
1248
1738
2527
2961
3218
3389
3565
3723
3805
3814
4101
4149
4019
3857
3442
3143
3306
3633
3529
3231
2976
3358
3566
3254
2803
2741
2689
2536
2610
2437
2260
2243
2528
2956
3287
3690
4060
4104
3688
2957
2662
2392
1949
1947
2374
2360
1921
1832
1836
1584
1288
918
869
703
217
-164
-487
-775
-1817
-2349
-2051
-1635
-1808
-2188
-2681
-2663
-1746
-1464
-1154
-696
-397
43
899
1062
940
886
509
342
-309
-1663
-2010
-1661
-2298
-2939
-3079
-2629
-1383
-153
91
257
802
1130
1562
1061
-291
-794
-587
-655
-775
-1163
-1831
-1888
-2168
-2836
-3456
-3360
-2798
-2370
-1900
-1288
-942
-946
-1627
-2791
-2571
-2031
-1508
-1504
-2326
-3233
-3583
-3202
-3385
-3573
-3447
-2838
-2161
-2173
-2313
-2395
-1972
-1683
-1687
-1896
-2237
-2376
-2437
-2347
-2326
-2448
-2584
-2557
-3627
-4469
-4551
-4704
-4831
-4975
-4836
-4840
-4985
-5168
-4858
-4381
-4443
-4788
-4520
-4138
-5017
-5581
-5723
-5960
-6098
-6224
-6329
-6358
-5787
-5946
-6461
-6574
-6001
-6067
-6304
-5903
-5756
-5978
-5936
-4922
-4548
-4689
-5081
-5442
-5365
-5196
-5490
-5391
-5216
-5110
-4593
-5196
-5801
-5300
-4106
-3856
-4225
-4320
-4450
-4516
-4901
-5201
-4974
-4222
-3613
-3377
-3533
-3736
-4457
-5150
-5074
-5069
-5093
-4744
-4293
-4231
-4364
-4471
-4246
-3729
-3983
-4596
-4107
-3483
-3781
-4032
-4370
-4352
-4110
-4136
-3751
-3049
-2353
-2383
-2621
-3083
-3610
-4310
-4695
-4620
-4892
-4981
-4757
-4428
-4270
-4574
-4503
-4345
-4296
-4325
-4625
-4599
-4460
-4404
-4290
-3815
-3613
-3558
-3431
-3570
-3673
-3543
-3617
-3758
-4011
-4516
-4996
-4784
-4524
-4295
-4187
-4174
-4050
-4137
-4200
-4158
-4230
-4614
-4273
-3759
-3756
-3540
-3089
-3175
-3121
-3280
-3590
-3637
-3281
-3449
-3740
-3432
-3307
-3377
-3536
-3558
-3821
-3723
-3765
-3713
-3570
-3392
-3145
-3021
-2990
-3055
-2735
-2398
-2510
-3010
-3435
-3608
-3471
-3437
-3381
-3100
-2699
-1914
-1647
-1604
-1379
-1585
-1953
-2231
-2508
-3011
-3356
-3224
-3147
-3533
-3083
-2291
-2235
-2339
-2584
-2609
-2330
-2189
-1955
-1493
-1129
-998
-996
-902
-1321
-1889
-2097
-2134
-2013
-1707
-1446
-1855
-1653
-1010
-1135
-1534
-1229
-1143
-2003
-2597
-2620
-2048
-1789
-1553
-1398
-1612
-1804
-2142
-3010
-2974
-2016
-2321
-2515
-2185
-2168
-2044
-836
-155
-369
43
-108
-1034
-1852
-2395
-2259
-1624
-1538
-1465
-1120
-822
-843
-817
-1240
-2431
-3094
-3451
-3494
-2900
-2263
-2161
-2153
-1983
-2135
-2701
-2944
-3217
-3923
-3678
-2880
-2437
-2419
-2351
-2027
-2153
-2264
-2287
-2206
-2203
-2399
-2791
-2950
-3066
-3144
-2902
-2935
-3210
-3467
-3299
-3207
-3343
-3739
-3773
-3971
-3929
-3685
-3247
-2668
-2412
-2372
-2656
-2657
-2908
-3021
-2823
-2329
-2178
-2197
-2279
-2316
-2456
-2495
-2664
-2962
-3241
-3862
-3709
-3138
-2801
-2612
-2363
-2518
-2942
-3522
-3827
-3527
-2926
-2514
-1895
-1366
-1854
-2183
-2119
-2423
-2328
-1769
-1955
-1674
-694
-315
-779
-1116
-1013
-1100
-768
-729
-1091
-940
-875
-1353
-1569
-1339
-1705
-1671
-1206
-1704
-2077
-1441
-651
-787
-983
-863
-573
-580
-734
-173
144
55
34
-78
-291
-84
204
679
620
131
130
501
473
186
214
342
289
210
354
79
-120
-656
-821
-441
-336
-846
-1264
-989
-900
-828
-790
-616
43
499
399
819
1681
1734
1622
1950
1824
1444
1442
1512
1248
1122
1410
1750
2118
2127
1883
2205
2517
2093
1606
1515
1482
1590
1531
1558
1335
1001
1079
942
911
783
604
758
1229
1247
1109
1411
1322
1429
1714
1780
2238
2615
2724
2509
2494
2456
2585
2728
2647
2597
1997
1861
2014
2135
2150
2182
2127
1876
1561
1295
1122
1368
1648
1360
1307
1810
2116
2035
2152
1985
1667
1245
1211
1650
1855
1664
1345
1131
1040
1101
1474
2284
2564
2505
2815
2654
2245
2318
2318
1809
1294
1301
1324
910
553
312
260
900
2069
2264
1338
1940
3273
3789
3788
3392
3096
2997
2487
2143
2346
1839
1249
1596
2448
2959
3607
3784
3096
2970
3272
3277
2865
2470
1754
1538
1846
1450
1477
1854
2298
2603
2973
3512
3562
3173
2831
3028
3130
3125
3311
3792
3904
3585
3564
3598
2996
2698
3139
3188
3310
3480
3552
3570
3475
3285
2925
2551
2085
1906
1932
2022
2166
2775
3787
4211
4466
4952
5364
5563
5492
5020
4420
4389
4607
4277
3888
3302
2582
2294
2287
2323
2025
2385
3146
3768
4053
4201
4919
5624
6127
5343
3997
3657
4404
5057
5159
4660
3613
3733
4024
3832
3549
3773
4561
5220
4779
4002
4058
4944
6047
5841
4517
3190
2922
2731
2412
2404
2690
2470
1941
1776
2333
3141
3528
4150
4300
3885
3563
3983
4287
4121
3609
2807
2688
4137
5745
6083
5524
5265
5240
5106
5583
5640
5572
5271
5371
5904
6386
5915
4042
2866
3033
3868
4511
4568
4279
4305
4062
3452
2777
1944
1693
2341
3117
2909
2290
2189
1936
2053
2957
3684
3347
3300
4150
4953
4272
3737
3893
3825
4985
5340
4123
3144
3397
3513
4226
4911
4537
4240
3536
1902
1463
1762
1707
2664
3448
2973
2494
2666
2157
2634
2593
2003
2511
3135
3176
3177
3011
2456
1661
318
188
752
753
724
2181
3842
4168
3544
3014
3084
3524
3829
3578
3116
3421
3694
3226
3436
3200
2881
3317
2389
1435
2247
2473
2682
3137
2581
1866
2398
3341
2747
1943
2175
2778
2458
2494
2531
1691
869
353
204
412
1387
2471
3422
3447
2719
1848
1165
1722
2610
2888
3318
3734
3575
3374
3140
2478
2497
2637
2379
2088
2348
2947
3139
3652
4124
3684
2838
3265
3686
3072
1944
2168
3444
3899
3998
3889
3220
2870
3190
2929
3036
2908
2520
2740
2559
2066
2098
1805
684
633
1621
2216
2644
3010
2987
2853
3175
2877
1469
1091
2063
2099
1759
2587
2932
3157
3254
2938
2403
2504
3025
2808
3089
3454
3626
3882
4103
3943
3624
3643
3352
2419
1901
2017
2110
1846
1701
1879
2881
3891
3295
2454
2641
3644
3994
3626
3699
3661
2995
3517
4832
4984
4629
4126
3816
4419
5511
5599
5090
5021
5004
4806
4921
4878
4367
4069
4061
4114
4691
5165
4744
4633
4589
4208
4124
5069
5599
5682
6113
6305
6500
6327
5697
5066
5025
5464
5215
4968
5030
4852
4711
4593
4140
3708
4197
4201
3433
2933
3304
3950
4202
3740
3378
3101
2962
3349
3450
3082
2926
3340
3318
3092
2825
2958
2900
2706
2637
2616
2622
2829
3267
3352
3412
3249
2981
2458
2254
2104
1829
1710
1458
1063
528
471
517
538
677
634
471
685
859
776
1208
1651
1449
1021
1136
1494
1828
1633
1195
1496
1864
2048
1799
1489
1695
2009
2120
1858
1669
1835
2149
2302
2518
2595
2703
2934
2765
2523
2464
2428
2088
1875
1612
1323
1624
1900
1616
1492
1277
984
1021
1291
1721
1463
926
651
984
1421
1788
1853
1512
1657
2078
2129
1646
1202
1344
1662
1583
1451
996
661
310
240
466
413
315
450
545
275
286
237
202
-316
-760
-598
-687
-1060
-1259
-1294
-1507
-1381
-981
-805
-554
-313
-259
-13
254
107
-221
-469
-739
-666
-489
-761
-723
-581
-824
-989
-909
-826
-1259
-1797
-1985
-1840
-1648
-1342
-1411
-1763
-2056
-2604
-2782
-2781
-2979
-3001
-2931
-2890
-2856
-3066
-3310
-3456
-3500
-3641
-3724
-3825
-3954
-4042
-4385
-4764
-5002
-5008
-4909
-4871
-4671
-4216
-3939
-3919
-4105
-4238
-4522
-4883
-5197
-5532
-5724
-5526
-5425
-5650
-5492
-5475
-5484
-5546
-5176
-4660
-4673
-4835
-5121
-5472
-5650
-5337
-5343
-5494
-5418
-5790
-6049
-5974
-5943
-5512
-5243
-5361
-5537
-5669
-5761
-5517
-5329
-5499
-5366
-5384
-5463
-5583
-5741
-6012
-6329
-6326
-6379
-6480
-6718
-7155
-7399
-7515
-7462
-7401
-7357
-7030
-6693
-6255
-5955
-5792
-5577
-5572
-5518
-5310
-5330
-5305
-5101
-5177
-5258
-5168
-5259
-5500
-5598
-5369
-5085
-4784
-4622
-4714
-4455
-4049
-3904
-3886
-4043
-3786
-3191
-2953
-2838
-2824
-2764
-2764
-2976
-3334
-3852
-4058
-3771
-3540
-3312
-3100
-3294
-3237
-3187
-3438
-3559
-3801
-4013
-4038
-3696
-3203
-2885
-2925
-3083
-3099
-2865
-2356
-2208
-2283
-2182
-1937
-1606
-1331
-1347
-1248
-1222
-1265
-1176
-1098
-969
-930
-1100
-1388
-1501
-1442
-1338
-1350
-1372
-1648
-2068
-1941
-1562
-1372
-1367
-1378
-1067
-801
-764
-568
-446
-403
-579
-923
-922
-736
-647
-834
-861
-1130
-1473
-1644
-2020
-2187
-2100
-1973
-1945
-1847
-1878
-1713
-1419
-1088
-834
-957
-1302
-1600
-2002
-2093
-1623
-1302
-1489
-1830
-1268
-580
-768
-624
-2
265
899
1184
1056
1138
1271
564
47
364
595
1095
1396
1119
322
179
168
-169
-219
13
130
324
332
48
-420
-624
-385
-861
-1119
-480
236
570
135
-576
-738
-1044
-1531
-1913
-1817
-1378
-900
-720
-1172
-1165
285
515
-456
-356
-748
-1442
-1985
-2374
-2493
-2046
-1848
-2121
-2806
-2814
-2333
-2263
-1691
-1891
-2067
-1873
-1240
-1248
-2474
-2309
-1324
-1221
-1458
-2015
-2380
-2580
-3067
-3833
-4096
-3955
-3979
-3962
-3674
-3005
-2575
-1861
-1615
-1685
-1467
-904
-402
179
-492
-1650
-1436
-676
-732
-2427
-3180
-2996
-3558
-3617
-3258
-2960
-2010
-1587
-1623
-1551
-1371
-1511
-2143
-2968
-2954
-2717
-2624
-2714
-3512
-3706
-3257
-2851
-3340
-3976
-4028
-4020
-4744
-5276
-4988
-5205
-5086
-4356
-4097
-3434
-2812
-3114
-3050
-2760
-2420
-2005
-2387
-3336
-3886
-4097
-3664
-3275
-3790
-3960
-3699
-2758
-2319
-2723
-2551
-2174
-2567
-2706
-2628
-2336
-2133
-2752
-2957
-3341
-3937
-4470
-4612
-4526
-4288
-3756
-3636
-3605
-3596
-3403
-2587
-2593
-3556
-3844
-3528
-3366
-3377
-3805
-4193
-4299
-4213
-4571
-5334
-5289
-4847
-4804
-4812
-4359
-4097
-4427
-4422
-3877
-3368
-3294
-3594
-3248
-2665
-2168
-1856
-2339
-2626
-2882
-3269
-3241
-3376
-3334
-3764
-4067
-3220
-2808
-3091
-2653
-2186
-2313
-2001
-1518
-1619
-1869
-2079
-2356
-1821
-1301
-886
-448
-743
-944
-817
-979
-1085
-1050
-1495
-1975
-2017
-1671
-1691
-1437
-744
-655
-617
-283
28
77
-218
-524
-456
-492
-443
-629
-1046
-1607
-1675
-1445
-1182
-829
-1076
-1221
-1008
-755
-1182
-1570
-1185
-544
-402
-126
304
387
183
16
-77
-584
-1206
-1347
-867
-412
-215
-234
-217
-120
106
-40
-254
-353
-470
-483
-590
-606
-435
-114
95
92
-72
-325
-367
142
-55
-559
-655
-851
-671
-28
156
327
1041
1428
1520
1277
660
289
374
376
565
689
777
1273
1309
962
941
520
88
100
-129
-288
85
696
1164
977
691
743
887
905
864
1210
1392
1547
1502
1798
2156
2445
2849
2991
3011
2988
3260
3774
3502
2851
3061
3072
3059
2744
2371
2890
3386
3097
2651
2283
2145
2056
996
320
632
1202
1316
1264
1434
2067
2629
2296
2114
2380
2638
3011
3092
3027
3244
2655
2624
2691
2518
3216
3894
3933
3387
3223
3581
3920
3498
2735
2654
2841
2580
2430
2511
3060
3095
2611
2334
2348
2638
2323
2130
2567
2765
2439
2283
2328
3109
3488
3298
3546
3531
2854
2257
1754
1353
1412
1755
2145
2268
2740
3002
2894
2988
3597
3522
2890
2734
2327
1632
1707
2139
1966
1759
1479
1346
1716
2057
2239
2200
1537
1081
495
43
50
317
889
841
517
696
1418
1593
1621
1636
1545
1766
1794
1555
1453
1567
1347
1106
1067
772
172
-281
-511
-118
190
-187
-250
205
760
570
350
250
-36
185
583
719
209
-426
-704
-127
491
775
513
-211
-58
277
-47
-992
-1150
-419
74
45
-201
-590
216
1408
1760
1170
133
273
159
-387
-1011
-1701
-2073
-1876
-1885
-2382
-2854
-2481
-1812
-1619
-1131
-1160
-1381
-1493
-1634
-1392
-1248
-1919
-2320
-2093
-1395
-712
-687
-614
-568
-396
-552
-744
-228
-184
-500
-556
-541
-494
-751
-1073
-1181
-1102
-1256
-1363
-1404
-1478
-1840
-2714
-2967
-2776
-2543
-1982
-1238
-884
-725
-1008
-1372
-1324
-1278
-646
-194
-525
-906
-721
-163
83
-262
-784
-1124
-1032
-437
-443
-799
-747
-689
-606
-648
-694
-700
-610
-534
-590
-745
-1008
-1057
-1345
-1034
-1069
-1727
-1754
-1638
-1821
-1959
-1850
-2279
-2777
-2766
-2466
-2254
-2415
-2592
-2142
-1606
-1567
-1940
-2026
-2007
-2011
-1912
-1884
-1847
-1952
-2009
-1482
-790
-927
-1365
-1589
-1294
-1355
-1728
-1370
-1040
-1138
-1104
-1041
-1107
-1255
-1354
-1246
-1201
-1201
-1279
-1547
-1610
-1476
-1052
-505
-423
-159
158
146
-240
-995
-1519
-1316
-1100
-1698
-1853
-1688
-2035
-2023
-2495
-3103
-2940
-2635
-2031
-1377
-924
-668
-590
-711
-1160
-1144
-1090
-1256
-1300
-1169
-1278
-1831
-1931
-2115
-2291
-2623
-2550
-2043
-1396
-908
-596
-39
300
327
219
366
600
1049
1562
1273
542
252
381
900
780
286
-213
-389
-541
-548
-211
-85
133
70
-74
-109
70
207
87
-253
-420
-263
-231
-333
-238
-91
-19
-152
-252
137
456
-156
-652
-375
-537
-594
10
487
661
780
273
-643
-481
64
-90
-717
-952
-210
78
-256
-570
-410
105
75
-273
-47
547
468
314
587
513
156
97
254
-82
-466
-210
320
523
508
759
1463
2157
2257
2620
2531
2275
2711
2741
2234
1954
1594
1679
1430
607
248
-81
350
793
840
268
-153
-143
187
613
501
386
221
306
532
576
364
763
923
513
983
1792
1463
893
852
493
270
-32
-311
-258
24
294
23
-298
-115
-630
-774
52
-14
-168
78
-69
-124
1
-128
72
447
832
909
1083
793
410
853
1269
1273
1033
188
-515
187
559
60
-476
-255
-420
-800
-252
11
-328
381
935
514
436
22
-964
-1267
-974
-1343
-1873
-1932
-1548
-1269
-880
-1138
-888
-578
-592
-430
-492
-757
-824
-1010
-1411
-874
-728
-1133
-1814
-1146
-459
-246
-155
-555
-863
-1197
-820
231
531
391
1081
1371
1051
876
979
950
1102
1530
1577
1175
1265
1389
1290
1745
2102
1718
1055
730
803
695
563
168
34
493
616
784
879
796
1095
1606
1179
550
829
955
1247
1995
2372
2090
1967
2488
2298
2280
2750
2302
1696
1871
2065
2388
2667
2738
2654
2580
2443
1983
1961
2138
2065
1941
2242
2865
3456
3225
3026
3239
3164
2743
2474
2712
3080
3403
3380
3286
2914
2570
2374
2274
2568
2569
2156
1778
1662
1904
2461
2596
2196
2061
2192
2083
1989
1900
1631
1481
1101
661
363
-127
-209
75
746
1153
978
1227
1407
1617
2085
2363
2420
2310
2240
2371
2562
3016
3018
3155
3475
3796
3955
3502
2970
2778
2408
1622
1633
1582
1256
1198
1364
1239
1520
1497
1216
1328
1342
998
749
725
340
613
1169
1328
983
884
1051
1603
1658
1583
1574
1602
1799
1672
1656
1485
1674
1387
1608
1640
1178
890
320
163
171
40
-270
-82
-3
151
273
-238
-697
-515
-427
-221
-154
-426
-174
104
-48
-690
-236
277
216
568
700
572
706
884
671
463
378
308
478
667
852
1193
1212
1013
1091
1381
1364
683
30
140
308
436
299
401
497
375
169
-178
-222
189
645
593
786
830
1111
1051
750
759
621
619
656
735
847
1011
1245
1152
943
1207
1135
906
762
281
-83
-155
-249
-302
-244
108
584
282
196
327
64
63
-15
299
564
601
831
914
1076
1388
1143
959
1307
1295
1184
1396
1387
1363
1397
958
817
1242
1700
1608
1611
1765
1916
1961
1877
1977
2196
2564
2562
2570
2748
2875
2865
2637
2751
2859
2881
3091
3232
3271
3103
2866
2932
2851
2640
2592
2529
2679
2635
2805
2713
2426
2207
2106
2108
2046
1808
1486
1941
2214
2071
1981
1767
1318
1080
1103
1083
892
906
767
1108
1746
1459
1094
1340
1549
1177
958
1217
1492
1763
2066
2210
2185
2100
2405
2234
1859
1806
1665
1211
1081
1313
1435
1316
964
1027
930
506
365
167
-145
75
61
33
201
96
-286
-444
-447
-549
-521
-683
-785
-464
-372
-617
-625
-660
-416
-145
-184
-121
148
298
49
-154
-240
-348
-168
40
-215
-507
-517
-619
-766
-1078
-1243
-1256
-1338
-1519
-1510
-1545
-1450
-1313
-1575
-1456
-1374
-1264
-1364
-1533
-1377
-1275
-1320
-1221
-1180
-1323
-1667
-1758
-1321
-1006
-838
-704
-586
-552
-603
-473
-149
-164
139
489
723
610
367
205
-361
-712
-1191
-1332
-1481
-1801
-1739
-1665
-1592
-1332
-1335
-1230
-804
-595
-345
-633
-711
-799
-1279
-1185
-737
-646
-732
-608
-639
-713
-457
229
759
785
613
441
284
493
273
8
-61
169
189
-302
-419
-430
-156
-44
-161
-477
-469
-422
-330
-338
-27
345
183
413
264
136
-196
-273
-56
-501
-803
-542
-595
-772
-1114
-1614
-1429
-1666
-1890
-2051
-2015
-1629
-1237
-1194
-1172
-1174
-894
-285
-79
-20
-178
89
274
730
981
918
930
1151
1186
1294
1612
1633
1611
1706
2104
1747
1124
671
403
561
886
668
217
292
698
697
682
738
710
1042
1106
474
-32
-42
-42
165
-25
-232
185
588
672
637
533
630
901
978
1092
986
557
292
74
-99
-84
-231
-755
-1115
-1131
-1038
-740
-706
-1092
-1042
-254
12
-272
-335
-511
-640
-921
-1405
-1866
-2290
-2237
-1882
-1568
-1268
-803
-714
-264
-2
-236
90
41
-416
-695
-902
-1327
-1862
-2457
-2930
-3217
-2618
-1932
-1540
-995
-354
51
95
558
605
131
-48
89
-185
-604
-462
-630
-1121
-1089
-843
-642
-736
-1013
-952
-367
-21
278
775
508
67
346
269
-287
-175
406
473
37
-9
-529
-1015
-1278
-2088
-2488
-1828
-1002
-1055
-543
563
1072
629
285
504
38
307
402
-107
-505
-446
-498
-1079
-552
140
529
498
707
1276
2135
2303
1860
2083
1819
1054
849
771
467
601
688
71
-604
-643
-340
122
420
511
653
724
158
276
710
-115
-1333
-1789
-1463
-792
-156
-393
-78
352
497
397
-14
103
472
716
399
5
-63
284
-83
-533
-18
640
709
288
330
953
1126
1038
328
-370
-538
-545
-460
-840
-189
100
-107
2
-345
-390
371
1325
2206
2121
1539
1253
1141
931
495
491
-180
-580
-366
-178
306
963
460
-93
371
609
-120
-1109
-1584
-1194
-1217
-1771
-2394
-2597
-1407
-1662
-1829
-1291
-973
-1013
-977
-907
-817
-379
-627
-986
-1052
-721
-943
-1659
-1945
-1099
-774
-1544
-1442
-1137
-1323
-1514
-1637
-1733
-2209
-2696
-2494
-2448
-2865
-3178
-3222
-2849
-2507
-2040
-1677
-1709
-969
-203
-542
-1337
-1854
-1514
-1542
-1792
-1731
-1897
-2036
-1773
-1320
-1217
-1043
-1047
-1326
-1693
-1467
-1472
-1754
-1753
-1771
-1488
-1556
-1694
-1482
-1370
-1676
-2478
-2374
-2305
-3002
-2458
-1822
-1856
-2188
-2141
-1976
-2292
-2653
-2555
-2015
-1361
-944
-1264
-1230
-879
-650
-426
-366
-742
-1067
-884
-652
-1098
-1376
-1164
-1312
-1449
-1527
-1544
-1464
-1674
-2222
-2881
-3334
-3402
-3717
-3977
-3997
-3535
-2826
-2435
-2283
-1873
-2021
-2650
-2770
-2460
-2625
-3107
-2686
-2522
-2413
-1802
-856
-785
-856
-784
-1207
-1804
-1615
-1304
-1632
-1463
-1388
-1404
-2011
-2348
-2186
-2261
-2367
-2432
-2503
-2244
-1785
-1751
-1706
-1325
-1054
-848
-602
-849
-1185
-882
-794
-1170
-1003
-607
-325
-318
-340
-687
-1359
-1445
-1764
-1824
-1412
-966
-667
-592
-407
-322
-343
-470
-560
-759
-473
317
878
525
486
926
871
729
1025
1116
1293
1373
1162
1182
716
591
623
477
545
954
816
1080
1450
1387
1144
918
970
776
989
1541
1866
1905
1959
1867
2043
1764
1249
970
870
972
632
520
1010
1500
1764
2184
2564
2701
2709
2528
2286
2093
2046
2315
2838
2798
2685
2903
3343
3414
2936
2822
3036
3003
2418
2339
2367
2600
2727
2793
2845
2493
2247
1933
1815
1820
2263
2553
2194
2135
2256
2092
1905
1661
1801
1777
1771
1965
2045
1947
1953
2288
2482
2823
2972
2747
2765
2861
2907
3125
2809
2400
2182
1979
1902
2106
2363
2259
2198
2378
2267
2519
2990
2923
2920
3063
3013
2947
2929
2496
2183
2072
2230
2680
3100
3379
3825
4413
4566
4267
4394
4861
4764
4607
4526
4693
5045
5217
5372
5267
5113
4985
5079
5421
5403
5517
6052
6206
5709
5205
5127
5079
4724
4589
4509
4448
4253
4033
4171
4396
4353
4408
4855
4904
4585
4543
4782
4600
4693
4540
4082
4275
4289
3912
3857
3999
3963
3956
3968
3926
4178
4590
4869
4866
4820
5072
4838
4629
4525
4656
4806
4767
4763
4779
4859
4743
4418
4476
4959
4958
4818
4506
4235
4044
3788
3495
3101
2993
3357
3627
3801
3945
4284
4587
4406
4343
4455
4673
4197
3761
3873
3797
3669
3628
3430
3049
2870
2777
2508
2337
2472
2727
3031
3267
3375
3541
4020
4075
4177
4062
3551
3287
3189
3414
3847
4448
4767
5097
5222
4768
4049
3540
3275
3147
3139
3227
3191
3232
3246
3485
3721
3028
2328
2178
2521
2770
2710
2511
2515
2778
2952
2882
2708
2462
2468
2605
2619
2745
2859
3061
3243
3108
2581
2435
2530
2838
3124
3039
2770
2941
3175
2946
3034
2925
2381
1704
1391
876
774
975
908
898
669
875
1236
1561
1447
979
555
427
460
123
-255
-74
553
646
648
662
486
559
780
1203
1550
1453
1417
1303
1229
906
404
402
430
418
116
-45
141
439
432
394
623
863
775
326
-254
-670
-624
-589
-702
-924
-1125
-1405
-1824
-2076
-2433
-2938
-2695
-2302
-2128
-1843
-1526
-1196
-844
-264
92
-321
-614
-301
-457
-984
-1500
-2160
-2148
-2019
-2437
-2818
-2859
-2445
-2352
-2482
-2517
-2310
-2035
-1777
-1484
-1693
-1977
-1993
-1985
-1621
-1838
-2683
-2698
-2092
-1727
-2348
-2692
-2916
-3265
-2639
-2739
-3332
-3309
-3639
-3946
-3323
-3096
-3476
-2890
-2336
-2683
-3119
-3387
-3800
-3932
-4057
-4291
-4553
-4260
-3482
-3677
-4187
-4538
-4483
-4189
-3380
-2928
-3154
-3389
-4121
-4420
-4035
-4281
-4972
-4918
-4768
-4717
-4502
-4381
-4741
-4403
-3811
-4008
-4446
-5030
-4905
-4790
-5101
-5259
-5434
-5334
-5333
-5096
-4843
-5435
-5387
-5245
-5885
-5706
-5154
-5397
-5193
-5116
-5491
-5401
-5439
-5476
-5335
-5251
-4938
-4986
-5561
-5844
-5437
-4746
-5158
-5840
-6191
-6065
-5326
-4953
-5479
-5866
-5230
-4936
-5027
-5231
-5159
-4286
-3103
-3031
-4129
-4351
-3962
-3744
-3603
-4119
-4634
-4535
-4374
-4485
-4737
-4838
-4449
-3685
-3312
-2952
-2982
-2551
-2085
-2316
-2517
-2915
-2728
-2038
-1687
-2218
-2294
-2146
-2402
-1930
-1691
-2184
-2228
-2219
-2273
-2149
-1910
-1501
-1086
-897
-722
-1
130
-69
178
280
-308
-544
-226
-589
-638
-597
-819
-485
-210
-540
-780
-652
-521
-498
-635
-898
-1165
-1562
-1848
-1995
-2147
-1976
-1719
-1557
-1135
-504
-693
-1208
-1254
-853
-368
-368
-711
-698
-584
-333
13
-196
-637
-661
-370
-573
-956
-1270
-1407
-1331
-872
-1100
-1533
-1429
-930
-415
-461
-592
-596
-271
-405
-892
-1208
-1502
-1720
-1553
-1469
-1559
-1518
-1439
-1800
-2078
-1870
-1614
-1505
-1295
-1382
-1544
-1114
-1026
-1058
-928
-277
347
268
172
298
250
88
109
-121
-181
52
13
-139
-522
-684
-494
-117
210
-18
-582
-862
-434
-75
102
201
-180
-278
-98
-192
-344
-451
-509
-492
-627
-1054
-1095
-897
-746
-632
-556
-740
-774
-257
26
56
136
182
124
369
755
827
825
774
995
1478
1635
1501
1029
585
385
545
706
683
807
1073
1514
1596
1245
1223
1103
1003
1393
1530
1387
1597
2016
2042
2046
2007
1995
2014
1867
1528
1263
1214
1306
1307
1245
1418
1450
1389
981
300
88
64
210
460
399
144
175
417
635
1021
947
858
818
523
505
536
467
907
1151
1202
1605
1700
1724
2082
2460
2483
2290
2037
1930
1869
1947
2225
2279
1945
1796
1644
1559
1474
1208
1238
1471
1844
1878
1833
1882
1791
1707
1894
2059
2128
2187
2278
2298
2284
2227
2208
2380
2528
2608
2643
2640
2534
2901
3270
3283
3022
2981
3055
2857
2720
2619
2414
2261
2266
2403
2466
2507
2617
2731
2783
2865
3140
3386
3487
3314
3409
3249
2890
2554
2331
2209
2169
2242
2295
2305
2072
1979
1784
1606
1751
2008
2059
2199
2451
2508
2386
2338
2273
2098
2106
2437
2814
2864
2897
2801
2352
1868
1657
1547
1233
906
802
784
579
400
218
266
384
87
77
417
689
609
496
344
23
54
38
-94
-197
-518
-686
-482
-324
-181
-143
-115
-52
55
225
457
630
533
390
299
438
436
555
698
820
635
625
879
860
920
736
277
201
825
960
474
21
119
504
803
709
247
154
454
565
725
1115
1801
2286
2001
1518
1526
1899
1790
1730
2097
2328
2355
2459
2480
2223
1904
2071
2297
2261
1769
1277
1231
1478
1509
1603
1623
1368
1402
1805
2142
2043
2526
3157
3410
3357
2896
2186
2132
2507
2560
1894
1815
2064
1755
1566
1844
2647
2975
3126
3010
2880
3192
3695
3699
3271
3038
2868
3049
2828
2386
2821
3178
3512
3401
3421
3921
3920
3670
3134
2776
2671
2712
3028
3092
3013
3138
3117
3329
3148
2849
3121
3327
3038
2884
3073
3130
2615
1924
1690
1363
1443
1604
1678
1807
1977
2117
1789
1576
1874
1851
1321
1281
1506
1407
811
521
779
847
637
-78
-485
-228
45
-158
-433
4
573
551
-32
-308
602
1751
1737
1184
965
1368
1514
1317
1257
934
97
-601
-763
-1467
-2033
-2111
-1779
-1660
-2062
-2788
-3140
-2737
-2576
-2431
-2431
-2675
-2714
-2579
-2398
-1973
-2122
-1784
-927
-2
470
449
623
148
-216
-313
-21
-193
-883
-934
-453
-355
-1232
-2139
-2171
-1887
-2487
-3244
-3428
-3381
-2998
-2787
-2521
-2216
-1692
-1612
-2416
-3105
-3398
-3027
-2232
-1374
-1119
-912
-555
-593
-707
-760
-850
-858
-637
-540
-616
-439
-981
-1673
-1497
-1391
-1472
-1799
-1908
-1929
-1824
-1205
-766
-525
-355
-873
-986
-614
-483
-514
-1438
-2133
-2013
-1711
-2049
-2618
-2509
-2156
-1367
-792
-1296
-1672
-1735
-1454
-1432
-1894
-2261
-1941
-1379
-1435
-2076
-2478
-2130
-2214
-2254
-2306
-2483
-2142
-923
-722
-485
-101
-62
-37
-429
-1122
-1710
-1292
-1485
-1765
-1714
-1629
-1804
-1559
-1187
-1325
-1402
-1507
-2108
-2165
-1884
-2175
-1939
-1760
-1610
-1078
-758
-381
-460
-597
-368
-860
-1745
-2397
-1854
-1084
-1213
-2179
-3168
-3451
-3522
-3317
-3156
-2782
-2542
-2477
-2326
-2592
-1952
-942
-850
-906
-659
-368
-912
-2400
-3047
-3110
-3140
-2999
-3586
-3988
-3426
-2617
-2261
-1693
-1391
-2021
-2625
-3213
-3362
-2872
-2872
-2718
-2169
-1331
-792
-766
-371
-64
-538
-1003
-836
-1186
-1572
-1774
-1892
-2461
-2816
-2306
-2080
-2124
-2187
-2399
-2738
-2106
-1721
-2047
-1992
-1556
-590
264
234
-159
-117
41
192
297
-104
-989
-1789
-1974
-1595
-1320
-1244
-991
-1069
-1430
-1776
-2114
-2462
-3539
-3995
-3661
-3697
-3739
-3508
-2850
-2169
-1628
-1422
-1704
-1666
-1545
-1846
-2421
-2841
-2739
-2353
-1852
-1862
-2057
-2075
-1814
-1642
-1789
-1841
-1759
-1622
-1720
-2021
-2170
-1731
-1414
-1345
-1601
-1699
-1515
-1574
-1477
-1485
-1552
-1803
-1556
-1262
-1581
-2247
-2575
-2246
-2209
-2079
-2035
-2199
-1879
-1521
-1353
-867
-612
-739
-868
-1317
-1204
-888
-916
-625
-8
507
425
410
266
-25
104
337
-40
-590
-1025
-1444
-1522
-1468
-1624
-1639
-1018
-923
-1173
-1326
-1216
-1294
-1651
-1553
-1352
-695
-479
-1147
-1361
-1307
-2203
-2557
-2419
-2456
-2476
-2465
-2413
-2427
-2557
-3385
-3212
-2392
-2004
-2193
-2492
-2372
-1985
-1264
-269
-348
-600
-277
-118
-167
-205
149
-346
-582
-424
-804
-566
-279
-624
-213
226
-122
-394
-425
-917
-1118
-612
-447
-833
-495
214
46
-515
-847
-1337
-1703
-1550
-1811
-1370
-262
21
-28
496
587
-312
-201
637
752
1019
1189
1036
1280
2171
2827
2849
2097
1472
1489
1556
1426
1464
1449
1268
2061
2201
1193
617
767
617
301
98
92
33
-89
-499
-831
-647
-392
154
620
890
619
765
1203
1095
1201
1401
1291
1577
1724
1513
1898
1830
1857
1949
1584
1848
2098
2467
2783
2844
2619
1710
907
535
699
757
864
1107
909
813
623
475
301
211
353
212
32
176
342
171
-238
-519
-49
83
-53
458
805
757
577
822
1029
531
107
289
123
-278
-360
-476
-330
-224
-484
-918
-864
-731
-556
-350
-443
-314
-578
-1147
-1401
-1432
-1235
-847
-702
-791
-609
-199
-348
-501
-511
-795
-1088
-1336
-1598
-1915
-1555
-1038
-1219
-1376
-1345
-1448
-1678
-1423
-1232
-1771
-2058
-2334
-2701
-2632
-2281
-2312
-2510
-2607
-2658
-2637
-2487
-2453
-2577
-2132
-1884
-1996
-2054
-2475
-2400
-1627
-865
-724
-801
-839
-1291
-1573
-1789
-1791
-1635
-1451
-1622
-1838
-1620
-1436
-1779
-2253
-2285
-2084
-1781
-1779
-2112
-2452
-2495
-2578
-2372
-2034
-2258
-2649
-2575
-2359
-2595
-2788
-2728
-2978
-2950
-2638
-2446
-2064
-1836
-1835
-1948
-1931
-2186
-2367
-2323
-2527
-2651
-2726
-2668
-2471
-2265
-2369
-2299
-2180
-2535
-2407
-2188
-2245
-2230
-1969
-1769
-1600
-1335
-1478
-1678
-1751
-1902
-2008
-2114
-2448
-2497
-2765
-3070
-3033
-2851
-2720
-2765
-2631
-2755
-3043
-2899
-2608
-2720
-2671
-2849
-3189
-3189
-2859
-2584
-2952
-3124
-2802
-2810
-3262
-3119
-2809
-2889
-2775
-2688
-2954
-3086
-2912
-2789
-2919
-3040
-2716
-2408
-2382
-2750
-2962
-2784
-2619
-2575
-2998
-3454
-3544
-3324
-2845
-2357
-2345
-2800
-3029
-3076
-3076
-2776
-2483
-2384
-2149
-1827
-1806
-1868
-1735
-1711
-1753
-1588
-1305
-1133
-1310
-1464
-1483
-1837
-2544
-2957
-3199
-3118
-2938
-2811
-2666
-2362
-1852
-1982
-2298
-2584
-2572
-2291
-2129
-2244
-2195
-1931
-1872
-1829
-1809
-2036
-2232
-2536
-2830
-2722
-2369
-1984
-1729
-1366
-983
-844
-1110
-1163
-1145
-1082
-1062
-1051
-730
-953
-1714
-1934
-1698
-1964
-2557
-2771
-2680
-2425
-1971
-1857
-1861
-1834
-1608
-1555
-1841
-2327
-2583
-1855
-1782
-2185
-2196
-1951
-2052
-2449
-2475
-2520
-2518
-2630
-2801
-3472
-3607
-3273
-3251
-2935
-2337
-2357
-2639
-2333
-2046
-1697
-2647
-3160
-2657
-2499
-2696
-2880
-2887
-2966
-2377
-2110
-2323
-2181
-1475
-2068
-2617
-2178
-2115
-2001
-1309
-1360
-2502
-3133
-3191
-3000
-3247
-3345
-3740
-3920
-3265
-2392
-2634
-3286
-2917
-2735
-2724
-2764
-3008
-2486
-1950
-2550
-2592
-2107
-1929
-2023
-2331
-2487
-2119
-1702
-1652
-2098
-2995
-3686
-3626
-3014
-2853
-3134
-3002
-2714
-2924
-2802
-2632
-2647
-2545
-2439
-2051
-2081
-2774
-3022
-2924
-3078
-3161
-2444
-1437
-1384
-1628
-1385
-840
-786
-765
-1375
-1856
-1551
-1443
-1726
-2103
-2143
-2320
-1763
-1498
-1876
-2246
-1915
-1677
-1686
-616
45
-375
-648
-536
-679
-286
142
-413
-1252
-1770
-1593
-751
-213
-400
-234
334
264
-322
-818
-433
-435
-768
-1062
-1715
-1799
-1564
-1121
-918
-732
-864
-698
-500
-263
-271
-591
-403
-494
-842
-1722
-2063
-1681
-859
-957
-1182
-996
-1068
-1064
-990
-678
-44
131
-475
-465
130
900
1122
806
351
728
1311
1238
1142
1604
1255
515
632
1100
1650
1695
1592
1443
1654
1879
1819
1659
1453
1361
1198
1018
931
596
514
920
1551
1718
1578
1602
1568
1637
1711
1629
1434
1340
1451
1886
2085
1786
1575
1724
1462
1544
1468
907
1254
1603
1621
1796
1632
1446
1740
2034
2018
1547
1162
1086
1113
1150
954
954
1253
1725
2236
2694
3102
3295
3608
3722
3434
2869
2769
2805
2852
3078
3129
3053
3017
3335
3252
2973
2846
2742
2572
2340
2000
1495
1480
1959
2085
1939
1721
1715
1692
1347
1797
2221
1892
1716
1745
1658
1724
1962
1468
1052
1256
1636
1644
1363
1369
1451
1890
2308
2212
2214
2805
2860
2389
2316
2707
2966
2671
2530
2537
2710
3085
3156
3138
3134
2999
3095
3521
3567
3336
3444
3506
3347
3283
3366
3425
3619
3780
3850
3795
3894
4019
4003
4095
3961
3874
3952
4077
4021
3715
3481
3375
3354
3966
4403
4450
4863
5072
5289
5260
5307
5573
5088
4486
4477
4803
4818
4524
4453
4579
4491
4316
4202
3983
4058
4270
4398
4320
3906
3776
3982
4118
4301
4416
4169
3934
4206
4763
5250
5247
4901
4908
4828
4270
3585
3455
3846
4092
3989
4199
4150
4015
4591
4889
5341
5741
5484
4660
4380
4785
4681
4461
4709
5181
5329
5391
5614
5678
5395
5595
5946
6082
6583
6798
6961
7158
6827
6699
6755
6883
6789
6476
6490
6534
6673
6714
6490
6024
6104
6439
6325
5741
5227
4810
4415
4536
4451
4442
4369
4587
4998
4720
4372
4586
5037
5060
5012
5015
4939
5088
5678
5712
5091
4819
4971
4978
4622
4446
4256
3793
3518
3472
3419
3206
2722
2575
2802
3174
3534
3440
3356
3759
4273
4667
4420
3785
3846
4085
3593
3053
3034
2887
2753
2832
2780
2630
2949
3384
3331
2884
2465
2184
2077
2024
1819
1953
2147
2345
2405
2111
1805
2092
2120
1666
1433
1539
1913
1591
1196
931
833
1290
1580
1283
1115
1410
1616
1269
883
932
1022
1205
1419
1627
1522
1144
1043
1148
1065
796
458
359
357
395
748
1196
976
460
267
227
309
540
545
120
357
710
860
943
1018
1534
1930
2143
2381
2397
2373
2118
1922
2009
2017
2015
1762
1542
1542
1485
1196
671
328
285
88
38
50
333
958
1377
1224
1063
1062
844
788
676
583
667
616
380
549
935
1209
1416
1163
557
53
-304
-424
-574
-638
-337
129
352
466
907
1351
1283
822
848
1267
1711
1966
1835
1987
2465
2504
2453
2410
2499
2487
2450
2605
2455
2507
2358
1912
1534
1412
1571
1530
1726
1979
1873
1818
1580
1260
935
709
615
593
871
780
641
831
1043
1183
1166
1090
1191
1570
1437
1071
1075
1292
1276
1311
1354
1039
988
1030
1420
1814
1653
1171
772
1004
1380
1689
1960
1587
1264
1901
2251
1759
1334
1137
1188
1099
1153
1397
1391
1328
1429
1085
845
1009
731
955
913
538
10
-72
118
-47
30
147
-34
-329
140
141
-531
-914
-723
-327
121
455
1299
1610
1336
1099
344
210
433
377
-253
-731
-963
-1067
-1024
-412
272
503
1064
1403
979
585
511
595
838
1097
972
60
-786
-707
-409
-256
137
-182
-237
266
775
765
475
560
549
600
616
418
-443
-1211
-1372
-1639
-2322
-2130
-2209
-2439
-2731
-2976
-2622
-2519
-1952
-1513
-962
-585
-110
167
-31
-295
-286
-81
-174
-645
-895
-1121
-1386
-757
-504
-882
-1448
-1191
-792
-952
-1088
-1217
-1442
-1334
-1083
-801
-854
-1228
-1146
-1363
-1964
-2033
-1276
-1435
-1399
-1361
-1510
-1388
-1529
-1747
-1686
-1566
-80
1233
193
-639
-1273
-1140
-727
-1239
-1663
-1475
-1211
-796
-850
-1173
-1398
-885
-500
-236
-106
-224
292
462
313
766
701
599
1251
1296
669
-360
-22
544
450
-145
-238
22
-227
-589
-19
861
568
264
131
176
642
1094
694
852
1197
527
156
165
-192
-774
-776
-179
166
-19
-136
-41
-240
-333
610
866
336
325
770
1527
1635
956
170
271
664
887
727
135
-113
39
4
-156
-300
-612
-613
-440
-371
-288
-74
452
787
599
409
142
207
797
949
529
750
1336
1146
878
760
697
1151
1255
836
969
652
419
557
258
16
123
368
274
279
105
-100
-283
-175
-314
-783
-710
-692
-1028
-926
-748
-554
-338
-648
-609
-193
440
962
757
966
1632
1315
1065
861
310
22
325
850
771
674
1015
1061
806
623
552
634
466
345
237
264
480
332
312
643
829
666
748
983
659
743
933
422
55
32
19
133
651
825
803
811
741
607
402
402
450
507
596
983
1324
1306
937
698
624
604
635
404
368
134
37
496
441
124
16
408
645
421
488
783
961
1244
1491
993
433
-76
-231
360
345
-183
-393
-438
-517
-522
-279
17
271
127
113
198
-30
25
-32
-152
-270
-466
-163
93
-65
18
178
1
-36
96
-131
38
841
1366
1953
2173
2107
1865
1620
1755
1973
2175
2293
2362
2200
2320
2051
1665
1535
1255
933
1270
1589
1387
1443
1427
1204
978
806
749
736
447
480
746
634
510
517
426
259
348
652
950
1326
1280
959
642
522
596
861
751
646
771
1025
1304
1225
1368
1596
1628
1436
1667
1544
1491
1605
1538
1307
886
857
1090
1400
1199
848
968
840
467
463
330
471
803
929
1067
1334
1331
1230
1085
947
1124
1227
1324
1184
996
1167
1650
1690
1648
1491
801
286
10
-299
-856
-1189
-1247
-1278
-1162
-1023
-1097
-914
-738
-700
-687
-998
-1094
-962
-801
-518
-243
-261
-299
-201
-285
-515
-646
-683
-520
-531
-615
-286
162
215
207
407
432
427
440
591
799
927
858
881
990
1043
895
436
-163
-354
-233
-78
472
819
751
380
241
130
40
-29
-318
-252
-357
-585
-764
-787
-701
-671
-473
-368
-444
-205
42
-90
-48
-366
-772
-805
-871
-1012
-1215
-1425
-1487
-1480
-1405
-1383
-1584
-1635
-1556
-1609
-1716
-1837
-1843
-1529
-1330
-1195
-1021
-690
-542
-508
-282
-256
-420
-377
-264
-593
-712
-473
-568
-713
-774
-905
-913
-1192
-1186
-1173
-1365
-1435
-1273
-1284
-1569
-1846
-2086
-1917
-1767
-1926
-2265
-2206
-2378
-2788
-2840
-2756
-2736
-2246
-2045
-2207
-2365
-2631
-2240
-1929
-2115
-2421
-2610
-2485
-2111
-1867
-2119
-2499
-2356
-1908
-1443
-1238
-1195
-1389
-1770
-1740
-1324
-1426
-1968
-2389
-2329
-2030
-1862
-1656
-1702
-1962
-1912
-1709
-1529
-1413
-1336
-1072
-970
-1017
-967
-948
-1376
-1528
-1640
-1965
-1905
-1634
-1241
-1012
-1379
-1774
-1967
-2177
-2230
-2235
-2315
-2440
-2344
-2397
-2692
-2813
-2897
-3014
-3075
-3103
-3141
-3290
-3146
-2635
-2365
-2457
-2898
-3252
-3281
-3206
-2849
-2576
-2630
-2718
-2730
-2600
-2324
-2463
-2882
-3180
-3046
-2856
-2851
-2767
-2930
-3318
-3761
-3790
-3530
-3435
-3624
-3868
-4010
-3843
-3595
-3514
-3385
-3155
-2987
-2704
-2264
-1999
-2006
-2301
-2492
-2507
-2311
-2463
-3008
-3312
-3039
-2753
-2832
-2852
-2713
-2640
-2677
-2673
-2728
-2811
-2920
-2898
-2947
-3309
-3632
-3320
-2833
-3008
-3734
-4089
-3870
-3651
-3679
-3577
-3460
-3315
-2962
-2965
-3563
-4328
-4579
-4474
-4550
-4427
-4556
-5025
-5382
-5319
-4798
-4437
-4257
-4162
-3881
-3658
-3284
-3568
-4149
-4359
-4408
-4332
-4707
-5148
-5315
-4930
-4372
-4734
-5503
-5703
-5304
-4867
-4787
-5334
-5629
-5212
-5217
-5053
-5059
-5136
-4614
-4393
-4553
-4670
-4423
-3958
-3472
-3492
-4324
-5137
-5344
-5274
-5652
-6165
-6057
-5519
-4973
-4112
-4244
-4844
-4145
-3205
-2622
-2504
-3093
-4258
-4440
-3698
-3785
-4719
-5045
-5030
-5168
-4651
-4265
-4595
-4861
-4891
-5363
-5333
-5544
-5930
-5665
-4558
-3864
-4228
-3876
-3233
-3605
-4493
-3750
-3193
-3066
-3654
-4184
-3057
-2472
-2916
-3474
-3612
-3511
-3525
-3164
-3010
-3295
-2859
-2763
-3087
-3452
-3419
-2865
-2657
-3243
-3763
-3675
-4166
-4975
-5403
-5446
-5192
-4756
-4105
-3939
-3863
-4035
-4447
-4414
-4312
-4154
-4194
-4340
-4383
-4001
-3497
-3128
-2561
-2240
-2424
-2528
-1975
-1391
-1201
-894
-1176
-1627
-1227
-922
-1111
-1206
-1502
-1851
-2371
-2446
-2471
-2736
-2345
-2105
-2386
-2658
-2505
-2634
-3041
-2927
-2152
-2544
-2998
-2602
-2489
-2168
-1566
-1254
-945
-790
-793
-240
-316
-707
-1396
-1765
-1843
-1896
-1652
-1422
-841
-623
-491
-730
-1064
-1066
-272
-131
-1177
-1422
-1142
-1309
-1686
-1717
-2042
-2527
-2735
-2467
-2837
-3353
-3779
-3967
-3210
-2926
-3957
-4827
-4647
-3683
-2669
-2677
-2995
-2410
-1776
-1959
-1624
-951
-458
-60
-231
-582
-183
-304
-1030
-1169
-997
-1038
-938
-1119
-1483
-2019
-2469
-2311
-2610
-2935
-3016
-3234
-3325
-3043
-3255
-3448
-3611
-3766
-3395
-3120
-3237
-3176
-2838
-2451
-2177
-2023
-1629
-1457
-1357
-1637
-1502
-931
-642
-442
-701
-1079
-1046
-786
-1140
-1654
-1593
-931
-473
-984
-1717
-1943
-1835
-1900
-2122
-2373
-2496
-2660
-2798
-2359
-2085
-1901
-1721
-2211
-2466
-2016
-1563
-1829
-2204
-2198
-1608
-844
-968
-1208
-1190
-949
-954
-1242
-1704
-1553
-868
-354
-460
-1240
-1244
-1332
-1429
-1691
-2077
-1990
-1986
-2262
-2100
-1200
-776
-1007
-1425
-1727
-1997
-2032
-1823
-1671
-1261
-680
-137
-40
-250
-895
-802
42
-220
-626
-417
-281
-691
-510
-251
-440
-430
124
532
225
93
-7
-163
400
817
774
990
1241
1521
1452
1209
1198
1558
1311
927
852
763
832
885
1131
1777
1841
1612
1964
2129
2427
2787
3049
3050
3395
3727
3236
2824
2637
2258
1894
1542
1456
1806
2152
2404
2332
2317
2065
1571
1411
1670
2084
2211
2157
1910
1579
1816
2103
2319
2854
2979
3100
3101
2841
2743
3006
3314
3317
3229
3536
4322
4481
4310
4064
3776
4021
4188
4052
4043
4424
4632
4226
4001
4081
3784
3594
3492
3222
3508
3732
3633
3683
4016
4010
3787
3714
3743
3506
3362
3864
3836
3811
3939
3867
3532
3017
2999
2859
2797
2952
3009
3206
3280
3306
3495
3790
3479
3245
3553
3760
3920
3984
4034
3960
3958
3891
3649
3335
3136
3128
3213
3280
3271
3351
3098
2988
2775
2574
2782
3141
3428
3421
3348
3454
3519
3393
3664
3680
3325
3025
3176
2942
2593
2811
2917
2995
3051
2909
2701
2416
2313
2375
2310
2351
2444
2743
2698
2482
2515
2563
2407
2266
2008
1891
2017
1957
1955
1912
1863
1840
1733
1826
1762
1517
1540
1583
1650
1610
1454
1089
1074
1457
1697
1720
1632
1724
1874
1737
1679
1998
2281
2331
2501
2743
2663
2417
2187
2303
2151
1844
1745
1604
1422
1180
1226
1092
858
935
829
782
814
758
741
1154
1595
1578
1864
2060
2027
1802
1838
2455
2793
2914
2794
2574
2680
2794
2945
2933
2900
3100
3378
3119
2746
2857
2970
2967
2992
3104
2905
2488
2110
1910
1715
1914
2232
2171
1896
1340
896
895
887
1148
1420
1639
1875
1850
1857
1619
1628
2022
2287
2482
2408
2472
2938
3211
3306
3211
3173
3028
2908
2787
2627
2254
2027
1836
1794
1610
1465
1683
1337
1357
1106
551
73
-15
66
-366
-488
19
528
591
322
117
61
244
339
244
280
723
1215
1242
1151
1118
1488
1875
1995
1930
1751
1601
1585
1089
958
1249
1427
1420
1468
1293
785
734
783
851
766
881
510
224
246
198
92
132
81
-238
-578
-979
-810
-786
-1344
-1824
-2074
-2064
-1564
-1174
-1181
-1259
-934
-729
-947
-1233
-1084
-802
-877
-1007
-1095
-929
-677
-441
-217
173
651
988
1048
947
807
690
902
632
47
-151
-283
-551
-663
-491
-279
134
298
352
310
692
743
49
-184
-493
-824
-886
-879
-1582
-1623
-1060
-858
-906
-1050
-408
113
357
739
1157
1024
971
867
841
1141
1008
841
829
1018
880
610
646
825
1067
1503
1567
1558
1621
1679
2068
2116
1835
988
505
850
962
639
425
423
93
-350
-351
-739
-1797
-1895
-1426
-699
-98
336
629
575
575
332
220
234
-45
-492
-618
-503
-419
-437
-35
350
30
10
488
703
811
288
-779
-1195
-997
-1098
-1830
-1821
-590
-49
-795
-1467
-1219
-1472
-1920
-1439
-1189
-1159
-732
-232
-183
64
249
117
284
290
484
727
529
484
225
375
339
-566
-1142
-1344
-1299
-1516
-1608
-1354
-1793
-1975
-1359
-1022
-777
-60
-165
-313
332
500
487
724
997
407
273
458
145
113
315
89
-621
-611
-236
-126
-257
45
186
333
522
74
-388
-771
-912
-964
-690
-302
16
-101
-279
-332
-862
-858
-801
-792
-783
-727
-343
-478
-451
102
580
606
658
473
237
759
1193
1281
1741
1652
1100
1341
1228
821
684
425
-72
-405
-564
-657
-423
146
250
-297
-219
-166
-446
-712
-378
-226
-856
-1151
-1371
-962
-301
124
414
770
1071
1150
1279
1098
913
1237
1728
1590
1505
1558
1838
1990
1996
2096
1796
2081
2017
1557
1516
2040
2105
1856
2028
1658
1626
1962
1984
1623
1341
1317
1181
844
831
748
836
1440
1616
1547
1319
1427
1115
550
628
726
472
588
848
535
649
796
1067
1236
1115
984
807
804
1083
1321
1138
979
989
718
639
1076
942
-66
-855
-1047
-939
-684
-780
-555
-174
306
71
-307
-454
-573
-396
-507
-671
-765
-16
-19
-160
305
236
34
108
138
81
350
496
706
1023
1399
1687
1586
1382
1632
1640
1367
1427
1357
1210
1107
1046
1322
1648
1867
1696
1214
1175
1121
1118
1198
1282
1140
1266
1861
2006
1554
1507
1943
1712
1340
1281
1399
1346
1154
1012
1020
1274
1722
2004
1834
1732
1634
1402
1284
1285
1124
952
1352
1491
1285
1424
1261
970
1056
1043
1163
1479
1555
1644
1685
1663
1709
1604
1506
1712
2051
2014
1555
1119
1022
1330
1527
1501
1622
2016
2266
2170
1850
1742
1860
1691
1553
1551
1630
1755
1792
1549
1302
1252
1152
1370
1550
1603
1858
2296
2537
2637
2824
3051
3116
2873
2879
2838
2845
2975
2711
2536
2520
2380
2484
2141
1745
1471
1158
1075
1115
976
906
1245
1338
1436
1516
1561
1748
1963
2112
2179
2247
2531
2547
2720
2871
2870
2838
2620
2471
2302
2139
2156
2175
2111
2337
2461
2417
2453
2485
2307
2228
1806
1544
1601
1478
1371
1529
1630
1318
935
956
1215
1427
1348
1184
1182
1126
981
540
343
613
1037
1199
1218
1063
1127
1074
914
779
670
585
317
174
356
550
486
805
665
-29
-497
-615
-539
-748
-675
-439
78
599
661
964
1135
1317
1331
1299
1070
783
828
1066
1249
1271
1178
1242
1163
553
408
290
367
734
832
394
140
516
487
129
-610
-1053
-1078
-976
-895
-1140
-874
-258
-21
-625
-993
-618
-346
-78
-76
-423
-225
247
798
755
321
504
958
1162
824
789
1191
1712
1816
1220
287
-282
-87
-99
-454
-612
-696
-857
-1384
-1629
-1811
-1628
-928
-461
-112
-388
-1202
-1593
-1289
-1128
-1066
-1220
-1054
-731
-1032
-1164
-580
-282
-549
-157
435
570
149
-517
-917
-956
-1112
-1236
-1340
-1218
-961
-1156
-1378
-1167
-506
-107
-39
-212
-79
122
-39
-510
-786
-471
-93
280
641
738
366
-196
-108
616
952
1073
1377
2253
2576
1772
820
298
551
796
764
665
970
1352
1443
1353
1013
737
669
543
383
102
-363
-660
-647
-454
-665
-879
-521
-186
6
-226
-764
-1225
-1505
-1483
-1577
-1046
-648
-330
111
453
320
-196
-188
36
458
11
-563
-1153
-1894
-2444
-2614
-2633
-2899
-2810
-2455
-2368
-2273
-1642
-1691
-2291
-2347
-2062
-2090
-2209
-2196
-2177
-2581
-3079
-2988
-3105
-2847
-2096
-1699
-1647
-1706
-2004
-1929
-1415
-1637
-2417
-2294
-2029
-2855
-3058
-3206
-3191
-2268
-2083
-2762
-2913
-2224
-2004
-2438
-2505
-2392
-2301
-1932
-1556
-1933
-2046
-2210
-2876
-3336
-3565
-2907
-2901
-3597
-4420
-4859
-4412
-4064
-4270
-3750
-2858
-2536
-2371
-1730
-863
-1072
-947
-244
-102
171
123
-536
-1129
-1559
-1962
-2319
-2061
-2119
-2100
-2457
-3379
-3729
-3448
-3614
-3950
-3297
-2423
-2334
-2492
-2021
-1787
-1196
-1059
-1944
-2978
-3188
-3882
-4424
-3952
-3517
-2179
-1146
-816
-529
-308
-399
-503
-873
-2241
-2866
-1668
-673
-1665
-3171
-2621
-1904
-1693
-1851
-2656
-2999
-2503
-1939
-3044
-4604
-4772
-3518
-2366
-1996
-1709
-1335
-1411
-1330
-1075
-1571
-2028
-1348
-645
-392
-166
-119
314
553
-747
-2317
-1862
-800
-939
-1515
-1386
-1163
-946
-342
-328
-1096
-1197
243
705
-203
-1010
-2270
-3062
-3207
-3054
-2899
-1925
-981
-1134
-1032
-1018
-1089
-1973
-3436
-3968
-3420
-2752
-2791
-2782
-2149
-2139
-2350
-1578
-1291
-1854
-2189
-2358
-2468
-2919
-3645
-4050
-3712
-2657
-2332
-2726
-2711
-2863
-3000
-2849
-2865
-2857
-2559
-1635
-1005
-505
-864
-2351
-2869
-2406
-2053
-2159
-2397
-2283
-2489
-2822
-2121
-1819
-1406
-794
-947
-989
-1621
-2092
-2069
-2765
-2862
-2419
-2109
-1706
-1696
-1528
-1185
-961
-1325
-1795
-1793
-2417
-3084
-2642
-2133
-2782
-3254
-3001
-2742
-2399
-1840
-1577
-1340
-1047
-1277
-1155
-1047
-922
-947
-909
-628
-589
-428
-353
-518
-320
-77
-466
-577
-145
-336
-993
-496
-101
-562
-996
-677
-155
-474
-927
-1062
-1367
-1680
-1944
-2125
-1768
-2053
-2317
-1754
-1500
-1930
-2367
-2477
-2972
-3171
-2951
-3293
-3200
-2399
-2203
-2269
-1972
-1903
-1806
-1533
-1421
-1399
-1411
-1512
-1436
-1409
-1368
-1094
-941
-1080
-1635
-1603
-1202
-762
-645
-779
-498
-308
-332
-673
-947
-1053
-973
-1175
-1841
-1830
-1247
-1007
-747
-385
141
708
778
600
369
-10
-75
566
885
557
648
1344
2064
2590
2077
1111
1024
1782
2171
2074
1802
1048
912
1238
1545
1693
1746
1807
1821
1857
1661
1493
1647
1988
2036
1642
1168
847
731
659
760
1204
1475
1337
1071
1029
948
788
583
617
873
1080
1353
1409
1192
1263
1407
933
822
1272
1667
1756
1769
1814
1725
1673
1744
1615
1179
942
1214
1254
720
483
461
706
1167
1483
1646
1580
1611
1643
1736
2015
2120
2208
2294
2276
2114
2034
2135
2003
1498
740
673
1055
1025
766
675
936
1182
1436
1364
1360
1627
2028
2569
2881
3018
3422
3677
3382
3117
2523
2235
2312
2463
2530
2191
1732
1535
1596
1571
1562
1701
1883
1774
1792
1854
1996
1972
1958
2331
2768
3141
3112
2976
3011
3014
2869
2559
2116
2103
2287
2056
1542
1371
1462
1330
1211
1197
1141
1084
1194
924
380
440
390
350
484
608
835
941
1197
1137
1093
1068
998
1055
975
782
700
724
886
1117
1238
1289
1277
1428
1554
1419
1210
1300
1490
1662
1781
1750
1656
1459
960
470
286
158
94
281
328
185
75
58
158
229
377
716
796
674
775
870
932
1016
1216
1213
1087
1142
1242
1312
1538
1872
1901
1827
1738
1396
1014
929
726
236
-68
-150
79
217
214
79
-236
-120
72
174
337
504
656
728
944
1200
1180
1142
1085
1026
1026
981
1149
1325
1485
1726
1805
1517
1165
973
866
934
937
948
1111
1615
1772
1229
1004
1173
1348
1345
1475
1417
1111
1186
1207
1026
868
554
286
185
147
344
426
459
659
890
1052
1167
829
532
779
1390
1958
1920
1967
2050
1963
1903
1891
1773
1668
1693
1598
1434
1559
1868
2126
2245
2097
1970
2225
2338
2291
2112
1884
2077
2281
2237
2160
2258
2413
2836
2705
2120
1605
1652
1725
1334
1130
948
1014
1090
1431
1403
949
598
428
442
716
721
618
978
1121
1674
1950
1884
1843
2063
2350
2167
2030
2056
2127
2112
2166
1641
1327
1422
1405
1222
1135
1403
1340
1135
1034
969
1233
1507
1538
1714
1793
1733
1822
1835
1255
880
530
414
352
122
11
-153
-117
-616
-1086
-1178
-642
-284
-631
-884
-719
-291
-461
-508
58
576
1123
1302
1070
1102
1170
758
-63
-522
-565
8
320
-341
-1118
-1294
-1001
-863
-895
-1090
-747
-578
-437
-898
-1328
-1053
-1180
-1114
-921
-896
-733
-403
-413
-126
563
1390
1633
1762
2246
2659
2966
3139
2277
779
-61
-17
420
201
-200
-1096
-1815
-1937
-1905
-2001
-2053
-1353
-732
-299
-286
-278
-599
-662
-180
-288
-426
-415
-550
-744
-692
-1300
-1753
-1712
-2357
-2278
-2021
-2066
-1831
-1900
-1383
-1049
-811
-895
-793
-599
-471
264
611
-124
-953
-526
-440
-741
-664
-584
-665
-773
-992
-762
57
137
-195
-575
-1104
-607
351
786
678
1064
1403
1521
1062
238
-35
31
-140
-344
418
440
50
60
405
605
893
955
891
1162
911
501
121
91
130
20
69
-184
-612
-606
-612
-622
-540
-714
-877
-887
-1054
-921
-356
26
-328
-654
-511
-235
-8
126
523
235
16
-362
-819
-801
-787
-908
-818
-793
-1217
-874
-527
-73
107
340
707
871
818
145
36
13
-313
-211
-26
132
237
581
948
1087
1139
844
1268
1790
1718
1363
1295
1008
944
1072
1316
1475
1539
1881
2032
2385
2048
1229
638
549
15
-323
-164
50
-401
-882
-1009
-1242
-930
-885
-957
-901
-1174
-1194
-654
-385
-471
-635
-672
-631
-576
-886
-997
-894
-980
-1036
-801
-840
-652
-446
-423
-139
-142
249
347
162
-185
-414
-441
-545
-834
-1189
-747
-354
-377
-161
-3
200
209
-4
-103
-631
-1113
-1312
-1534
-1500
-985
-762
-1104
-1378
-1307
-1060
-1090
-1120
-1541
-1750
-1327
-1372
-1545
-1808
-1705
-1530
-1326
-653
-226
-46
65
316
486
222
-100
15
165
-103
-323
-335
-434
-579
-1362
-1964
-2425
-2278
-1292
-1350
-1716
-1316
-438
-191
-413
-501
-534
-806
-1150
-1649
-1597
-668
-233
-703
-1068
-1213
-1038
-446
-476
-201
49
536
748
889
1069
975
1282
937
779
840
974
552
747
1575
1438
612
190
327
-263
-742
-681
-661
-762
-824
-1076
-897
-453
-65
-7
593
1371
1361
1193
1005
1542
1609
966
923
1733
1848
1300
746
249
348
329
-35
-113
212
430
789
1278
1881
2515
2208
898
371
1183
1718
1601
1329
1121
1641
2003
1512
1034
1002
1146
1017
1120
1277
1585
1724
1539
1339
1310
1428
1337
1397
1562
1754
2247
2926
2805
2500
2058
2073
2379
2244
1983
1967
1986
1454
1092
776
993
1375
1267
1181
1317
1175
1362
1362
397
-14
517
1159
1041
677
817
456
-127
-236
123
902
1373
1207
1099
1625
2139
2294
1476
637
678
720
724
773
469
-50
-130
224
363
186
180
341
457
418
449
431
126
-70
-331
-661
-534
-769
-1421
-1433
-940
-649
-512
-571
-844
-1183
-1598
-1777
-1581
-1251
-1209
-904
-696
-405
-130
-288
191
447
81
-215
-523
-1167
-1398
-1310
-1681
-1646
-1865
-2364
-2623
-2818
-2237
-1650
-1500
-1795
-1782
-1316
-1064
-483
-236
-155
-38
-447
-356
-463
-922
-771
-753
-388
61
111
-358
-851
-1044
-637
-411
-1082
-1019
-869
-679
-461
-265
-71
-364
-546
-976
-1671
-1900
-1890
-1763
-1731
-1968
-1778
-1277
-1252
-1809
-2317
-2351
-1637
-971
-678
-721
-899
-560
-471
-1211
-2106
-2380
-2243
-2099
-1887
-1459
-1417
-1754
-1887
-1406
-998
-1004
-1020
-939
-1162
-1921
-2426
-2361
-2076
-2305
-2404
-2299
-2002
-2371
-3278
-2998
-2217
-1739
-1059
-716
-722
-800
-1354
-1822
-1613
-1003
-649
-429
-251
-96
-607
-1255
-1007
-566
-1028
-1059
-795
-402
-185
-892
-1540
-1511
-998
-885
-1036
-1420
-1312
-1041
-1039
-1460
-1622
-1470
-1555
-1279
-787
-950
-1569
-1937
-2094
-1749
-1465
-1742
-1791
-1566
-969
-245
-211
-63
-169
-261
-365
-585
-625
-661
-489
-440
-351
-226
-48
96
25
-500
-1138
-1535
-1838
-1816
-1625
-1648
-1462
-1365
-1414
-1287
-1210
-1078
-546
-184
-103
-142
-629
-783
-178
630
595
-6
-15
354
637
733
324
91
492
1068
1047
199
-580
-704
-522
-339
-730
-1070
-1122
-530
-61
-328
-583
-640
159
851
1073
732
1103
1615
950
230
-24
-88
101
373
917
1312
951
267
-358
-119
750
610
-297
-676
-451
-243
-885
-908
-611
-309
188
380
176
-298
-652
-860
-640
-74
208
-267
-851
-1129
-1220
-1078
-969
-1233
-1165
-905
-839
-882
-917
-1352
-1895
-1931
-1855
-1888
-1688
-1259
-1430
-2066
-2260
-1077
-53
-176
-684
-902
-491
-589
-1347
-1703
-1527
-1225
-1399
-1739
-1997
-2395
-2617
-2972
-2990
-2461
-1790
-1740
-1345
-935
-1645
-2035
-1326
-1093
-2299
-3147
-2963
-1927
-1536
-2190
-3068
-2732
-2138
-2493
-2836
-2912
-2516
-2301
-1821
-2030
-2348
-1691
-600
179
57
-513
-589
-103
405
935
1119
1442
1682
1796
1269
337
1084
1883
818
50
589
880
636
763
734
365
814
1218
898
960
948
240
-50
139
-330
-244
521
934
942
1119
1368
916
645
1238
1736
1382
1063
846
759
1010
1444
941
891
1872
2397
2014
1002
870
1386
1991
2164
2033
1822
2034
2165
1945
1667
1579
1463
1429
2065
2433
2150
2022
2629
2874
2697
2285
1588
1622
2252
1845
1010
650
942
876
1051
1587
1658
2218
2868
2735
1927
1928
2329
2256
1484
920
1043
2070
2734
2022
1188
1200
1817
2542
3356
3362
2490
2595
3349
3468
3160
2795
2977
3371
3517
2973
2649
2666
2357
2124
2608
2709
2215
2355
2643
2366
1792
1156
829
846
843
753
957
1474
1991
2407
2294
2372
2624
2574
2360
2315
2347
2430
2160
1652
1414
1294
963
955
1671
2143
1820
1490
1538
1626
1908
2126
2148
1613
1653
2274
1958
1344
1786
2858
3463
3445
3082
3139
3425
3548
3208
2578
2487
2904
3271
3099
2733
2596
2821
3281
3480
3683
3800
3822
4450
4694
4124
3449
3259
3354
3048
2805
2780
2777
3219
3677
3253
2666
2393
2248
1965
1629
1324
1237
1538
1811
1965
2159
2037
1933
2167
2265
2179
2369
2772
2966
2958
2838
2565
2059
1846
1591
1398
1292
1259
1502
1773
1929
1920
1868
1793
1598
1564
1422
1083
1376
1771
1735
1549
1300
1359
1624
1869
2165
2237
2477
2843
3130
2971
2752
2801
2995
3137
3086
2824
2664
2726
2448
1926
1405
1337
1129
1181
1633
1886
2065
2229
2381
2212
1867
1625
1355
708
204
225
272
550
848
1020
999
810
914
890
700
704
1127
1426
1317
1123
1139
967
918
1165
1717
1882
1431
1170
979
1028
952
842
191
-284
-644
-1094
-1604
-1748
-1175
-909
-1058
-1426
-1248
-1116
-1011
-811
-865
-1095
-1097
-998
-1204
-1138
-948
-1028
-785
-665
-945
-985
-843
-793
-821
-822
-978
-930
-778
-549
-211
-134
-78
-130
-186
-165
-330
-519
-649
-483
-218
-90
-192
-415
-721
-835
-532
-523
-777
-723
-464
-466
-481
-349
-669
-1121
-1037
-619
-312
-328
-433
-507
-416
-528
-580
-435
-382
-689
-1374
-1787
-1880
-1794
-1806
-1770
-1585
-1374
-1504
-1921
-2066
-1782
-1805
-2018
-1909
-1848
-1898
-1895
-1815
-1601
-1327
-1445
-1770
-1842
-1786
-1735
-1723
-1704
-1320
-1103
-1307
-1632
-1644
-1788
-2014
-2264
-2556
-2682
-2694
-2385
-2362
-2515
-2486
-2217
-2303
-2387
-2269
-2087
-1854
-1452
-938
-812
-897
-1005
-1081
-1247
-1012
-742
-678
-277
-298
-365
-351
-703
-926
-954
-740
-1036
-1236
-951
-707
-565
-551
-614
-723
-715
-729
-823
-998
-1164
-1244
-1224
-1285
-1070
-881
-1159
-1646
-1765
-1635
-1683
-1669
-1429
-1331
-1476
-1361
-991
-526
-503
-551
-590
-532
-446
-690
-668
-384
55
278
237
147
62
-203
-653
-571
-678
-1013
-1051
-1092
-1444
-1863
-1810
-1700
-1581
-1592
-1670
-1878
-1927
-1954
-1891
-1788
-1817
-1712
-2098
-2136
-1531
-1221
-1162
-1165
-1135
-1002
-904
-789
-798
-788
-1072
-1162
-1110
-1095
-1043
-1144
-790
-375
-253
-286
-263
-421
-513
-517
-265
-217
-242
239
525
601
609
733
925
854
615
558
623
689
661
758
861
649
434
552
688
955
1150
1255
1364
1088
863
570
442
383
119
309
519
293
-230
-524
-722
-1055
-960
-848
-615
-823
-1121
-775
-678
-581
-335
-188
-167
-253
-179
64
290
474
677
588
239
-28
11
140
-54
-25
327
366
16
-469
-1037
-1755
-1850
-1326
-975
-793
-651
-64
220
-73
-360
-564
-363
-164
-551
-592
-721
-938
-418
-333
-811
-760
-127
-27
-603
-319
895
1415
1223
1039
981
473
659
994
708
420
501
931
738
-78
-236
764
1514
1222
86
-1166
-1248
-519
-1159
-1396
-1058
-486
-514
-1599
-976
180
474
460
-611
-1409
220
1425
1278
882
318
264
773
584
144
-454
-606
569
287
-1218
-1962
-2142
-1544
-903
-1809
-1679
3
1149
1644
1153
1520
2609
2655
1870
1168
1768
2436
1586
113
-1094
-1203
200
802
68
-148
453
922
1350
1550
1476
1137
1578
2662
2099
758
327
1309
2241
2123
1550
1673
1926
2421
2027
1186
1292
625
-416
-836
-722
-37
812
524
623
950
1565
2286
1980
2169
2616
1801
1388
1254
465
154
900
1791
1416
428
-459
-592
42
336
461
1385
1730
1432
999
828
523
256
68
42
-1
418
880
373
346
178
235
1301
1866
1393
798
-34
123
48
-445
-330
-456
-174
825
438
-222
390
1024
1394
1185
958
295
13
-344
133
309
-527
-755
-1294
-1271
-1049
-626
27
752
408
226
563
551
498
259
305
568
1714
1869
279
-188
333
360
244
283
699
686
513
301
-85
-399
-170
127
316
204
-139
-313
-84
110
-401
-381
195
847
1100
1464
1457
1214
1185
1290
2107
2827
2443
2332
2069
1527
1417
751
303
83
-338
-249
-274
-336
91
-588
-1217
-1035
-543
-620
-889
-737
-631
-15
515
765
549
341
-130
-467
-272
-309
-585
-879
-540
373
765
448
218
2
65
-179
-619
-796
-921
-1320
-1331
-595
-102
-71
-724
-1331
-1435
-1591
-2096
-2410
-2208
-2076
-2045
-1985
-1849
-1221
-904
-904
-432
-301
-532
-555
-859
-1209
-807
-559
-564
-478
-1157
-1848
-1973
-1731
-1857
-2696
-2937
-2341
-2401
-2929
-3067
-3494
-4062
-4117
-4274
-4586
-4445
-4024
-3665
-3489
-3325
-3179
-3112
-3065
-2925
-3069
-3271
-3512
-3805
-3890
-4146
-4306
-3975
-3859
-3924
-4069
-4591
-4612
-4887
-5421
-5257
-5043
-5141
-5122
-4714
-4775
-4856
-5024
-5004
-4792
-5335
-5689
-5605
-5410
-5046
-4098
-4119
-4424
-4556
-5362
-5672
-5795
-6144
-6214
-5768
-5423
-4946
-4998
-5092
-5351
-5499
-4756
-4267
-4045
-4389
-4425
-4227
-4007
-4263
-4837
-4902
-4798
-4600
-4486
-4719
-4852
-4720
-4680
-4431
-4587
-4895
-4635
-4506
-4568
-4641
-4837
-4673
-4714
-4553
-4606
-4939
-4377
-4348
-4754
-4682
-4764
-4878
-4892
-4776
-4914
-5094
-4848
-4349
-4165
-4208
-3975
-3805
-3701
-4068
-4248
-4177
-4103
-3585
-3253
-3742
-4386
-4800
-4612
-4251
-4450
-4534
-4211
-3529
-3358
-3552
-3955
-4384
-4328
-4356
-4851
-5298
-5372
-5153
-4737
-4581
-4594
-4974
-5354
-5437
-5429
-5484
-5766
-5872
-5380
-4749
-4789
-5011
-4925
-5064
-5270
-5264
-5183
-5125
-5101
-4550
-4224
-4179
-4008
-3864
-3954
-3918
-3738
-3984
-3891
-3783
-3616
-3551
-3651
-3328
-3297
-3390
-3309
-3206
-3295
-3551
-3762
-3983
-3790
-3342
-2936
-2869
-2885
-2863
-2986
-2937
-2867
-3127
-2959
-2764
-3153
-3315
-3450
-3375
-3049
-2916
-3085
-2979
-3151
-3340
-3442
-3633
-3512
-3353
-3250
-3393
-3068
-2818
-3128
-3505
-3714
-3634
-3421
-3292
-3256
-3059
-2452
-1842
-1599
-1961
-2538
-2629
-2222
-2256
-2373
-2198
-2217
-2286
-2112
-1785
-1906
-1923
-1746
-1311
-1301
-1458
-1574
-1748
-1810
-1935
-1917
-2297
-2701
-2676
-2462
-1946
-1568
-1717
-1534
-1324
-1330
-1217
-1237
-1275
-1179
-968
-576
-213
154
399
299
-92
-296
-265
-84
-25
-179
113
518
440
207
287
-151
-734
-755
-460
-409
-455
-244
-13
113
343
475
-40
-454
-555
-354
-212
-150
219
486
660
1052
1362
1105
1193
1443
1327
1091
931
1042
1507
2066
2055
1996
2126
2190
2428
2818
2946
3268
3451
3428
3861
4124
3726
3392
3148
2921
2874
2889
2936
2666
2352
2110
1857
2074
2383
2158
1899
1537
1360
1139
885
762
824
937
1063
1011
1098
1284
1683
1748
1323
1274
1280
1599
1718
2024
2201
2287
2215
2332
2242
1949
2138
2287
2116
1755
1836
1946
2079
2305
2434
2371
2359
2744
2797
2489
2342
2230
2272
1994
1993
2398
2681
2926
2897
2699
2689
2921
2973
2972
3310
3821
4547
4794
4322
3732
3266
3359
3716
3802
3984
4243
3902
3557
3605
3299
2824
2450
2557
3004
3020
3092
3009
2407
1937
2278
2520
2358
1871
1728
1814
1619
1683
1342
1194
1486
1948
2060
1900
1709
2142
2813
2872
2752
2481
2868
3600
3646
3062
2889
3280
3510
3065
2275
1988
2379
3065
2988
2102
1530
1612
1808
1812
1450
902
1243
1495
1230
1333
1427
1627
2024
1712
1099
1084
944
627
437
252
-61
100
743
1127
618
212
585
1052
1382
1578
1954
2126
2423
2666
2412
2304
2080
1196
611
833
714
540
820
561
-177
469
1007
-309
-807
20
15
-797
-521
-197
-165
795
1720
1212
415
866
1441
1603
1534
1561
1955
1983
1772
1424
1123
926
872
994
322
27
612
1439
1833
2288
2919
2665
1937
1872
2263
1670
594
81
200
-63
-623
-562
-127
199
380
849
957
1075
1850
2187
2176
2465
2551
1818
1113
1542
2610
2904
2862
3028
3635
4503
4681
4529
4566
4862
5115
5243
4515
3614
3468
3085
2915
3041
3011
3092
3343
3724
3933
3641
3484
3760
3954
3692
2959
2213
2012
2134
2133
2154
1852
1746
1773
2066
2322
2681
3240
3364
3262
2953
2228
2029
2401
2077
1614
968
735
1420
1797
1296
1630
1952
2142
2565
2148
1695
1653
1520
1144
922
572
700
681
-142
-493
3
31
97
677
621
282
594
885
855
998
806
753
773
890
1120
1287
1151
1006
1086
1092
1595
1575
986
553
426
372
-123
-744
-1384
-1944
-2135
-2157
-2120
-1967
-2096
-2566
-2673
-2764
-2734
-3043
-3589
-3329
-2773
-2730
-3058
-3123
-2883
-1863
-1596
-1640
-1126
-922
-716
-512
-473
-434
89
446
466
547
255
-142
-431
-546
-459
-433
-58
30
-305
-299
-190
-470
-641
-480
-568
-973
-1328
-1090
-1019
-1175
-1350
-1592
-1599
-1058
-726
-616
-300
-488
-506
-658
-802
-718
-483
-403
-568
-497
-517
-529
-514
-283
-220
-514
-358
-194
-463
-1095
-1346
-1166
-1235
-1433
-1546
-1707
-1796
-1689
-1910
-2080
-1967
-1518
-1369
-1212
-912
-725
-441
44
451
581
860
1012
930
1017
1430
1327
693
575
947
1047
1357
1404
1429
1313
903
711
255
43
-68
-390
-373
-17
-89
-176
-238
-271
-2
281
28
-248
30
200
201
455
734
788
1082
1068
723
988
1257
1150
1549
2269
2615
2395
2098
2137
2026
1445
1074
1122
1020
928
973
407
285
687
361
336
885
989
876
980
1030
1005
1017
1063
1016
1202
1405
1985
2580
3051
3339
3309
3370
3102
2924
2728
2802
2914
2806
2732
2553
2171
1975
1970
1730
1727
1881
1960
1711
1301
1042
1061
851
870
1208
1227
1378
1381
1453
1821
1685
1500
1794
1823
1910
1808
1862
2031
1905
1880
1791
1748
1609
1565
1620
1550
1385
1665
1941
1844
1888
1802
1885
2149
2183
2106
1956
1976
2095
2011
2079
1916
1681
1890
1756
1474
1338
1243
1145
1068
816
755
767
649
602
504
434
302
449
686
823
736
732
849
838
888
927
860
930
946
737
629
747
778
632
655
753
825
697
563
598
338
217
459
381
163
-43
-154
38
-6
-228
-132
16
-15
-191
-75
100
110
-31
-175
-53
21
-29
-176
-129
110
119
-73
-194
-112
3
-6
-1
16
65
88
53
18
121
162
69
-38
-105
-115
-102
-48
-33
-75
-146
-148
-145
-107
-83
-101
-125
-57
-63
-77
-37
-45
-22
-65
-50
-29
-20
-1
-54
-44
-18
-7
-14
-63
-35
-29
-34
-31
-22
-21
-36
-34
-13
12
-11
-51
-54
-43
-37
8
11
-23
-16
7
-9
-25
-34
-39
-26
-18
1
6
-8
-8
-18
-24
-16
-14
-5
4
-19
-14
-11
-21
-10
-13
-2
2
-16
-28
-11
5
-8
-6
-17
-35
-23
-25
-2
3
-9
-8
-7
-10
-5
8
-2
10
11
10
6
6
13
13
17
28
27
5
4
-1
0
6
6
10
20
21
8
14
16
11
18
19
21
22
13
14
9
12
16
20
20
10
7
12
13
9
12
8
5
-4
-8
-1
6
2
-4
1
3
-12
-11
-2
-1
-4
-2
-1
-6
-4
-7
-2
-4
-4
-1
-5
-6
-2
4
3
-1
2
4
2
3
5
2
-1
3
4
4
3
5
1
2
7
5
-1
-2
7
-1
-5
2
2
-6
-12
-8
-1
-5
-5
-11
-9
-4
-7
-9
-14
-13
-11
-8
-6
-8
-7
-11
-9
-3
-12
-14
-7
-4
-1
-5
-11
-4
-1
2
0
-7
-7
0
-4
-6
-6
-4
-3
-5
-2
-8
-8
2
-2
-2
0
-5
-2
1
4
1
0
10
8
1
4
-2
0
2
3
0
-6
-3
0
3
-3
-4
-4
-3
-1
4
1
-5
-5
-5
-3
-6
-7
-5
-3
-3
0
0
-6
-4
7
10
3
-2
2
0
-2
7
0
-2
2
4
0
3
5
3
8
7
2
-6
-3
3
0
-2
2
0
-4
-2
-3
-6
-5
-5
-6
-2
-3
-6
-9
-7
-3
-5
-8
-7
-5
-6
-12
-10
-2
-5
-7
-5
-7
-7
2
3
-5
-3
-4
-5
-6
-6
-3
2
-1
-9
-7
-3
-6
-11
-9
-10
-14
-12
-5
-5
-10
-9
-2
-2
-6
-6
-6
-7
-4
-5
-5
1
-3
-7
-6
-4
-5
-3
-3
-7
-6
-3
-3
-2
-3
-1
-1
-4
-4
-2
0
-1
-2
-1
-2
-2
-2
-2
-2
1
0
-1
1
1
-3
-1
2
3
3
2
4
2
3
2
2
0
0
1
-2
0
0
-2
1
4
2
-1
0
3
2
1
3
3
1
3
3
2
2
3
4
4
3
3
2
0
1
3
1
0
0
2
2
1
0
1
2
1
2
2
1
1
1
1
1
1
2
1
1
1
0
1
2
1
2
2
1
2
1
2
1
2
2
1
2
1
2
1
2
1
2
2
1
0
1
0
1
0
1
0
-1
0
0
0
0
0
0
0
0
-1
0
-1
0
-1
0
-1
0
-1
-1
0
-1
0
-1
0
-1
0
-1
0
-1
0
-1
0
-1
0
-1
0
-1
0
-1
0
-1
0
0
-1
0
-1
0
-1
0
-1
0
-1
0
-1
0
-1
0
-1
0
-1
0
-1
0
-1
0
-1
-1
0
-1
0
-1
0
-1
0
-1
0
-1
0
-1
0
-1
0
-1
0
-1
0
-1
0
0
0
0
0
0
0
0
0
0
0
0
0
0
0
0
0
0
0
0
0
0
0
0
0
0
0
0
0
0
0
0
0
0
0
0
0
0
0
0
0
0
0
0
0
0
0
0
0
0
0
0
0
0
0
0
0
0
0
0
0
0
0
0
0
0
0
0
0
0
0
0
0
0
0
0
0
0
0
0
0
0
0
0
0
0
0
0
0
0
0
0
0
0
0
0
0
0
0
0
0
0
0
0
0
0
0
0
0
0
0
0
0
0
0
0
0
0
0
0
0
0
0
0
0
0
0
0
0
0
0
0
0
0
0
0
0
0
0
0
0
0
0
0
0
0
0
0
0
0
0
0
0
0
0
0
0
0
0
0
0
0
0
0
0
0
0
0
0
0
0
0
0
0
0
0
0
0
0
0
0
0
0
0
0
0
0
0
0
0
0
0
0
0
0
0
0
0
0
0
0
0
0
0
0
0
0
0
0
0
0
0
0
0
0
0
0
0
0
0
0
0
0
0
0
0
0
0
0
0
0
0
0
0
0
0
0
0
0
0
0
0
0
0
0
0
0
0
0
0
0
0
0
0
0
0
0
0
0
0
0
0
0
0
0
0
0
0
0
0
0
0
0
0
0
0
0
0
0
0
0
0
0
0
0
0
0
0
0
0
0
0
0
0
0
0
0
0
0
0
0
0
0
0
0
0
0
0
0
0
0
0
0
0
0
0
0
0
0
0
0
0
0
0
0
0
0
0
0
0
0
0
0
0
0
0
0
0
0
0
0
0
0
0
0
0
0
0
0
0
0
0
0
0
0
0
0
0
0
0
0
0
0
0
0
0
0
0
0
0
0
0
0
0
0
0
0
0
0
0
0
0
0
0
0
0
0
0
0
0
0
0
0
0
0
0
0
0
0
0
0
0
0
0
0
0
0
0
0
0
0
0
0
0
0
0
0
0
0
0
0
0
0
0
0
0
0
0
0
0
0
0
0
0
0
0
0
0
0
0
0
0
0
0
0
0
0
0
0
0
0
0
0
0
0
0
0
0
0
0
0
0
0
0
0
0
0
0
0
0
0
0
0
0
0
0
0
0
0
0
0
0
0
0
0
0
0
0
0
0
0
0
0
0
0
0
0
0
0
0
0
0
0
0
0
0
0
0
0
0
0
0
0
0
0
0
0
0
0
0
0
0
0
0
0
0
0
0
0
0
0
0
0
0
0
0
0
0
0
0
0
0
0
0
0
0
0
0
0
0
0
0
0
0
0
0
0
0
0
0
0
0
0
0
0
0
0
0
0
0
0
0
0
0
0
0
0
0
0
0
0
0
0
0
0
0
0
0
0
0
0
0
0
0
0
0
0
0
0
0
0
0
0
0
0
0
0
0
0
0
0
0
0
0
0
0
0
0
0
0
0
0
0
0
0
0
0
0
0
0
0
0
0
0
0
0
0
0
0
0
0
0
0
0
0
0
0
0
0
0
0
0
0
0
0
0
0
0
0
0
0
0
0
0
0
0
0
0
0
0
0
0
0
0
0
0
0
0
0
0
0
0
0
0
0
0
0
0
0
0
0
0
0
0
0
0
0
0
0
0
0
0
0
0
0
0
0
0
0
0
0
0
0
0
0
0
0
0
0
0
0
0
0
0
0
0
0
0
0
0
0
0
0
0
0
0
0
0
0
0
0
0
0
0
0
0
0
0
0
0
0
0
0
0
0
0
0
0
0
0
0
0
0
0
0
0
0
0
0
0
0
0
0
0
0
0
0
0
0
0
0
0
0
0
0
0
0
0
0
0
0
0
0
0
0
0
0
0
0
0
0
0
0
0
0
0
0
0
0
0
0
0
0
0
0
0
0
0
0
0
0
0
0
0
0
0
0
0
0
0
0
0
0
0
0
0
0
0
0
0
0
0
0
0
0
0
0
0
0
0
0
0
0
0
0
0
0
0
0
0
0
0
0
0
0
0
0
0
0
0
0
0
0
0
0
0
0
0
0
0
0
0
0
0
0
0
0
0
0
0
0
0
0
0
0
0
0
0
0
0
0
0
0
0
0
0
0
0
0
0
0
0
0
0
0
0
0
0
0
0
0
0
0
0
0
0
0
0
0
0
0
0
0
0
0
0
0
0
0
0
0
0
0
0
0
0
0
0
0
0
0
0
0
0
0
0
0
0
0
0
0
0
0
0
0
0
0
0
0
0
0
0
0
0
0
0
0
0
0
0
0
0
0
0
0
0
0
0
0
0
0
0
0
0
0
0
0
0
0
0
0
0
0
0
0
0
0
0
0
0
0
0
0
0
0
0
0
0
0
0
0
0
0
0
0
0
0
0
0
0
0
0
0
0
0
0
0
0
0
0
0
0
0
0
0
0
0
0
0
0
0
0
0
0
0
0
0
0
0
0
0
0
0
0
0
0
0
0
0
0
0
0
0
0
0
0
0
0
0
0
0
0
0
0
0
0
0
0
0
0
0
0
0
0
0
0
0
0
0
0
0
0
0
0
0
0
0
0
0
0
0
0
0
0
0
0
0
0
0
0
0
0
0
0
0
0
0
0
0
0
0
0
0
0
0
0
0
0
0
0
0
0
0
0
0
0
0
0
0
0
0
0
0
0
0
0
0
0
0
0
0
0
0
0
0
0
0
0
0
0
0
0
0
0
0
0
0
0
0
0
0
0
0
0
0
0
0
0
0
0
0
0
0
0
0
0
0
0
0
0
0
0
0
0
0
0
0
0
0
0
0
0
0
0
0
0
0
0
0
0
0
0
0
0
0
0
0
0
0
0
0
0
0
0
0
0
0
0
0
0
0
0
0
0
0
0
0
0
0
0
0
0
0
0
0
0
0
0
0
0
0
0
0
0
0
0
0
0
0
0
0
0
0
0
0
0
0
0
0
0
0
0
0
0
0
0
0
0
0
0
0
0
0
0
0
0
0
0
0
0
0
0
0
0
0
0
0
0
0
0
0
0
0
0
0
0
0
0
0
0
0
0
0
0
0
0
0
0
0
0
0
0
0
0
0
0
0
0
0
0
0
0
0
0
0
0
0
0
0
0
0
0
0
0
0
0
0
0
0
0
0
0
0
0
0
0
0
0
0
0
0
0
0
0
0
0
0
0
0
0
0
0
0
0
0
0
0
0
0
0
0
0
0
0
0
0
0
0
0
0
0
0
0
0
0
0
0
0
0
0
0
0
0
0
0
0
0
0
0
0
0
0
0
0
0
0
0
0
0
0
0
0
0
0
0
0
0
0
0
0
0
0
0
0
0
0
0
0
0
0
0
0
0
0
0
0
0
0
0
0
0
0
0
0
0
0
0
0
0
0
0
0
0
0
0
0
0
0
0
0
0
0
0
0
0
0
0
0
0
0
0
0
0
0
0
0
0
0
0
0
0
0
0
0
0
0
0
0
0
0
0
0
0
0
0
0
0
0
0
0
0
0
0
0
0
0
0
0
0
0
0
0
0
0
0
0
0
0
0
0
0
0
0
0
0
0
0
0
0
0
0
0
0
0
0
0
0
0
0
0
0
0
0
0
0
0
0
0
0
0
0
0
0
0
0
0
0
0
0
0
0
0
0
0
0
0
0
0
0
0
0
0
0
0
0
0
0
0
0
0
0
0
0
0
0
0
0
0
0
0
0
0
0
0
0
0
0
0
0
0
0
0
0
0
0
0
0
0
0
0
0
0
0
0
0
0
0
0
0
0
0
0
0
0
0
0
0
0
0
0
0
0
0
0
0
0
0
0
0
0
0
0
0
0
0
0
0
0
0
0
0
0
0
0
0
0
0
0
0
0
0
0
0
0
0
0
0
0
0
0
0
0
0
0
0
0
0
0
0
0
0
0
0
0
0
0
0
0
0
0
0
0
0
0
0
0
0
0
0
0
0
0
0
0
0
0
0
0
0
0
0
0
0
0
0
0
0
0
0
0
0
0
0
0
0
0
0
0
0
0
0
0
0
0
0
0
0
0
0
0
0
0
0
0
0
0
0
0
0
0
0
0
0
0
0
0
0
0
0
0
0
0
0
0
0
0
0
0
0
0
0
0
0
0
0
0
0
0
0
0
0
0
0
0
0
0
0
0
0
0
0
0
0
0
0
0
0
0
0
0
0
0
0
0
0
0
0
0
0
0
0
0
0
0
0
0
0
0
0
0
0
0
0
0
0
0
0
0
0
0
0
0
0
0
0
0
0
0
0
0
0
0
0
0
0
0
0
0
0
0
0
0
0
0
0
0
0
0
0
0
0
0
0
0
0
0
0
0
0
0
0
0
0
0
0
0
0
0
0
0
0
0
0
0
0
0
0
0
0
0
0
0
0
0
0
0
0
0
0
0
0
0
0
0
0
0
0
0
0
0
0
0
0
0
0
0
0
0
0
0
0
0
0
0
0
0
0
0
0
0
0
0
0
0
0
0
0
0
0
0
0
0
0
0
0
0
0
0
0
0
0
0
0
0
0
0
0
0
0
0
0
0
0
0
0
0
0
0
0
0
0
0
0
0
0
0
0
0
0
0
0
0
0
0
0
0
0
0
0
0
0
0
0
0
0
0
0
0
0
0
0
0
0
0
0
0
0
0
0
0
0
0
0
0
0
0
0
0
0
0
0
0
0
0
0
0
0
0
0
0
0
0
0
0
0
0
0
0
0
0
0
0
0
0
0
0
0
0
0
0
0
0
0
0
0
0
0
0
0
0
0
0
0
0
0
0
0
0
0
0
0
0
0
0
0
0
0
0
0
0
0
0
0
0
0
0
0
0
0
0
0
0
0
0
0
0
0
0
0
0
0
0
0
0
0
0
0
0
0
0
0
0
0
0
0
0
0
0
0
0
0
0
0
0
0
0
0
0
0
0
0
0
0
0
0
0
0
0
0
0
0
0
0
0
0
0
0
0
0
0
0
0
0
0
0
0
0
0
0
0
0
0
0
0
0
0
0
0
0
0
0
0
0
0
0
0
0
0
0
0
0
0
0
0
0
0
0
0
0
0
0
0
0
0
0
0
0
0
0
0
0
0
0
0
0
0
0
0
0
0
0
0
0
0
0
0
0
0
0
0
0
0
0
0
0
0
0
0
0
0
0
0
0
0
0
0
0
0
0
0
0
0
0
0
0
0
0
0
0
0
0
0
0
0
0
0
0
0
0
0
0
0
0
0
0
0
0
0
0
0
0
0
0
0
0
0
0
0
0
0
0
0
0
0
0
0
0
0
0
0
0
0
0
0
0
0
0
0
0
0
0
0
0
0
0
0
0
0
0
0
0
0
0
0
0
0
0
0
0
0
0
0
0
0
0
0
0
0
0
0
0
0
0
0
0
0
0
0
0
0
0
0
0
0
0
0
0
0
0
0
0
0
0
0
0
0
0
0
0
0
0
0
0
0
0
0
0
0
0
0
0
0
0
0
0
0
0
0
0
0
0
0
0
0
0
0
0
0
0
0
0
0
0
0
0
0
0
0
0
0
0
0
0
0
0
0
0
0
0
0
0
0
0
0
0
0
0
0
0
0
0
0
0
0
0
0
0
0
0
0
0
0
0
0
0
0
0
0
0
0
0
0
0
0
0
0
0
0
0
0
0
0
0
0
0
0
0
0
0
0
0
0
0
0
0
0
0
0
0
0
0
0
0
0
0
0
0
0
0
0
0
0
0
0
0
0
0
0
0
0
0
0
0
0
0
0
0
0
0
0
0
0
0
0
0
0
0
0
0
0
0
0
0
0
0
0
0
0
0
0
0
0
0
0
0
0
0
0
0
0
0
0
0
0
0
0
0
0
0
0
0
0
0
0
0
0
0
0
0
0
0
0
0
0
0
0
0
0
0
0
0
0
0
0
0
0
0
0
0
0
0
0
0
0
0
0
0
0
0
0
0
0
0
0
0
0
0
0
0
0
0
0
0
0
0
0
0
0
0
0
0
0
0
0
0
0
0
0
0
0
0
0
0
0
0
0
0
0
0
0
0
0
0
0
0
0
0
0
0
0
0
0
0
0
0
0
0
0
0
0
0
0
0
0
0
0
0
0
0
0
0
0
0
0
0
0
0
0
0
0
0
0
0
0
0
0
0
0
0
0
0
0
0
0
0
0
0
0
0
0
0
0
0
0
0
0
0
0
0
0
0
0
0
0
0
0
0
0
0
0
0
0
0
0
0
0
0
0
0
0
0
0
0
0
0
0
0
0
0
0
0
0
0
0
0
0
0
0
0
0
0
0
0
0
0
0
0
0
0
0
0
0
0
0
0
0
0
0
0
0
0
0
0
0
0
0
0
0
0
0
0
0
0
0
0
0
0
0
0
0
0
0
0
0
0
0
0
0
0
0
0
0
0
0
0
0
0
0
0
0
0
0
0
0
0
0
0
0
0
0
0
0
0
0
0
0
0
0
0
0
0
0
0
0
0
0
0
0
0
0
0
0
0
0
0
0
0
0
0
0
0
0
0
0
0
0
0
0
0
0
0
0
0
0
0
0
0
0
0
0
0
0
0
0
0
0
0
0
0
0
0
0
0
0
0
0
0
0
0
0
0
0
0
0
0
0
0
0
0
0
0
0
0
0
0
0
0
0
0
0
0
0
0
0
0
0
0
0
0
0
0
0
0
0
0
0
0
0
0
0
0
0
0
0
0
0
0
0
0
0
0
0
0
0
0
0
0
0
0
0
0
0
0
0
0
0
0
0
0
0
0
0
0
0
0
0
0
0
0
0
0
0
0
0
0
0
0
0
0
0
0
0
0
0
0
0
0
0
0
0
0
0
0
0
0
0
0
0
0
0
0
0
0
0
0
0
0
0
0
0
0
0
0
0
0
0
0
0
0
0
0
0
0
0
0
0
0
0
0
0
0
0
0
0
0
0
0
0
0
0
0
0
0
0
0
0
0
0
0
0
0
0
0
0
0
0
0
0
0
0
0
0
0
0
0
0
0
0
0
0
0
0
0
0
0
0
0
0
0
0
0
0
0
0
0
0
0
0
0
0
0
0
0
0
0
0
0
0
0
0
0
0
0
0
0
0
0
0
0
0
0
0
0
0
0
0
0
0
0
0
0
0
0
0
0
0
0
0
0
0
0
0
0
0
0
0
0
0
0
0
0
0
0
0
0
0
0
0
0
0
0
0
0
0
0
0
0
0
0
0
0
0
0
0
0
0
0
0
0
0
0
0
0
0
0
0
0
0
0
0
0
0
0
0
0
0
0
0
0
0
0
0
0
0
0
0
0
0
0
0
0
0
0
0
0
0
0
0
0
0
0
0
0
0
0
0
0
0
0
0
0
0
0
0
0
0
0
0
0
0
0
0
0
0
0
0
0
0
0
0
0
0
0
0
0
0
0
0
0
0
0
0
0
0
0
0
0
0
0
0
0
0
0
0
0
0
0
0
0
0
0
0
0
0
0
0
0
0
0
0
0
0
0
0
0
0
0
0
0
0
0
0
0
0
0
0
0
0
0
0
0
0
0
0
0
0
0
0
0
0
0
0
0
0
0
0
0
0
0
0
0
0
0
0
0
0
0
0
0
0
0
0
0
0
0
0
0
0
0
0
0
0
0
0
0
0
0
0
0
0
0
0
0
0
0
0
0
0
0
0
0
0
0
0
0
0
0
0
0
0
0
0
0
0
0
0
0
0
0
0
0
0
0
0
0
0
0
0
0
0
0
0
0
0
0
0
0
0
0
0
0
0
0
0
0
0
0
0
0
0
0
0
0
0
0
0
0
0
0
0
0
0
0
0
0
0
0
0
0
0
0
0
0
0
0
0
0
0
0
0
0
0
0
0
0
0
0
0
0
0
0
0
0
0
0
0
0
0
0
0
0
0
0
0
0
0
0
0
0
0
0
0
0
0
0
0
0
0
0
0
0
0
0
0
0
0
0
0
0
0
0
0
0
0
0
0
0
0
0
0
0
0
0
0
0
0
0
0
0
0
0
0
0
0
0
0
0
0
0
0
0
0
0
0
0
0
0
0
0
0
0
0
0
0
0
0
0
0
0
0
0
0
0
0
0
0
0
0
0
0
0
0
0
0
0
0
0
0
0
0
0
0
0
0
0
0
0
0
0
0
0
0
0
0
0
0
0
0
0
0
0
0
0
0
0
0
0
0
0
0
0
0
0
0
0
0
0
0
0
0
0
0
0
0
0
0
0
0
0
0
0
0
0
0
0
0
0
0
0
0
0
0
0
0
0
0
0
0
0
0
0
0
0
0
0
0
0
0
0
0
0
0
0
0
0
0
0
0
0
0
0
0
0
0
0
0
0
0
0
0
0
0
0
0
0
0
0
0
0
0
0
0
0
0
0
0
0
0
0
0
0
0
0
0
0
0
0
0
0
0
0
0
0
0
0
0
0
0
0
0
0
0
0
0
0
0
0
0
0
0
0
0
0
0
0
0
0
0
0
0
0
0
0
0
0
0
0
0
0
0
0
0
0
0
0
0
0
0
0
0
0
0
0
0
0
0
0
0
0
0
0
0
0
0
0
0
0
0
0
0
0
0
0
0
0
0
0
0
0
0
0
0
0
0
0
0
0
0
0
0
0
0
0
0
0
0
0
0
0
0
0
0
0
0
0
0
0
0
0
0
0
0
