-365
-370
-331
-300
-243
-265
-270
-203
-350
-354
-469
-544
-732
-878
-999
-1098
-1207
-1082
-982
-970
-936
-916
-856
-719
-549
-546
-476
-598
-554
-395
-185
-33
-15
-6
-31
-116
-131
-140
-97
-81
-270
-416
-539
-620
-524
-421
-487
-335
-365
-416
-440
-538
-487
-690
-407
-265
22
82
167
259
281
181
133
66
83
-242
-268
-274
-320
-287
-479
-659
-604
-801
-685
-581
-363
-185
47
16
111
96
55
-153
-220
-245
-282
-291
-175
-105
1
109
253
347
522
651
629
608
655
710
780
810
743
394
181
-29
-155
-67
138
238
353
441
596
654
785
819
828
829
713
659
661
641
620
593
461
240
175
205
226
316
277
254
262
429
322
230
166
-45
-122
-71
9
159
210
509
828
971
1247
1200
1072
926
892
760
709
546
267
149
12
-81
-75
-117
-261
-342
-141
-130
-16
233
350
287
190
244
211
109
-21
24
-60
-202
-215
-142
-161
-199
-265
-211
-357
-570
-639
-655
-760
-698
-666
-608
-591
-530
-429
-427
-514
-594
-490
-528
-271
-198
-307
-477
-492
-423
-474
-498
-433
-473
-347
-370
-394
-276
-228
-154
-32
-2
4
-13
-64
-94
-169
-168
-118
-135
-23
-10
-77
-94
-248
-452
-437
-585
-645
-455
-287
-68
112
212
169
284
329
383
307
221
228
68
131
195
286
261
237
78
-48
-216
-153
-221
-149
3
190
289
412
501
568
585
526
533
487
558
376
436
403
297
221
118
-64
-36
-15
32
-22
45
147
48
-69
108
128
106
59
-157
-271
-260
-374
-186
-111
-139
-236
-215
-248
-128
-65
-30
-60
-113
-4
89
62
77
5
-96
-167
-216
-195
-244
-87
154
252
452
491
676
659
630
395
344
273
305
210
119
-106
-112
9
110
193
300
344
375
400
473
529
495
462
388
233
164
13
-62
-162
-178
-272
-193
-302
-371
-441
-513
-647
-591
-448
-386
-391
-352
-363
-407
-364
-327
-329
-345
-324
-181
25
43
29
-28
-87
-248
-278
-411
-496
-686
-775
-735
-785
-724
-690
-605
-595
-545
-419
-380
-91
-5
68
102
38
-2
52
-15
-25
-14
28
-69
-74
-57
0
52
122
186
295
416
391
268
231
151
139
120
86
77
27
-44
55
124
140
178
170
306
310
400
498
504
484
503
454
344
405
423
422
489
501
522
464
306
114
48
-7
-173
-349
-502
-476
-480
-471
-316
-233
-121
-74
70
219
371
330
476
321
496
436
525
373
271
60
-138
-168
-257
-415
-534
-567
-613
-587
-552
-393
-94
188
416
635
870
1028
1205
1237
1212
1199
1175
965
871
705
571
445
282
332
14
50
-97
65
47
186
176
209
143
159
31
199
236
315
265
354
277
219
180
116
164
123
-15
-22
10
-101
-156
-362
-578
-696
-655
-623
-748
-820
-970
-996
-975
-944
-805
-699
-672
-770
-803
-964
-1046
-1089
-1184
-1201
-1257
-1222
-1163
-1019
-1030
-943
-828
-858
-831
-812
-824
-801
-884
-878
-1027
-1069
-1082
-1058
-946
-692
-663
-780
-707
-629
-578
-434
-268
-228
0
132
297
526
564
702
660
638
813
912
998
928
958
808
538
372
371
301
409
435
368
443
498
600
521
533
593
595
647
697
946
1113
1165
1148
1174
1036
811
723
406
143
-52
-139
-194
-296
-273
-144
-189
-339
-322
-337
-299
-176
-139
5
76
229
129
262
336
338
248
206
348
597
722
876
800
839
677
638
684
687
560
480
445
466
367
287
446
734
831
922
715
587
612
715
757
762
692
644
562
514
590
501
446
343
279
321
366
383
458
413
312
132
57
-125
-59
-160
-314
-343
-281
-349
-489
-514
-547
-422
-405
-265
-378
-448
-537
-486
-365
-393
-421
-245
-205
-283
-336
-458
-560
-699
-739
-597
-473
-276
-225
-139
-344
-373
-345
-289
-326
-318
-240
-278
-252
-241
-329
-414
-415
-496
-509
-507
-560
-413
-293
-328
-214
-199
-61
159
323
265
139
-10
-145
-221
-228
-247
-256
-360
-388
-459
-516
-616
-586
-541
-519
-531
-500
-437
-381
-419
-439
-389
-465
-321
-188
-77
-28
15
35
3
-75
-132
-219
-295
-230
-145
-168
-181
-249
-506
-591
-697
-654
-593
-392
-440
-365
-293
-280
-204
-139
-63
-78
6
-20
-146
-263
-268
-188
-90
-62
10
114
-3
7
0
23
36
-57
-128
-134
-128
-53
68
299
363
340
314
270
269
225
291
265
327
316
364
464
486
553
518
434
293
309
427
618
644
701
767
816
806
858
767
571
473
337
338
325
330
374
325
254
201
253
307
317
406
401
508
551
467
391
296
185
90
-2
-45
-96
-148
-187
-197
-162
-160
-206
-252
-312
-336
-273
-228
-175
-196
-256
-210
-266
-419
-488
-554
-555
-531
-549
-607
-490
-398
-367
-130
-25
37
202
225
276
233
242
283
345
369
320
317
220
260
162
94
72
41
19
31
115
143
201
262
449
545
673
726
847
883
787
640
519
304
125
112
119
38
-26
-92
-81
-140
-242
-225
-343
-304
-455
-243
-207
-205
-274
-182
-209
-144
-321
-179
-179
-230
-182
-239
-384
-428
-376
-286
-207
39
-9
91
141
230
240
262
188
127
50
38
109
-61
-111
-189
-256
-165
-93
41
157
207
288
322
434
484
589
692
710
641
619
499
502
532
342
345
69
41
-134
-202
-254
-332
-484
-473
-346
-416
-403
-452
-416
-485
-401
-452
-433
-426
-339
-281
-260
-182
-93
-167
-125
-205
-192
-227
-176
-299
-297
-348
-364
-351
-372
-314
-167
-138
-4
-138
-70
4
67
152
155
174
119
76
105
137
274
175
132
36
93
67
-15
-168
-312
-306
-267
-303
-333
-274
-153
-198
-183
-155
-202
-343
-488
-513
-475
-551
-700
-662
-800
-757
-770
-726
-587
-389
-204
-11
173
294
608
864
946
885
703
686
444
270
87
93
-40
-84
-16
-27
38
163
233
337
571
774
1024
1119
1176
1312
1296
1143
1074
925
695
525
335
414
254
79
0
-33
-215
-370
-553
-482
-530
-732
-778
-787
-663
-785
-754
-684
-758
-782
-579
-684
-429
-475
-555
-471
-483
39
-54
-177
-548
-780
-866
-833
-642
-334
-270
-112
31
133
226
232
373
471
609
714
706
708
657
706
773
686
496
546
479
436
502
495
484
693
693
379
166
66
119
28
-108
-296
-595
-546
-348
30
143
227
40
-21
-190
-360
-563
-869
-1010
-1151
-1263
-1326
-1262
-1165
-1151
-1156
-1088
-758
-488
-182
-64
40
156
411
651
757
594
547
361
235
252
133
424
685
829
935
1072
1040
981
884
791
634
671
677
723
732
652
567
509
508
563
524
496
408
309
103
16
-127
-112
-174
-305
-415
-447
-601
-773
-751
-737
-711
-465
-347
-158
-138
-150
-230
-262
-426
-436
-483
-418
-457
-321
-413
-467
-463
-508
-443
-333
-92
137
284
335
437
397
508
538
478
359
219
262
113
85
170
75
95
161
172
146
54
-53
-167
-112
-52
-31
61
165
177
213
250
287
310
279
114
152
208
136
-90
-233
-389
-635
-744
-869
-877
-1117
-1101
-1023
-829
-567
-372
-246
83
322
379
430
413
477
447
396
460
368
245
147
94
-57
-109
-191
-272
-287
-160
-71
-8
0
76
66
97
132
136
201
256
194
140
53
183
97
-250
-337
-524
-601
-644
-693
-779
-647
-596
-435
-262
-136
-64
-83
-26
-55
-50
23
60
69
168
42
-71
82
164
165
104
141
212
395
392
347
325
358
293
250
311
381
459
412
238
175
386
553
760
769
817
819
740
721
744
807
777
759
824
680
553
456
339
212
208
158
25
-79
-160
-175
-186
-162
-86
-156
-157
-224
-255
-300
-317
-215
-262
-360
-384
-388
-415
-466
-505
-484
-397
-392
-416
-289
-169
-89
-179
-225
-328
-413
-362
-418
-450
-481
-391
-268
-285
-330
-314
-243
-274
-58
39
269
363
600
584
425
464
413
518
504
511
441
293
191
186
247
289
249
134
41
97
191
237
146
131
-49
-60
-51
-59
-50
36
-92
-149
-225
-112
-170
-314
-253
-112
-227
-296
-430
-481
-635
-636
-727
-666
-704
-830
-871
-808
-639
-536
-414
-401
-454
-328
-200
-61
65
151
187
154
150
87
38
239
261
126
105
105
283
315
302
266
284
269
262
268
348
274
276
216
297
209
181
185
271
285
357
461
371
322
247
130
121
41
-20
-104
-123
-188
-298
-304
-352
-445
-434
-395
-363
-409
-399
-485
-539
-540
-465
-367
-341
-384
-375
-257
-211
-87
-42
112
165
372
300
241
294
242
200
102
-78
-211
-91
28
256
335
382
445
324
320
472
566
651
820
874
817
786
687
480
345
246
134
32
97
179
71
53
-38
-67
-134
-177
-280
-330
-439
-388
-517
-435
-359
-361
-297
-270
-246
-192
-129
-122
-62
-38
-133
-121
-147
-234
-323
-318
-304
-493
-506
-479
-411
-144
64
320
322
321
139
-102
-142
-174
-301
-300
-158
-159
-50
11
64
170
195
158
115
90
117
138
201
268
258
235
107
-3
-72
-252
-392
-276
-323
-241
-89
17
-15
-31
-236
-157
-144
-115
-121
-32
123
94
122
190
226
274
258
256
175
106
42
-40
-37
-31
-83
-270
-408
-356
-402
-476
-386
-93
67
273
446
591
648
584
518
419
260
55
-71
-54
10
-66
-91
-145
-110
-75
-15
76
164
294
508
636
710
468
508
386
303
296
205
101
-69
-55
-20
22
154
176
158
205
216
120
69
145
34
12
-15
223
357
470
501
552
594
569
410
344
104
-3
-46
14
-63
-67
-116
-141
-81
-9
208
385
497
578
771
808
742
700
582
369
179
54
-64
-259
-460
-558
-661
-795
-756
-662
-773
-745
-708
-699
-520
-369
-306
-200
-281
-300
-500
-656
-680
-685
-684
-692
-754
-575
-637
-735
-872
-983
-1072
-1005
-936
-847
-630
-557
-414
-152
11
127
99
151
21
-119
-220
-157
56
260
386
406
378
377
209
124
143
179
341
542
679
729
787
862
848
748
626
500
348
301
185
186
168
143
22
-132
-122
-214
-243
-185
-57
-37
-70
6
186
367
325
186
15
-23
-86
-41
-54
-96
-134
-213
-382
-399
-380
-442
-541
-475
-586
-423
-203
-127
14
178
203
190
315
355
234
288
385
468
481
637
602
515
420
396
157
175
105
10
-26
-111
-73
-33
49
157
96
67
-85
-192
-254
-216
-133
-121
-7
33
56
71
155
183
110
156
151
176
270
236
94
-32
-135
-260
-352
-423
-468
-465
-482
-455
-470
-423
-334
-386
-359
-231
-281
-328
-316
-269
-145
-14
195
262
268
407
435
515
585
515
480
425
355
360
333
438
328
190
-3
-88
-140
-104
-126
-107
-138
-129
-126
-121
-22
58
-69
-153
-179
-353
-512
-519
-411
-464
-417
-280
-289
-229
-148
-194
-319
-378
-438
-498
-514
-534
-513
-585
-576
-584
-512
-474
-455
-284
-107
28
209
406
416
371
331
184
149
181
111
7
61
144
137
197
284
486
641
676
871
789
863
780
695
575
448
306
132
91
-28
-45
-86
-87
74
250
334
425
373
214
90
-65
-167
-199
-287
-342
-379
-498
-496
-512
-509
-554
-433
-359
-233
-177
-164
-230
-313
-355
-432
-465
-553
-551
-510
-404
-350
-249
-97
58
86
189
236
251
204
268
226
209
77
33
178
708
796
580
360
399
570
584
768
786
799
676
573
592
326
236
174
200
59
-13
-75
-141
-198
-65
-40
-12
45
124
155
85
129
220
209
126
86
47
-108
-327
-338
-401
-503
-369
-395
-412
-510
-363
-418
-385
-411
-352
-270
-243
-99
-4
100
143
358
442
555
611
633
571
565
515
540
478
336
167
33
34
35
105
85
-74
-105
-133
-77
-74
140
246
239
323
247
361
247
202
84
-56
-52
-110
-4
6
-81
-112
-120
-84
-7
32
-16
7
-18
33
59
14
7
-59
-129
-192
-183
-122
-99
-76
-47
-4
29
78
77
146
23
-19
-150
-144
-187
-221
-296
-376
-423
-482
-460
-454
-457
-520
-494
-377
-318
-432
-366
-451
-586
-668
-643
-651
-647
-625
-563
-468
-388
-344
-272
-368
-383
-411
-391
-406
-271
-315
-240
-160
-2
-17
16
58
63
-20
32
68
104
154
294
224
199
245
218
108
96
198
322
295
299
341
366
338
402
390
352
277
269
247
256
276
206
262
191
191
246
238
241
195
262
316
442
528
494
527
387
335
286
246
209
190
46
67
99
70
15
-18
-39
-102
-84
-136
-92
-66
-55
-8
-85
-98
-29
-122
-187
-238
-374
-472
-446
-382
-364
-300
-258
-129
-173
-122
-75
-102
-154
-191
-169
-103
-242
-159
-100
-77
-3
169
142
127
224
284
257
454
536
481
469
357
234
189
117
10
-72
-141
57
197
205
404
461
310
323
458
436
358
419
122
32
-63
-184
-203
-319
-437
-527
-525
-548
-593
-550
-503
-405
-377
-424
-318
-432
-639
-602
-767
-831
-841
-951
-990
-906
-759
-697
-597
-619
-515
-479
-408
-179
-68
-85
49
107
41
102
130
160
139
142
158
217
214
367
416
527
599
558
681
601
525
515
430
290
163
141
341
552
753
699
564
540
587
500
369
358
310
234
180
156
56
-100
-269
-536
-593
-561
-506
-396
-266
32
216
415
446
541
546
592
606
527
491
288
163
86
4
135
90
-10
-121
-143
-101
-46
-2
137
286
345
533
488
514
510
528
669
527
488
486
592
510
352
157
-12
-272
-387
-414
-407
-427
-266
-130
4
167
295
344
371
284
265
181
186
217
127
-14
-128
-184
-272
-331
-294
-350
-411
-430
-382
-163
-60
156
237
257
338
542
690
607
565
437
296
196
28
-38
-157
-305
-409
-420
-357
-289
-259
-161
-36
-114
-73
-58
-57
-46
-117
-173
-301
-336
-364
-494
-421
-489
-620
-606
-734
-700
-726
-753
-635
-579
-496
-418
-384
-373
-355
-392
-449
-441
-469
-463
-355
-381
-353
-409
-457
-453
-473
-538
-535
-664
-541
-448
-492
-496
-501
-505
-527
-497
-507
-467
-260
-247
-125
-120
-17
65
45
48
77
106
68
96
120
-31
6
-53
-193
-280
-484
-599
-640
-647
-579
-492
-323
-255
-43
98
253
231
337
379
418
446
452
483
437
352
186
3
-128
-380
-489
-520
-578
-558
-372
-250
-271
-39
54
29
-7
-2
-1
51
83
190
307
379
503
656
751
905
1038
1117
1051
1134
1084
1074
1022
842
744
730
606
598
467
456
440
405
492
520
623
784
820
937
936
1000
939
960
981
878
813
700
663
572
667
754
696
841
740
823
689
580
562
405
201
104
-57
-198
-272
-384
-284
-476
-417
-507
-401
-360
-309
-197
-88
42
101
180
309
392
505
611
732
727
704
634
529
415
248
100
-184
-392
-598
-778
-971
-1129
-1086
-1048
-963
-768
-466
-276
-191
27
119
245
307
332
98
-7
-150
-404
-617
-672
-772
-1005
-1219
-1310
-1407
-1325
-1175
-1115
-1087
-1168
-1079
-937
-930
-900
-895
-1060
-1074
-910
-690
-580
-432
-324
-332
-399
-381
-256
-267
-196
-61
2
-66
-89
-134
-118
-71
-146
-121
-92
-78
-93
73
261
259
226
94
-80
-145
-148
-189
-154
-153
-75
-41
-19
103
136
169
235
265
300
283
323
265
163
62
-5
-194
-373
-484
-488
-513
-541
-440
-250
-119
9
39
-64
-149
-269
-273
-151
-106
-53
26
-91
-50
-33
102
193
316
259
291
450
531
607
624
492
362
177
133
184
333
448
517
621
692
830
1015
1122
1108
1080
942
805
706
632
556
495
392
304
266
184
189
232
413
519
584
591
639
627
599
542
462
240
93
-97
-176
-192
-285
-100
-41
-23
-23
-33
63
-15
-102
-185
-220
-285
-238
-114
-111
-156
-65
-74
-9
65
172
289
221
370
340
420
507
633
591
504
430
356
172
268
50
7
92
59
-78
-179
-181
-115
-104
25
128
-21
-94
-222
-162
-152
-80
-74
-44
-72
-111
-290
-256
-316
-220
-296
-100
-158
-128
-311
-612
-572
-498
-593
-591
-802
-918
-1174
-1030
-902
-819
-671
-593
-550
-553
-277
-202
-226
-304
-489
-560
-471
-347
-234
-234
-265
-334
-324
-263
-228
-79
-89
46
70
59
-14
-21
-91
-179
-219
-238
-289
-366
-321
-445
-344
-176
56
264
369
456
489
542
578
661
599
516
190
-34
25
115
33
-16
-271
-343
-308
-228
-244
12
89
40
132
64
125
152
74
148
103
155
46
60
-13
79
64
107
159
23
-45
-12
58
111
186
82
-13
-191
-226
-195
-168
-225
-285
-236
-221
-32
36
133
223
187
262
109
77
-152
-168
-182
-160
-177
22
52
72
87
149
123
226
276
369
484
550
535
522
478
352
154
10
-13
-102
-84
-150
-193
-180
-35
104
301
359
322
345
366
360
345
359
286
240
310
312
208
309
80
63
54
256
226
237
246
158
89
-63
-94
5
58
96
62
57
122
175
134
115
146
246
315
297
294
337
253
244
391
381
429
367
267
136
49
66
5
-30
-29
22
76
36
94
111
27
-85
-52
-37
80
20
-26
-48
-104
-72
-118
-4
2
-65
4
-41
-38
52
85
77
-53
-166
-196
-165
-224
-305
-238
-301
-344
-232
-260
-225
-168
-93
-192
-93
-50
41
192
155
139
141
92
2
31
-127
-210
-216
-296
-431
-430
-455
-449
-255
-207
-143
-61
-73
-118
-148
-89
-53
17
-45
-65
-195
-137
-158
-198
-254
-188
-190
-273
-151
-172
-260
-232
-224
-211
-279
-202
-242
-291
-284
-295
-311
-287
-197
-178
-378
-419
-443
-452
-385
-226
-251
-220
-157
-152
-59
31
-77
-174
-329
-323
-449
-445
-385
-324
-317
-379
-257
-257
-294
-285
-198
-314
-247
-193
-149
-100
31
174
117
203
229
358
511
523
403
409
342
310
355
244
122
34
-112
-194
-131
-43
45
169
202
275
326
296
357
251
298
366
271
157
14
-42
-1
40
-16
12
-68
-174
-158
-110
-124
-189
-140
-265
-177
-156
-168
-205
-244
-355
-422
-352
-434
-213
21
145
275
412
440
443
460
430
409
389
276
354
302
248
238
207
197
264
280
375
515
566
622
743
695
525
611
508
529
414
288
290
339
310
157
242
334
334
293
288
450
469
417
298
265
206
101
31
17
-25
-114
-227
-342
-279
-295
-204
-174
-71
-31
-83
-75
-104
-61
-37
40
95
21
28
48
36
16
-53
-5
-29
11
-19
-17
-78
-161
-136
-187
-193
-283
-281
-298
-364
-305
-194
-106
14
214
296
265
319
323
317
181
60
-47
-173
-331
-503
-566
-641
-712
-589
-530
-458
-462
-240
-127
-63
6
60
151
230
314
291
225
150
52
-120
-303
-417
-385
-315
-300
-158
-216
-230
-182
-186
-261
-304
-298
-276
-208
-274
-232
-181
-122
-131
7
-2
-10
5
37
0
41
153
113
11
-139
-385
-354
-356
-420
-473
-523
-494
-508
-514
-601
-434
-305
-279
-219
-104
-42
8
203
241
490
597
736
822
943
1028
1084
968
751
560
325
93
-124
-259
-362
-404
-446
-461
-503
-430
-300
21
266
440
586
845
963
1117
1234
1225
1264
1152
945
644
377
149
-57
-184
-337
-484
-774
-896
-822
-687
-575
-435
-286
-88
0
53
101
155
84
37
-11
-96
-97
-78
-161
-309
-162
-136
-133
-109
22
134
228
349
299
258
217
224
179
109
172
190
182
186
127
22
-81
-137
-173
-267
-239
-199
-120
-118
-129
-6
-123
-269
-224
-78
81
65
119
155
177
254
200
26
-158
-359
-498
-688
-718
-759
-770
-706
-798
-818
-933
-942
-941
-775
-636
-447
-254
-158
-44
-88
-106
-154
-171
-201
-187
-268
-320
-381
-470
-541
-622
-676
-860
-956
-888
-892
-725
-447
-316
-199
-130
77
196
316
499
590
511
480
467
399
347
219
174
29
-174
-176
-183
-112
-50
-11
142
256
528
704
804
810
867
751
601
557
419
288
191
166
102
129
266
350
520
612
698
904
1041
1016
1024
1088
1028
1000
968
950
978
826
661
587
543
433
324
323
217
125
168
144
174
183
161
138
105
64
-26
-12
-30
95
59
221
264
333
337
363
227
127
121
-59
-220
-366
-439
-599
-705
-757
-748
-670
-548
-364
-328
-239
-115
-122
-114
-72
-131
-88
-191
-141
-213
-178
-126
-27
-36
16
64
8
-35
-53
-126
-280
-226
-252
-270
-271
-188
-113
-152
-130
1
-76
-69
89
109
-54
-53
-76
-125
-196
-279
-384
-378
-480
-530
-477
-375
-459
-439
-453
-514
-472
-372
-395
-388
-464
-465
-553
-477
-522
-638
-617
-638
-637
-642
-566
-572
-594
-501
-481
-454
-295
-301
-292
-316
-272
-221
-177
-20
7
94
146
110
83
133
55
41
18
19
-65
-9
36
83
81
179
236
360
617
792
830
971
854
862
934
1033
1035
1110
943
918
841
688
530
441
335
315
304
246
324
267
308
260
252
266
191
103
167
232
256
248
202
307
302
185
79
33
-136
-242
-282
-323
-367
-385
-481
-520
-584
-590
-601
-548
-486
-361
-419
-427
-302
-329
-187
-18
-283
-220
-178
-338
-283
-314
-257
-263
-228
-171
-123
-33
-66
-9
-36
-21
51
20
0
131
-6
-36
-143
-71
-43
21
-67
-36
-16
-9
-10
-9
62
78
57
23
195
333
194
88
158
159
137
0
-97
-161
-20
58
177
419
306
201
155
131
73
-21
15
15
-18
69
175
158
169
173
77
111
214
252
318
278
360
409
151
316
481
470
776
756
627
562
579
649
340
232
158
99
22
-18
-36
-117
-109
-55
-141
-150
-90
41
185
94
248
209
278
347
453
603
523
467
367
246
97
46
70
-1
47
-97
-323
-399
-475
-577
-605
-585
-664
-521
-374
-379
-368
-227
-20
87
66
48
-86
-50
-186
-242
-300
-445
-550
-508
-677
-704
-750
-665
-729
-663
-574
-474
-417
-364
-417
-470
-497
-504
-430
-356
-229
-260
-197
-128
-236
-238
-250
-332
-504
-413
-408
-374
-371
-495
-401
-398
-306
-196
-164
-149
-112
-197
-161
-198
-149
-196
-177
-271
-326
-398
-309
-286
-201
-81
-81
85
172
244
432
468
524
478
485
458
409
266
128
29
83
41
25
25
-6
-58
45
66
131
242
342
421
516
530
494
486
453
460
369
297
262
257
175
205
91
80
18
-47
-169
-245
-270
-324
-211
-307
-250
-179
-91
23
4
87
92
261
320
447
464
386
313
259
280
328
316
287
275
232
71
54
-47
-72
-88
-89
-49
58
290
384
590
677
808
980
1141
1283
1203
1213
1155
1052
976
903
811
607
591
490
400
356
358
232
162
236
234
416
363
299
252
176
148
19
79
97
51
-126
-306
-392
-530
-542
-518
-482
-440
-450
-446
-465
-515
-605
-638
-700
-682
-822
-895
-912
-1100
-1054
-1108
-1073
-970
-804
-671
-657
-614
-566
-494
-484
-327
-306
-195
-265
-81
-48
-210
-156
161
447
308
234
248
255
358
313
3
-169
-185
-215
-217
-168
-88
-53
27
102
0
5
114
138
170
196
158
35
-7
-104
-201
-168
-202
-141
-222
-207
-239
-283
-267
-192
-239
-256
-313
-367
-511
-694
-709
-636
-518
-493
-509
-459
-448
-269
-135
129
161
182
310
418
358
267
246
151
-71
-116
-67
-133
-201
-221
-180
-126
-74
49
61
171
150
254
277
273
335
357
250
180
66
-65
-94
-96
-79
-81
-25
77
134
261
370
484
515
499
642
687
648
647
603
450
380
307
157
127
105
162
157
347
476
494
529
578
530
461
510
413
382
310
268
262
235
297
185
120
79
173
212
215
141
202
107
2
-191
-333
-471
-597
-670
-906
-941
-918
-775
-802
-752
-565
-421
-203
11
156
285
422
439
350
294
124
33
-22
-134
-209
-297
-417
-396
-465
-347
-362
-298
-140
85
229
387
485
560
635
669
631
618
487
379
359
316
309
217
252
197
12
-61
-60
-94
-129
-121
-89
45
71
83
51
-40
-11
-63
4
11
91
49
51
46
6
-79
-218
-149
-106
-148
-90
-57
67
132
266
398
351
368
336
259
152
58
15
-163
-248
-349
-339
-286
-371
-331
-209
-204
-41
83
196
408
575
469
482
400
316
91
-92
-220
-193
-275
-352
-394
-439
-305
-388
-381
-359
-334
-296
-313
-284
-409
-346
-359
-357
-387
-560
-571
-509
-475
-352
-184
12
184
352
481
429
375
312
64
-109
-322
-485
-432
-379
-461
-454
-386
-316
-286
-158
-154
-91
12
15
112
238
319
291
160
42
-161
-239
-377
-534
-457
-421
-431
-412
-297
-334
-316
-185
-40
-24
80
183
196
137
176
94
79
-89
-177
-124
-106
-78
-21
20
39
218
175
207
233
237
165
88
104
87
134
221
156
175
110
36
12
-77
-161
-184
-244
-171
-172
-131
-76
20
-34
-72
75
87
61
54
98
122
128
115
111
174
62
113
80
91
146
192
216
144
210
208
259
176
234
425
493
611
613
655
676
609
586
565
496
456
372
374
309
222
262
211
23
-94
-42
42
56
139
174
110
101
108
184
162
185
42
-85
-213
-358
-355
-446
-410
-413
-479
-382
-443
-404
-276
-206
-176
-75
-83
-117
-150
-206
-283
-276
-273
-279
-286
-174
-241
-105
17
-24
-80
-104
-61
-40
6
-31
-58
-13
-26
5
-31
17
125
147
199
219
277
238
251
192
120
96
-44
-55
-202
-354
-444
-438
-337
-283
-164
-68
6
75
299
302
336
400
501
528
573
486
445
308
111
22
-16
-83
-121
-50
8
-9
103
211
350
507
590
558
592
629
639
621
606
613
608
449
429
222
127
9
-94
-173
-162
-100
-112
-190
-124
-113
-202
-124
-247
-342
-386
-448
-410
-357
-440
-488
-520
-610
-746
-657
-823
-752
-813
-723
-613
-533
-450
-368
-235
-144
-115
8
79
221
127
37
51
-25
-6
-15
-5
-135
-171
-204
-368
-310
-284
-40
34
230
348
418
506
549
451
390
223
-29
-196
-445
-611
-715
-838
-759
-678
-618
-486
-484
-412
-243
-106
-75
31
194
339
318
227
151
58
-77
-158
-270
-386
-463
-401
-491
-464
-490
-437
-403
-331
-250
-249
-279
-269
-253
-248
-253
-222
-73
-51
17
129
211
219
225
215
303
340
388
349
204
30
-22
-18
-10
41
132
122
154
135
154
199
249
153
160
349
379
415
414
448
404
387
380
361
318
403
291
537
587
693
605
508
447
269
410
462
442
520
393
460
343
325
50
-116
-202
-158
-350
-338
-245
-306
-312
-369
-215
-148
2
88
234
333
382
424
424
466
313
242
90
-98
-210
-272
-342
-331
-268
-199
-59
-107
-32
9
54
232
449
663
830
820
836
738
793
747
656
574
471
369
268
242
257
181
79
43
28
49
58
66
45
29
19
60
-48
-113
-292
-398
-609
-495
-709
-738
-636
-603
-514
-435
-275
-93
-73
75
32
69
135
131
70
99
-86
-250
-303
-443
-327
-437
-571
-606
-542
-492
-566
-573
-501
-462
-470
-466
-401
-288
-232
-156
-140
-191
-168
-118
-62
-149
-183
-128
-45
53
161
205
259
290
185
87
147
39
-121
-130
-274
-422
-497
-666
-760
-742
-786
-680
-496
-419
-286
-81
9
98
190
273
335
421
433
448
470
422
365
213
171
53
-77
-129
-159
-223
-158
-140
-54
-65
-53
102
85
111
248
367
364
589
602
706
702
771
814
732
703
568
273
320
178
153
78
37
-90
-44
17
181
305
401
463
388
323
392
417
424
310
148
0
-105
28
-36
-189
-427
-569
-610
-576
-438
-510
-536
-510
-456
-309
-269
-270
-257
-295
-377
-325
-264
-302
-355
-468
-523
-627
-561
-653
-644
-553
-512
-438
-360
-217
-284
-200
-189
-102
-143
-76
-75
-4
4
196
253
386
425
452
299
207
44
150
135
31
-59
-191
-192
-221
-107
-102
-14
109
73
68
198
194
213
176
158
44
40
-164
-233
-173
-181
-188
-203
-261
-276
-136
-155
-169
-43
66
176
121
196
182
134
77
-25
-72
-128
-179
-128
-55
-100
-94
-225
-228
-134
-166
-72
21
75
67
130
231
293
365
420
451
421
491
524
537
465
473
378
337
200
96
-24
-61
-2
76
78
169
231
182
195
256
226
276
404
359
353
463
492
464
492
310
349
278
286
286
228
208
56
-44
-140
-222
-197
-134
-116
-30
-46
5
14
50
9
28
96
99
119
66
145
168
220
281
296
410
224
143
67
32
-27
-25
150
107
112
84
77
76
139
84
217
248
369
417
428
394
326
284
224
120
109
73
-82
-243
-305
-415
-421
-301
-295
-231
-166
-100
-142
-99
-100
-144
-343
-291
-235
-284
-325
-392
-509
-578
-605
-633
-466
-461
-351
-251
-224
-227
-218
-265
-326
-370
-430
-394
-311
-238
-182
-122
-159
-146
-116
-87
-131
-85
-2
-6
31
76
69
32
52
-144
-284
-358
-291
-352
-334
-196
-108
-123
-57
-59
-28
-65
-158
-235
-348
-375
-375
-323
-286
-276
-126
-117
-159
-46
-66
43
34
72
170
214
155
166
140
17
-2
-55
-49
-109
-165
-216
-95
-81
-37
6
-10
80
119
119
150
184
206
296
237
314
267
159
38
-86
-101
-73
-112
-88
-13
11
80
106
-23
-37
-131
-168
-195
-232
-199
-177
-254
-326
-299
-312
-230
-181
-40
27
51
125
144
204
400
442
587
518
571
552
483
346
320
338
299
410
361
347
355
401
374
378
538
615
586
536
453
414
343
377
503
475
555
527
575
518
441
326
334
251
161
67
54
-87
-204
-282
-409
-277
-270
-247
-214
-182
-205
-136
-198
-286
-254
-228
-194
-70
-96
-74
-88
-170
-91
-277
-221
-189
-94
-39
-4
108
57
90
93
66
-4
42
-5
-60
-92
-155
-187
-233
-170
-110
-44
-118
-109
-78
-32
9
-62
-81
-115
-216
-240
-284
-347
-329
-312
-267
-295
-343
-279
-206
-201
-179
-173
-158
-157
-170
-57
-83
-26
-50
-118
-231
-365
-393
-372
-344
-161
-70
121
286
378
368
377
355
405
321
330
237
187
119
66
-39
-51
-1
-24
46
-2
64
32
-51
-38
-45
-74
-72
-29
-117
-207
-162
-158
-198
-179
-121
-89
-112
-160
-141
-249
-253
-290
-303
-284
-339
-399
-402
-500
-361
-398
-450
-417
-423
-342
-319
-243
-128
-67
-1
-34
-11
-45
-89
-138
-180
-196
-180
-70
3
56
123
154
194
188
229
194
178
144
143
86
157
185
144
178
239
287
292
337
385
334
339
285
265
308
240
261
347
396
482
435
447
425
392
356
356
333
245
293
294
298
246
197
74
-175
-244
-230
-183
-111
-82
34
74
176
208
256
307
289
268
246
218
224
135
19
-158
-218
-208
-265
-100
-25
110
179
206
193
242
254
322
356
366
386
353
296
268
181
221
202
123
130
46
12
68
48
60
42
75
39
-127
-111
-151
-142
-211
-178
-167
-151
-138
-185
-131
-73
-46
-71
-106
-85
-112
-173
-314
-455
-574
-626
-631
-613
-513
-493
-423
-456
-419
-261
-162
-64
-10
97
194
160
208
207
160
108
16
-107
-100
-29
1
152
186
251
254
184
116
67
59
-100
-93
-134
-204
-271
-357
-417
-461
-576
-532
-494
-436
-287
-213
-146
-166
-141
-158
-202
-224
-242
-312
-268
-350
-326
-319
-138
-98
-7
44
36
73
30
-32
-33
16
8
-84
-57
-58
-54
-40
-70
0
89
165
279
352
450
370
394
296
337
347
276
139
71
-72
-99
-121
-116
-46
62
90
145
231
334
325
349
387
335
324
289
280
231
94
33
28
-100
-91
-156
-182
-170
-67
-29
149
190
361
402
396
378
380
392
432
452
510
479
421
353
382
262
131
78
41
-25
-163
-125
-177
-145
-145
-79
-40
64
104
88
76
39
40
-16
-90
-84
-66
-82
-130
-193
-178
-232
-313
-351
-358
-350
-370
-293
-302
-281
-284
-302
-245
-180
-157
-50
-56
-40
-46
30
30
23
55
62
-26
-51
-125
-173
-221
-177
-214
-205
-215
-260
-260
-319
-340
-373
-283
-331
-242
-211
-177
-124
-86
-104
-101
-112
-87
-156
-247
-229
-259
-155
-85
-49
-57
-44
-19
-81
-18
10
4
238
305
435
498
581
517
434
390
263
147
62
-60
-132
-193
-158
-107
-110
30
70
118
112
197
247
333
381
438
500
486
470
333
221
50
-45
-106
-198
-99
-161
-154
-169
-308
-364
-404
-364
-382
-365
-335
-322
-149
-68
21
202
321
367
422
419
466
495
486
476
369
337
268
142
-10
-166
-242
-169
-164
-23
68
291
335
354
472
474
503
509
463
428
416
355
290
238
238
165
143
82
105
21
-64
-190
-227
-248
-197
-90
-65
-128
-134
-88
-122
-202
-170
-225
-205
-308
-231
-353
-241
-320
-308
-330
-346
-310
-307
-360
-265
-191
-115
-145
-81
-44
26
23
167
161
176
199
241
258
216
151
168
34
-35
-187
-269
-268
-295
-254
-233
-222
-196
-136
9
145
291
415
438
493
494
497
422
295
117
-60
-247
-385
-570
-647
-776
-921
-937
-940
-799
-630
-475
-326
-71
84
241
266
336
318
194
157
126
191
219
199
68
22
-128
-178
-207
-244
-245
-230
-181
-141
-83
17
62
8
104
110
128
284
302
314
294
247
290
283
259
133
34
4
-30
-57
23
-115
-48
-85
-122
-134
-88
-60
-92
-137
-54
-136
-93
-116
-185
-313
-350
-424
-337
-325
-215
-250
-183
-111
-7
13
-28
-151
-173
-170
-246
-276
-278
-338
-335
-215
-146
-20
78
40
7
-64
-164
-155
-88
-72
-37
-97
-10
27
94
194
77
171
163
221
248
331
357
307
344
379
443
353
242
139
25
-90
-160
-206
-180
-170
-72
-14
35
69
174
192
228
249
328
367
436
442
506
500
482
503
536
495
437
420
415
462
435
397
406
369
368
358
386
365
328
496
560
618
759
728
715
609
497
363
259
225
129
126
178
220
235
89
-60
-116
-227
-314
-321
-354
-332
-276
-357
-400
-535
-569
-589
-556
-520
-495
-436
-480
-479
-512
-459
-442
-392
-360
-420
-388
-428
-444
-480
-480
-498
-440
-412
-333
-228
-187
-85
-12
118
283
439
542
605
563
626
592
468
298
223
153
86
-24
51
82
107
147
105
142
72
82
151
125
134
104
93
66
37
-73
-231
-330
-347
-384
-531
-551
-686
-660
-650
-645
-567
-477
-480
-516
-526
-576
-614
-634
-681
-668
-645
-550
-443
-348
-261
-262
-346
-325
-340
-414
-388
-329
-390
-384
-327
-274
-188
-180
-129
0
108
300
403
440
565
605
454
444
267
118
54
-7
59
161
104
160
185
238
255
322
315
268
287
316
284
307
344
285
219
173
39
43
-15
-23
7
-27
-21
58
106
153
121
143
193
116
63
-58
7
-10
-40
-30
-68
-53
-138
-123
-128
11
59
114
163
213
234
372
259
346
391
381
416
433
411
335
276
234
189
199
246
234
345
291
214
199
284
379
374
447
506
463
488
372
333
216
239
290
340
365
330
302
133
101
95
-9
-4
-4
-53
-59
-33
-43
-60
-78
-44
-28
21
-43
-92
27
36
37
16
13
-64
-26
-159
-221
-319
-327
-327
-349
-293
-230
-177
-172
-90
-4
27
-25
-12
20
-66
-164
-235
-277
-380
-337
-359
-372
-406
-486
-563
-557
-637
-564
-521
-380
-310
-228
-225
-99
-79
-14
34
44
63
151
81
79
28
-85
-151
-263
-270
-287
-248
-250
-228
-116
52
107
206
291
370
351
386
336
308
269
233
220
102
119
-29
-103
-156
-161
-186
-92
-93
-80
-33
-54
-163
-231
-323
-352
-386
-375
-307
-329
-255
-175
-159
-164
-120
6
51
93
163
154
166
115
118
184
183
183
132
60
-72
-195
-112
-109
-11
54
105
82
29
105
49
76
22
139
198
235
219
277
307
268
325
359
379
272
219
200
193
220
143
75
20
-31
-160
-238
-222
-182
-155
-120
-94
14
64
125
160
134
29
105
155
126
133
154
108
126
56
52
28
-85
-70
-69
-144
-90
-146
-208
-197
-241
-257
-199
-180
-202
-215
-293
-375
-351
-279
-191
-73
-45
-55
-103
-118
-164
-158
-266
-342
-343
-458
-488
-468
-395
-372
-282
-219
-148
0
21
86
140
91
206
110
61
48
27
22
-10
-96
-50
75
168
374
530
654
763
874
860
748
625
478
308
174
102
130
-15
-31
-107
-145
-148
-100
-28
41
186
276
364
336
264
173
51
-89
-211
-339
-411
-449
-427
-373
-332
-299
-284
-233
-201
-189
-113
-68
14
85
27
-14
-28
-80
-70
-164
-107
-50
-7
-5
18
97
152
210
212
285
351
389
360
423
437
402
447
556
593
633
565
484
420
380
341
320
278
208
188
124
89
50
60
125
157
129
133
148
175
181
167
200
195
232
199
142
120
29
-73
-87
-56
-224
-253
-194
-222
-242
-299
-398
-442
-435
-396
-355
-340
-290
-326
-261
-131
-70
10
52
38
82
100
146
150
124
6
-62
-198
-286
-361
-452
-527
-582
-564
-549
-384
-297
-186
-173
-162
-156
-218
-188
-165
-263
-194
-237
-253
-255
-259
-279
-282
-222
-251
-117
-89
-29
3
9
55
24
144
175
133
147
48
40
-50
-64
-8
-28
36
-15
-27
-2
33
179
297
410
568
652
646
598
479
404
217
78
-85
-208
-336
-388
-459
-468
-461
-482
-448
-388
-429
-354
-298
-206
-192
-164
-167
-106
-126
-46
-162
-239
-281
-264
-217
-88
-4
10
35
-21
21
15
-20
-7
66
-55
-101
-175
-212
-99
-79
72
209
279
341
295
259
305
277
294
296
352
413
348
252
189
192
242
380
468
506
468
458
394
279
188
55
13
-45
-159
-183
-107
-7
-29
-2
21
17
91
141
186
173
220
193
219
244
275
253
273
218
143
62
22
26
55
64
0
-29
-71
-181
-138
-109
8
84
72
13
-117
-189
-245
-292
-289
-183
-76
-15
53
87
7
-33
-94
-82
-58
48
121
155
152
160
35
34
-146
-292
-392
-340
-400
-308
-328
-293
-291
-258
-213
-150
-26
51
78
74
66
200
290
291
289
137
95
12
-15
28
70
111
59
42
-60
-175
-290
-351
-383
-539
-486
-458
-381
-280
-178
-149
-152
-100
-63
-28
-45
-28
1
32
65
76
65
-37
-113
-113
-136
-224
-169
-148
-130
-73
-48
7
63
66
113
234
360
404
489
524
505
481
407
350
321
210
252
198
207
160
103
4
-116
-103
-80
0
14
26
2
-51
-111
-141
-133
-99
-38
-102
-118
-147
-103
-124
-127
-169
-26
-50
77
167
218
260
178
156
119
125
24
-83
-142
-154
-79
-102
-127
-168
-129
-186
-90
18
4
36
-14
38
84
97
151
232
238
232
240
259
270
279
310
220
170
104
19
-57
-115
-180
-157
-199
-153
-81
-57
-122
-95
-83
-64
16
45
158
152
183
86
14
-3
-90
-47
-104
-109
-80
-55
1
-17
-48
-54
-6
-8
-74
-83
-55
33
94
103
223
257
269
283
347
322
292
285
373
378
477
439
375
272
175
123
5
-38
-107
-175
-127
-116
-143
-55
-11
-47
-17
-30
-150
-130
-202
-251
-305
-376
-355
-372
-406
-447
-344
-320
-245
-260
-285
-199
-206
-162
-137
-125
-238
-296
-368
-449
-533
-590
-619
-552
-374
-309
-257
-106
-115
-74
-96
-59
115
235
399
379
368
300
370
346
362
293
248
233
257
253
221
258
310
211
85
0
-21
-86
-142
-77
-137
-19
43
120
224
253
253
233
161
142
164
178
129
130
104
-90
-156
-257
-286
-329
-352
-424
-402
-482
-505
-539
-560
-465
-393
-418
-430
-378
-396
-308
-247
-173
-143
-127
-102
-178
-243
-270
-312
-301
-311
-239
-191
-108
4
-69
-90
-94
-139
-52
-54
86
137
263
308
290
253
229
228
248
142
115
250
237
343
314
274
306
286
278
345
344
411
348
428
429
403
474
505
391
353
286
354
243
248
83
18
13
-108
-90
-22
5
93
136
208
253
293
327
332
397
459
406
343
294
226
74
7
-43
-37
0
-49
-74
-5
-4
-13
38
112
95
171
204
180
184
197
38
15
32
47
111
-7
-125
-158
-300
-391
-338
-277
-287
-360
-424
-450
-480
-495
-499
-500
-429
-382
-311
-233
-185
-196
-242
-254
-251
-262
-228
-219
-191
-166
-67
-63
0
48
95
195
284
377
335
328
267
143
150
148
175
222
222
147
213
295
353
442
411
336
279
184
206
202
215
144
134
93
80
-25
-2
-85
-178
-168
-182
-185
-191
-154
-226
-221
-148
-229
-227
-280
-379
-468
-444
-464
-350
-230
-302
-327
-221
-211
-160
-193
-241
-129
26
4
34
22
111
82
29
-51
-26
104
209
167
205
217
263
361
224
255
243
267
283
208
173
57
17
-18
31
19
-71
-83
-85
-52
-91
13
-14
62
82
31
-31
-81
-208
-197
-279
-230
-160
-76
-27
18
132
100
120
154
56
40
194
205
225
237
237
187
153
101
75
58
-57
-126
-137
-217
-215
-28
117
102
101
116
44
116
149
155
253
267
206
254
186
14
-79
-188
-180
-218
-242
-233
-319
-359
-389
-440
-330
-336
-312
-331
-318
-286
-279
-203
-236
-315
-307
-287
-310
-401
-342
-390
-297
-204
-53
-16
35
143
87
107
35
8
49
37
17
-62
-10
-36
-69
-115
-201
-169
24
140
130
103
120
194
331
381
449
515
584
593
609
678
619
503
475
413
405
328
312
207
153
85
77
180
227
205
276
124
75
110
170
170
177
183
143
146
172
154
58
-54
4
-79
-67
-59
-57
-60
-131
-77
-138
-114
-100
-180
-255
-325
-319
-345
-343
-468
-533
-486
-462
-394
-229
-153
-161
-151
-262
-295
-275
-292
-279
-298
-240
-169
-151
-197
-139
-158
-165
-151
-114
-135
-99
-59
-61
-67
-155
-332
-415
-496
-542
-477
-387
-238
-214
-134
-88
32
188
241
474
491
644
690
559
560
444
369
326
258
279
315
231
147
-7
-73
-107
3
112
146
215
275
297
310
214
227
158
202
183
163
100
76
55
-24
-74
-207
-228
-294
-375
-524
-460
-494
-587
-452
-412
-363
-242
-314
-251
-341
-250
-283
-236
-282
-346
-373
-355
-505
-546
-493
-435
-355
-249
-170
-87
34
87
149
190
244
277
348
358
524
514
523
546
582
528
400
422
380
261
166
208
229
328
449
560
653
689
644
609
557
625
686
732
721
706
703
622
569
461
397
343
201
99
61
76
-29
-95
-155
-141
-105
-161
-116
-76
6
55
105
185
207
139
225
217
263
258
181
32
-11
-119
-189
-265
-334
-318
-328
-303
-352
-365
-359
-383
-335
-259
-122
0
105
89
38
9
-21
-130
-201
-210
-321
-238
-253
-245
-233
-397
-392
-485
-504
-543
-540
-408
-425
-384
-385
-312
-164
-42
-12
32
54
-27
-177
-198
-272
-306
-388
-452
-540
-482
-347
-394
-341
-247
-162
-85
-26
48
168
184
178
115
58
-39
-90
-137
-181
-216
-248
-283
-279
-282
-114
-198
-184
-256
-175
-115
-104
58
150
165
273
244
187
239
121
84
77
27
27
-45
-93
-113
-166
-117
-141
-190
-145
-218
-138
-26
88
176
222
274
365
365
352
379
330
341
327
400
341
340
221
148
78
-1
-73
-139
-49
-2
-20
-58
-99
-24
73
145
107
234
306
384
401
401
365
302
356
285
194
146
140
47
14
38
95
255
273
253
180
138
131
-41
-83
-185
-211
-202
-276
-336
-371
-505
-488
-363
-285
-123
96
120
197
242
319
416
533
519
333
243
79
-106
-197
-264
-282
-233
-229
-123
-112
52
133
127
70
72
29
112
128
183
320
462
431
338
80
-102
-181
-232
-162
-179
-76
-81
-12
-14
36
-14
-84
-249
-255
-231
-174
-54
-121
-286
-399
-491
-508
-579
-532
-407
-267
-140
-93
7
18
9
-117
-187
-209
-200
-151
-213
-129
-28
-66
-71
-57
-70
-146
-231
-301
-315
-240
-37
-64
-41
-21
31
11
-6
102
269
350
336
243
201
191
185
210
298
245
219
173
88
45
84
20
-66
-133
-32
-49
-22
-19
32
0
-61
-154
-127
-57
98
65
162
196
263
274
281
248
281
187
186
143
98
61
-36
-97
-169
-167
-88
6
32
-49
0
130
258
325
334
282
212
188
121
-5
-68
-77
-127
-218
-324
-380
-352
-326
-346
-230
-64
12
85
109
164
108
194
257
293
396
376
333
200
145
202
260
258
252
239
215
315
343
379
391
404
407
497
547
446
557
526
494
548
565
548
461
474
331
353
273
163
39
17
-39
-85
-105
-188
-240
-285
-351
-540
-591
-514
-498
-560
-591
-544
-437
-483
-567
-587
-549
-471
-526
-518
-461
-418
-500
-490
-512
-576
-614
-730
-839
-932
-794
-656
-494
-328
-336
-307
-269
-253
-156
-72
-90
-80
-130
-186
-152
-173
-126
-114
-65
-33
58
137
157
151
271
452
493
613
656
620
389
203
162
65
142
277
259
293
286
360
306
245
217
319
329
358
397
403
393
367
219
98
58
-68
-101
-17
-11
-7
-33
-37
-102
-92
-84
-70
-15
116
151
181
274
234
278
340
285
174
22
61
54
11
20
-51
0
-72
-161
-292
-396
-466
-488
-412
-331
-209
-98
6
192
293
351
346
274
229
112
-48
-93
-174
-119
-127
-234
-373
-464
-408
-343
-224
-122
18
-30
-83
-58
-177
-145
-215
-203
-180
-195
-306
-322
-406
-381
-347
-368
-406
-336
-285
-171
-77
11
30
40
91
125
8
-56
-231
-245
-251
-230
-254
-203
-220
-116
-193
-194
-144
-141
-147
-102
-111
64
177
348
419
469
385
425
357
365
405
345
236
98
7
-34
-66
-95
-175
-138
-124
7
105
231
272
284
370
465
621
759
773
813
697
654
609
429
429
301
298
289
258
263
194
215
129
187
163
226
91
60
97
168
175
62
-3
-80
-202
-99
-193
110
376
392
241
-11
-99
-156
-178
-257
-340
-366
-278
-333
-272
-242
-129
-131
-102
-36
-43
-114
-137
-127
-17
63
69
55
-175
-346
-470
-479
-348
-393
-344
-343
-231
-210
-75
91
288
264
324
391
379
345
342
262
243
111
-41
-50
-160
-196
-234
-283
-325
-316
-182
-187
-153
-51
-1
27
38
46
4
45
191
153
182
116
68
11
18
-84
-83
-100
-280
-429
-483
-418
-334
-303
-212
-158
-129
-142
-234
-259
-270
-230
-243
-229
-168
-169
-20
-25
-69
80
27
26
6
-27
11
67
133
176
130
16
-16
-38
-31
-17
-18
-181
-189
-354
-400
-289
-201
-119
-70
-4
75
209
305
374
493
505
462
488
382
350
325
425
338
317
306
267
167
98
-39
0
-2
44
-33
28
-98
-192
-34
-84
3
-80
-112
-133
-110
-51
-49
-199
-195
-197
-205
-231
-154
-112
-83
111
106
77
-4
-96
-263
-374
-341
-345
-285
-380
-407
-404
-428
-378
-346
-286
-195
-141
-75
58
185
459
444
385
319
242
205
165
187
94
-15
-21
-15
10
13
-7
-61
119
234
255
221
184
197
208
237
183
167
31
22
29
-20
-32
104
29
59
154
80
19
30
-5
21
83
112
140
144
-8
40
24
4
11
89
58
-49
-103
-189
-63
163
165
230
140
94
78
175
213
245
232
276
270
243
178
51
41
-72
-112
-47
-27
27
94
24
170
167
117
11
-53
-188
-212
-208
-253
-177
-154
-325
-538
-625
-635
-537
-384
-298
-166
-153
-125
-223
-252
-146
-126
-56
-98
-131
-223
-223
-242
-346
-217
-172
-126
-77
-57
-139
-52
59
124
269
296
234
342
490
498
548
530
387
184
143
44
7
52
92
138
188
240
277
247
256
361
406
404
396
270
180
28
-135
-252
-331
-408
-397
-359
-450
-500
-514
-500
-468
-333
-240
-182
-64
-73
-159
-201
-229
-281
-243
-239
-273
-206
-241
-258
-290
-293
-263
-191
-122
-60
2
61
201
253
252
185
87
51
-79
-10
46
100
137
182
204
293
303
338
281
297
396
303
383
415
437
364
333
174
45
29
8
51
65
196
83
182
157
72
0
-71
-73
-5
5
-111
-226
-302
-380
-368
-164
-53
23
48
146
271
371
392
371
384
429
533
471
428
330
285
310
218
146
211
242
258
259
194
82
-56
-81
-153
-200
-202
-125
-97
-41
72
38
-14
28
10
110
257
331
315
213
79
24
-152
-335
-433
-510
-570
-516
-459
-360
-286
-292
-212
-184
-108
-81
-101
25
105
75
58
-29
-188
-305
-332
-381
-386
-299
-231
-166
-7
35
32
136
81
123
93
118
0
-58
-33
-201
-174
-298
-415
-336
-406
-225
-289
-238
-213
-119
-142
-196
-227
-181
-335
-428
-456
-455
-343
-347
-336
-263
-145
-80
-115
-34
-30
1
69
82
35
80
44
-15
-81
-155
-252
-340
-254
-283
-188
-74
10
152
335
361
448
439
447
396
505
482
424
337
238
209
153
85
-50
-123
-181
-249
-217
-347
-313
-348
-337
-232
-288
-250
-228
-208
-4
87
170
116
6
-157
-197
-180
-83
-48
49
-30
-79
-70
-84
-80
57
169
255
317
484
554
622
600
571
458
415
405
314
421
433
385
378
270
290
263
298
338
386
443
537
562
614
551
591
500
503
336
114
5
0
110
80
101
7
-50
-37
-172
-173
-36
-3
32
23
-7
-10
-20
-196
-237
-200
-171
-11
-16
-6
32
-144
-211
-303
-356
-343
-354
-406
-378
-239
-230
-263
-175
-183
-93
37
88
189
135
93
38
-61
-91
-175
-160
-195
-177
-149
-217
-173
-163
-109
-83
39
27
-19
-2
-126
-65
-80
-124
-108
-209
-314
-248
-154
-110
21
149
109
168
298
286
169
105
-15
-50
-70
76
31
113
76
50
-3
58
73
62
48
109
157
279
296
259
174
-35
-118
-160
-186
-177
-178
-142
-129
-168
-189
-287
-476
-573
-545
-478
-359
-236
-275
-376
-489
-508
-572
-540
-491
-395
-269
-176
-174
-41
-61
-134
-89
-19
33
94
112
165
143
-7
97
-2
8
-2
-49
-94
-26
59
120
245
285
262
364
426
392
484
522
469
515
478
479
419
343
334
382
319
284
282
242
215
216
137
150
109
88
67
9
93
147
280
379
304
408
432
461
456
346
244
55
-144
-260
-382
-514
-554
-562
-588
-610
-510
-524
-302
-163
-9
203
65
11
-95
-247
-326
-416
-443
-584
-600
-634
-691
-730
-616
-594
-447
-341
-290
-287
-214
-294
-157
-175
-75
-75
-21
29
-4
-30
-58
-119
2
83
132
285
291
242
169
104
47
111
162
116
100
-14
54
107
161
259
370
429
416
487
492
493
411
263
144
100
58
8
-40
-143
-186
-204
-271
-254
-222
-202
-92
-11
15
-18
18
-16
17
13
24
80
203
253
214
150
116
77
32
9
-53
-67
-29
-120
-56
-143
-148
16
69
118
166
203
320
311
426
361
339
144
41
74
-110
-157
-172
-183
-107
-119
-60
-55
0
55
1
25
73
55
165
139
164
196
217
245
202
206
46
18
-66
-83
-28
-57
-24
-13
2
84
148
209
241
354
368
485
499
525
641
599
588
411
339
243
187
63
-115
-271
-462
-604
-590
-678
-672
-634
-673
-595
-585
-438
-318
-231
-184
-112
-102
-260
-274
-348
-331
-305
-227
-208
-207
-210
-236
-242
-216
-217
-152
-106
-137
-141
-107
-119
-86
-1
125
168
140
34
-49
27
156
381
454
523
541
437
401
480
469
506
589
523
447
341
236
113
30
37
0
-7
-29
-64
-85
-205
-281
-297
-389
-449
-564
-586
-436
-401
-365
-428
-332
-332
-324
-192
-108
-11
35
0
-75
-77
-92
-86
-61
-211
-286
-264
-240
-194
-185
47
47
128
90
213
180
194
49
75
34
168
147
139
133
186
293
364
491
476
443
421
353
296
373
357
174
97
29
-73
-229
-341
-305
-290
-272
-271
-275
-290
-261
-219
-99
-81
-145
-47
7
55
83
43
17
75
153
144
119
149
315
192
127
43
-11
-54
-49
-101
-80
-105
-175
-124
-82
-117
-81
0
75
143
198
201
181
96
92
21
82
209
262
318
325
272
267
261
261
310
239
233
274
81
5
-130
-129
-226
-223
-198
-160
-147
-115
-227
-216
-245
-152
-69
-27
34
125
142
80
22
44
89
133
147
199
155
163
43
-7
-64
-163
-261
-334
-317
-448
-492
-472
-514
-415
-433
-382
-403
-378
-320
-284
-224
-252
-200
-161
-155
-86
-91
-162
-213
-327
-317
-368
-375
-329
-304
-222
-163
-64
26
72
133
197
284
332
360
383
436
542
560
528
525
419
344
331
345
328
219
197
190
257
239
310
355
410
457
406
273
150
85
-35
-95
-146
-265
-373
-411
-491
-497
-433
-463
-437
-344
-279
-128
-147
-68
-67
-25
-68
-118
-282
-342
-447
-501
-518
-388
-366
-308
-358
-273
-201
-203
-34
124
217
418
569
655
656
559
360
276
267
353
422
400
506
521
503
356
323
159
51
-28
5
-3
108
192
171
242
150
52
2
-78
-164
-213
-256
-331
-273
-233
-245
-220
-223
-286
-353
-281
-393
-390
-413
-404
-417
-447
-311
-261
-261
-232
-172
-133
-93
-33
144
260
215
292
424
444
460
361
416
396
397
411
322
269
185
202
181
31
81
86
150
150
256
236
310
330
306
387
316
296
185
128
170
74
36
-8
16
-85
-1
41
9
-57
-69
-213
-178
-152
-111
37
57
108
154
169
40
7
11
53
153
107
152
65
97
98
10
-24
-86
-132
-118
-175
-172
-187
-126
-137
-90
-72
-73
-39
-59
54
75
115
66
22
41
-10
-103
-154
-226
-257
-230
-163
-123
-131
-102
-135
-233
-273
-317
-171
-108
21
94
86
-22
-38
-24
-158
-214
-235
-209
-259
-264
-341
-417
-360
-363
-356
-347
-269
-262
-276
-177
-39
-8
83
46
-30
20
-21
-92
-86
-109
-163
-163
-205
-176
-168
-160
-240
-217
-232
-174
-35
106
219
227
273
353
315
327
266
269
163
107
21
-82
-48
1
-10
75
7
19
100
242
230
230
165
83
-8
-75
-71
-5
-11
-75
-47
-39
25
28
-7
-21
-83
66
114
118
216
214
83
-11
-96
-164
-283
-267
-242
-167
-164
-57
-1
36
-62
-27
-110
-80
16
67
85
162
134
208
218
297
358
538
708
722
810
808
760
705
604
514
337
125
-62
-214
-148
-76
-55
-105
-114
42
29
49
182
228
261
243
196
157
23
-39
-47
-67
-149
-144
-183
-178
-208
-373
-436
-483
-451
-311
-260
-245
-386
-428
-445
-395
-426
-450
-351
-301
-158
-126
-225
-321
-282
-227
-104
10
188
334
437
518
528
567
614
542
545
436
354
367
364
262
315
111
48
48
46
37
68
-23
-42
68
109
209
182
168
144
210
216
236
159
135
-9
24
-32
-151
-209
-413
-401
-449
-478
-536
-697
-826
-922
-867
-917
-878
-832
-761
-517
-490
-271
-208
-78
17
57
-6
60
115
41
-1
-79
-101
-80
-209
-219
-301
-340
-284
-186
-110
-61
87
210
161
189
154
118
197
182
177
120
35
0
-21
-59
-42
-74
-156
-149
-113
85
252
229
199
114
-58
-114
-82
-117
-2
-20
4
-39
-179
-182
-145
-43
73
76
94
49
60
56
64
57
55
81
131
236
248
227
217
301
504
600
720
744
666
596
478
347
97
15
-47
-101
-125
-96
-127
-133
-218
-201
-145
-9
52
246
294
437
527
466
493
486
517
423
255
263
175
89
37
-88
-165
-228
-187
-232
-267
-274
-254
-178
-70
53
62
149
198
289
389
314
307
260
181
86
-10
-22
-87
-119
-229
-396
-330
-286
-195
-312
-324
-383
-444
-442
-515
-434
-408
-372
-141
-146
-72
-52
-56
21
-17
45
36
53
76
-51
-153
-183
-227
-218
-358
-351
-477
-327
-206
-69
-43
21
74
151
200
293
381
327
262
287
311
388
338
169
37
-38
9
68
156
286
414
400
282
181
145
164
192
215
244
276
206
73
-53
-53
17
-28
51
85
-11
-84
-182
-219
-145
-73
29
128
200
198
244
237
230
168
74
79
2
2
-116
-162
-158
-175
-222
-242
-170
-190
-144
-135
10
99
187
223
162
123
220
210
224
162
98
125
11
-28
11
-152
-346
-544
-701
-687
-580
-562
-503
-435
-368
-284
-126
-107
-72
-142
-136
-144
-243
-222
-236
-296
-262
-153
-189
-161
-278
-284
-294
-273
-150
-154
-177
-170
-129
-101
-11
162
244
160
7
-62
-104
-112
-134
-186
-162
-166
-124
-91
-147
-92
-148
-6
59
61
120
135
66
83
49
39
132
134
225
57
126
45
-93
-223
-287
-371
-335
-319
-228
-56
-19
24
1
45
175
149
274
311
207
404
501
506
393
327
365
272
242
263
302
313
387
332
396
411
444
482
539
621
640
608
512
577
557
567
443
381
286
156
118
172
238
241
210
170
58
40
30
49
5
-21
2
-90
-126
-136
-164
-273
-368
-305
-247
-228
-260
-304
-280
-323
-289
-183
-82
-146
-162
-303
-360
-335
-316
-276
-299
-328
-345
-258
-203
-239
-203
-194
-214
-251
-146
-137
-112
-116
-111
-193
-201
-252
-194
-176
-106
-53
-74
-46
-100
-83
11
-93
-86
-133
-117
-198
-314
-312
-307
-229
-235
-160
-190
-84
-77
-59
-145
-222
-227
-186
-92
-59
-184
-248
-404
-440
-476
-524
-473
-347
-327
-164
-107
37
141
181
152
163
233
334
340
340
277
202
99
96
121
-73
-5
-1
76
163
123
144
96
114
138
195
185
242
386
429
406
469
548
442
440
335
208
64
-1
50
139
265
319
320
299
186
163
59
6
55
220
333
571
642
629
585
408
301
138
56
-25
-175
-263
-313
-321
-310
-214
-88
-68
-26
-8
115
225
349
424
417
322
245
221
46
-66
-205
-331
-428
-387
-254
-294
-164
-192
-213
-81
-43
-29
-16
-58
-26
122
123
102
150
147
202
125
74
103
-14
-99
-93
44
-5
111
5
-40
-126
-110
-156
-176
-155
-150
1
123
250
335
368
248
217
303
178
201
169
2
-40
-58
-21
8
-85
-34
-25
-18
69
113
106
99
143
98
35
16
-40
-48
-157
-172
-266
-232
-320
-304
-332
-314
-371
-404
-387
-394
-365
-248
-213
-141
-103
-91
-124
-123
-78
-79
-39
-62
-171
-191
-92
-131
-189
-127
-215
-306
-452
-502
-613
-522
-421
-340
-203
-105
-7
25
49
81
94
86
159
254
209
194
214
127
182
211
144
36
-109
-246
-307
-388
-403
-446
-343
-301
-274
-287
-243
-227
-166
-55
8
71
179
184
105
27
-34
-166
-193
-223
-201
-114
-106
-28
7
-37
-21
-6
-50
7
26
76
111
149
193
233
125
6
-178
-278
-306
-244
-187
-95
2
12
197
307
362
360
298
255
236
335
376
331
346
196
127
5
86
224
178
201
307
410
340
311
315
213
201
295
393
413
461
465
479
551
556
619
706
757
753
651
485
486
441
515
477
445
325
156
59
-72
-237
-307
-353
-340
-329
-257
-245
-276
-254
-228
-299
-288
-215
-102
-14
-16
-80
-73
-83
-92
-132
-213
-284
-256
-308
-475
-554
-628
-662
-651
-693
-703
-648
-510
-390
-251
-105
-43
-13
-11
-76
-118
-159
-180
-202
-235
-250
-172
-113
-22
45
96
150
242
266
300
286
204
123
-18
-33
-76
-114
-182
-177
-170
-150
-157
-208
-215
-176
-78
-109
81
189
268
401
355
275
181
175
118
121
23
-85
-121
-159
-216
-168
-237
-198
-256
-225
-291
-284
-321
-307
-296
-198
-139
-73
-20
89
144
167
243
369
424
509
495
486
383
315
324
310
232
220
196
295
324
308
238
187
176
266
257
205
281
234
145
131
158
243
275
426
440
432
385
403
365
427
518
592
625
657
548
535
437
249
147
7
-164
-232
-342
-418
-417
-421
-489
-341
-301
-242
-104
-62
-76
-93
-34
-25
-19
-94
-101
-278
-332
-445
-468
-515
-479
-530
-553
-662
-690
-737
-664
-673
-600
-596
-588
-548
-556
-539
-446
-348
-293
-216
-149
-57
-80
-13
-37
-75
-132
-104
-41
13
78
50
52
-47
-75
-40
-60
-4
112
264
309
334
350
390
314
276
155
93
39
47
53
-63
65
55
-17
-79
-84
-27
-13
76
146
233
311
306
297
250
158
-20
-124
-301
-410
-485
-579
-691
-811
-735
-818
-775
-725
-609
-476
-322
-37
139
219
258
362
391
393
424
475
474
481
442
246
21
-124
-327
-423
-416
-376
-318
-291
-187
-116
29
50
137
187
248
437
472
578
596
686
711
606
630
525
455
526
490
476
510
353
332
290
235
264
251
268
251
182
206
121
-10
-76
7
32
48
-49
24
0
-7
-54
43
248
386
579
681
638
479
270
198
102
63
-76
-96
-101
-192
-178
-209
-307
-304
-432
-532
-571
-568
-566
-493
-533
-450
-262
-214
-162
-71
-54
-62
-104
-149
-44
7
104
173
240
288
309
270
221
184
116
62
68
38
15
-125
-174
-254
-342
-325
-257
-167
-145
-13
185
252
269
309
284
326
514
578
608
506
407
328
171
122
127
73
-90
-106
-239
-364
-406
-379
-527
-472
-379
-382
-255
-257
-232
-168
-252
-274
-254
-144
-150
-43
-88
-141
-104
-107
-14
-6
-12
-54
-16
-130
-222
-299
-449
-533
-536
-631
-627
-608
-692
-748
-652
-607
-480
-352
-350
-313
-180
-166
-15
94
177
194
208
243
191
94
56
99
121
73
218
219
130
58
100
193
227
269
297
187
260
384
399
394
366
415
442
517
554
562
502
426
482
466
482
455
271
171
81
0
-117
-192
-210
-278
-214
-100
-48
-50
-186
-188
-307
-362
-388
-339
-418
-420
-379
-453
-418
-382
-319
-195
-20
-2
10
19
-51
-15
84
178
202
205
258
118
45
33
10
101
101
224
267
378
549
599
649
516
426
449
340
353
348
281
191
197
131
46
109
52
9
75
118
229
255
287
203
72
6
-27
50
66
73
76
61
56
53
-97
-203
-447
-318
-146
-194
-117
-163
-358
-485
-388
-402
-363
-295
-295
-229
-186
-175
-158
-168
-192
-140
-79
33
63
-20
-37
25
-29
52
53
-3
-120
-211
-139
-157
-204
-298
-375
-447
-445
-402
-332
-332
-121
-159
33
181
98
213
186
129
219
276
319
252
194
43
-79
-138
-193
-199
-204
-159
-124
-77
-56
-121
-118
-165
-81
10
66
150
120
111
16
-14
-76
-153
-139
-43
-57
-65
78
180
227
247
241
114
-75
-147
-141
-107
-76
-80
-42
-154
-129
-32
-56
25
12
44
62
288
400
464
354
199
135
96
-2
-30
34
-15
51
161
270
344
293
343
310
444
439
386
333
322
338
252
257
41
171
190
177
214
93
114
128
200
364
361
276
260
218
156
180
190
62
34
60
43
96
88
53
2
48
-13
-115
-287
-367
-425
-386
-438
-474
-517
-492
-378
-208
-91
-35
117
97
169
100
186
172
49
-106
-279
-286
-380
-418
-421
-377
-287
-259
-186
-195
-303
-370
-279
-185
-98
-119
41
123
41
58
-7
-208
-235
-313
-342
-453
-436
-407
-458
-465
-375
-286
-317
-247
-254
-142
-192
-198
-211
-248
-316
-282
-169
-197
-212
-135
-228
-177
-191
-180
-146
-134
-115
-121
-143
-129
-82
-119
-67
29
75
90
122
207
256
223
204
310
391
319
365
368
303
364
426
371
466
419
401
279
212
166
184
128
67
134
106
142
64
38
17
23
136
192
266
263
223
158
70
-2
96
-8
-6
-74
-37
-100
-258
-285
-376
-299
-105
16
165
173
179
226
342
356
380
454
360
331
419
372
390
290
230
224
257
331
360
142
94
141
273
268
329
356
202
102
120
61
168
222
299
275
163
101
-16
-141
-189
-100
-101
-3
8
53
-117
-179
-242
-192
-289
-249
-265
-267
-425
-449
-397
-356
-302
-316
-322
-250
-298
-188
-126
-110
-219
-122
-8
92
193
87
-31
-80
-188
-260
-331
-377
-392
-148
-24
107
82
-11
-11
3
-15
-41
0
-69
5
-22
-115
-273
-268
-441
-363
-366
-424
-365
-289
-255
-126
72
16
-6
20
-128
-164
-154
-185
-214
-221
-233
-273
-337
-313
-422
-392
-273
-212
68
137
307
446
508
523
659
644
679
593
411
275
216
91
-57
-112
-133
-41
72
-64
-7
14
55
90
206
210
232
258
328
309
249
266
211
174
27
-87
-64
-13
25
76
105
220
211
247
245
160
16
-163
-150
-127
-69
-28
-37
-69
-22
61
-8
9
55
86
203
325
432
372
357
265
295
420
448
367
299
208
160
131
123
185
108
43
74
116
172
247
144
94
130
165
290
298
251
230
196
105
108
6
-42
-133
-159
-71
-7
-11
-8
-145
-147
-299
-284
-244
-365
-402
-355
-374
-423
-343
-399
-705
-778
-847
-885
-712
-609
-596
-479
-311
-196
-54
36
-12
-14
139
167
212
136
-127
-366
-471
-436
-358
-309
-369
-387
-427
-396
-279
-340
-433
-396
-321
-49
95
131
-84
-159
-287
-236
-229
-225
-281
-324
-290
-85
-1
-38
3
-54
-58
-32
-134
-180
-276
-374
-310
-274
-101
-80
-190
-299
-406
-313
-193
26
185
323
514
572
629
492
282
252
173
78
101
56
59
-11
-73
-157
-171
-173
-113
27
85
55
132
179
349
522
630
638
624
634
670
574
355
142
15
52
121
279
331
321
245
279
299
401
440
418
371
428
596
732
808
839
714
599
447
487
351
205
107
58
80
148
373
373
438
442
421
503
587
519
427
205
162
79
130
-86
-254
-288
-410
-440
-475
-376
-467
-607
-547
-550
-386
-287
-187
-184
-211
-285
-269
-232
-163
-154
-285
-200
-228
-131
-211
-313
-482
-484
-334
-212
0
-45
-83
-63
0
90
128
59
-9
-101
-155
53
207
292
298
249
218
294
306
51
67
-69
-45
86
138
157
105
26
-116
-89
-134
-36
19
-62
-117
-132
-144
-72
-210
-174
-298
-178
-82
-43
-42
-91
-258
-255
-353
-286
-311
-284
-264
-294
-307
-338
-429
-453
-400
-264
-124
-65
-1
-7
25
106
124
62
-70
-62
-245
-261
-217
-241
-200
-254
-236
-385
-370
-379
-345
-125
118
202
395
402
378
400
223
204
50
-114
18
-49
-164
-186
-281
-224
-16
-6
66
17
5
0
22
127
91
177
120
76
-11
-125
-208
-231
-229
-219
-230
-96
-23
-18
-51
-34
130
183
201
223
79
59
-59
22
15
-151
-172
-263
-306
-190
-176
-9
34
59
141
365
408
413
367
466
521
525
500
372
174
88
-3
-15
-22
3
-24
18
63
-9
156
172
218
220
184
236
206
161
72
27
2
0
99
145
264
245
339
255
390
388
398
312
317
296
429
402
331
211
137
116
226
191
134
23
-85
-105
-76
-163
-176
-238
-164
-203
-180
-60
78
179
103
67
60
75
64
40
-36
-229
-275
-369
-396
-458
-558
-597
-595
-529
-516
-383
-399
-366
-372
-443
-365
-359
-465
-429
-502
-443
-398
-334
-291
-268
-142
-102
70
53
185
297
342
393
435
414
335
188
75
-20
-183
-133
-100
-99
57
168
293
273
183
204
272
298
378
341
342
294
217
-44
-172
-259
-404
-420
-339
-332
-300
-345
-273
-302
-208
-217
-211
-143
-163
-171
-168
-271
-274
-329
-360
-380
-403
-418
-365
-273
-205
-193
-165
-127
-158
35
40
79
49
38
140
117
190
140
197
326
298
373
452
377
375
356
244
261
277
242
223
321
376
363
315
361
347
270
169
143
133
166
279
229
113
199
184
172
190
167
198
251
290
247
302
384
312
269
163
126
-4
-151
-334
-364
-473
-402
-261
-149
-15
2
26
89
98
77
138
225
205
162
84
-54
-151
-177
-196
-201
-131
-58
-78
-52
-11
71
83
149
187
339
269
168
59
-96
-171
-281
-229
-239
-210
-158
-308
-314
-241
-132
-20
55
115
228
201
213
246
130
103
-15
-50
-113
-145
-135
-159
-217
-249
-194
-132
-122
-176
-303
-360
-436
-378
-441
-477
-348
-278
-171
-192
-167
-237
-253
-217
-118
-62
60
48
71
0
46
97
71
51
131
150
149
192
181
138
164
296
343
381
343
332
255
247
170
191
247
185
160
155
161
283
350
250
217
174
224
234
287
183
91
5
-65
-93
-167
-295
-370
-453
-476
-518
-523
-505
-466
-430
-309
-283
-274
-352
-319
-318
-350
-261
-142
-132
-102
-135
-118
-22
15
183
201
138
88
51
36
16
0
-57
-159
-123
-27
-88
92
103
196
287
347
521
620
745
740
711
646
580
586
508
309
281
92
44
91
133
128
191
151
242
207
164
75
-64
-52
-64
-13
-122
-313
-442
-522
-603
-509
-448
-433
-396
-239
-179
-93
-49
-145
-201
-205
-274
-283
-325
-375
-363
-212
-93
-64
-124
-169
-259
-285
-340
-313
-301
-294
-246
-121
19
3
33
3
14
102
178
194
216
310
461
414
382
353
190
58
30
-36
-57
-73
28
54
132
233
388
410
446
372
338
291
363
296
296
163
120
79
66
-10
-56
-51
-58
15
83
138
123
176
213
287
281
180
2
-21
-48
-156
-175
-101
-12
47
73
60
102
-38
5
-36
-19
36
-104
-153
-161
-254
-260
-313
-299
-294
-161
-72
1
33
144
296
393
414
268
183
167
123
61
-127
-189
-313
-474
-453
-416
-406
-463
-412
-356
-274
-127
-28
-39
17
1
122
171
194
139
76
-45
-137
-132
-143
-174
-287
-352
-393
-358
-359
-395
-359
-417
-302
-211
-51
119
65
206
105
167
169
160
113
0
-62
-112
-135
-49
-137
-266
-286
-307
-197
-137
45
-56
24
28
87
152
227
33
-63
-84
-131
-59
-24
-167
-254
-304
-348
-161
-84
-142
-125
-267
-229
-203
-167
-221
-171
-153
-92
8
133
99
126
78
3
74
136
74
97
26
39
36
96
61
10
-50
-34
-22
-68
-9
141
293
443
535
694
591
672
646
599
570
584
445
437
324
291
292
390
280
232
228
190
216
271
227
165
145
121
75
108
61
61
49
105
210
244
259
271
301
283
272
277
230
181
117
-80
-189
-206
-248
-184
-151
-182
-131
-105
-60
19
72
165
207
297
441
505
509
504
354
316
164
131
43
2
-81
-73
-98
-68
-52
-85
-130
-108
-91
-45
32
43
-28
-48
-82
-11
-7
91
24
63
104
69
96
49
-121
-122
-107
0
-20
-65
-134
-262
-223
-292
-283
-245
-269
-316
-364
-374
-249
-240
-219
-265
-359
-431
-528
-676
-681
-761
-877
-810
-761
-647
-539
-570
-549
-444
-257
-261
-169
-209
-237
-271
-332
-256
-404
-536
-687
-716
-633
-663
-633
-636
-619
-563
-463
-238
-164
-38
-25
-78
117
303
410
419
385
321
287
310
297
207
221
216
176
145
71
-5
-168
-293
-254
-125
18
162
288
298
404
369
420
528
561
546
608
572
558
601
482
335
132
4
8
-32
-33
-142
-190
-138
-28
98
187
213
301
305
347
305
434
499
565
626
636
726
672
508
390
176
169
100
104
44
30
-76
-70
-118
52
167
235
205
273
284
368
419
356
238
229
193
191
218
128
0
-148
-190
-184
-44
75
15
76
40
14
-8
38
46
42
23
11
59
56
-29
-132
-227
-213
-195
-164
-149
-191
-115
-61
46
157
74
8
-125
-161
-133
-83
-68
-119
-167
-175
-142
-44
-146
-143
-91
-81
-120
-142
-248
-322
-360
-407
-361
-244
-301
-363
-435
-464
-449
-408
-362
-265
-193
-198
-172
-106
-106
-62
-5
-85
-78
-151
-161
-195
-279
-262
-346
-203
-152
-122
-90
-130
-129
-91
30
144
179
275
219
318
319
309
180
123
83
170
121
137
46
-63
-176
-186
-226
-225
-235
-233
-277
-281
-193
-118
-108
-7
63
40
66
102
162
141
130
121
152
226
333
353
241
193
188
220
171
171
113
141
141
89
79
6
-8
80
125
201
200
315
193
136
231
280
314
302
291
298
310
368
409
422
381
371
316
234
124
47
-92
-226
-135
-235
-201
-210
-183
-179
-129
-151
-143
-80
-17
-47
14
0
67
169
163
73
53
36
9
51
156
114
100
57
-33
64
47
104
92
110
106
205
158
137
66
0
-61
-148
-170
-168
35
77
143
219
243
218
157
132
190
141
145
89
44
-1
-19
30
42
33
-107
-207
-372
-484
-570
-677
-636
-662
-556
-651
-485
-494
-411
-289
-210
-189
-170
-168
-55
-124
0
-13
-41
-98
-242
-332
-367
-478
-423
-527
-518
-559
-582
-576
-587
-487
-466
-414
-338
-344
-332
-303
-171
-147
-151
-81
-110
-31
-140
-212
-227
-246
-164
-74
-62
-82
-200
-284
-338
-454
-513
-462
-356
-284
-167
-99
-91
-100
-147
-58
-17
19
88
160
212
238
318
329
221
295
237
278
307
276
332
370
290
414
430
500
477
451
462
445
416
428
482
487
502
471
469
502
440
449
368
343
334
338
483
492
466
496
433
473
520
472
505
509
510
485
474
404
290
131
55
32
-9
-22
41
125
161
234
285
287
246
241
286
265
347
279
277
203
201
198
190
173
57
23
-80
-50
-13
27
44
116
184
133
175
144
28
26
-19
19
65
48
36
21
-30
-17
3
-136
-201
-190
-239
-232
-152
-110
-107
-113
-143
-165
-235
-318
-348
-352
-350
-170
-93
13
8
-16
-99
-107
-203
-321
-385
-505
-518
-605
-638
-738
-633
-707
-652
-680
-616
-615
-557
-502
-353
-202
-37
19
3
-90
-49
-171
-247
-324
-384
-379
-429
-432
-460
-478
-449
-381
-286
-214
-223
-178
-225
-152
-139
-99
89
58
72
98
24
-11
-101
-90
-94
23
-41
50
83
133
199
151
52
60
-26
46
34
13
-15
-5
27
151
146
126
75
28
-4
-37
-48
-29
-19
0
30
60
58
151
218
260
327
347
465
517
475
526
507
410
365
195
30
-72
-188
-254
-247
-190
-136
21
-24
24
149
213
256
334
320
318
224
263
188
96
143
135
142
84
-13
-26
4
20
119
167
223
203
292
197
193
102
-28
-69
-110
-66
-84
-86
-66
-85
4
118
119
172
187
232
248
266
271
284
262
211
208
216
266
134
94
-27
-79
-87
-119
-148
-268
-250
-175
-126
-74
-64
-124
-117
-121
-124
-58
1
50
52
30
-60
-128
-219
-345
-418
-422
-447
-341
-309
-249
-247
-178
-201
-133
-138
-30
-34
26
-10
1
-36
-128
-220
-238
-298
-408
-509
-438
-408
-282
-259
-203
-115
3
39
66
67
26
56
14
-46
5
50
33
133
86
88
21
19
8
59
180
286
285
228
119
70
7
-2
-63
-30
-53
-157
-107
-167
-204
-172
-174
-112
-85
-84
-4
-76
-103
-24
-36
7
-22
-23
-48
-6
18
83
152
203
288
270
251
231
161
105
26
-45
-78
-75
-102
-194
-185
-118
-159
-56
-79
57
149
223
313
461
509
624
643
600
597
568
460
395
291
163
131
-32
-58
-136
-116
-164
-162
-252
-193
-139
5
81
193
273
372
443
544
499
503
438
365
385
208
151
90
-17
-169
-209
-237
-263
-238
-276
-313
-245
-242
-217
-131
-80
-28
-97
-128
-218
-256
-193
-163
-106
-69
-136
-244
-322
-348
-402
-426
-436
-379
-307
-312
-384
-349
-413
-439
-434
-403
-389
-446
-397
-389
-320
-167
-128
-79
-49
-50
-54
-82
-43
3
61
85
119
129
132
111
126
177
241
328
369
364
277
158
67
-10
-20
-24
43
30
58
67
25
30
-13
-41
-13
71
106
167
177
158
88
43
23
18
-18
-34
-134
-66
-190
-249
-326
-402
-461
-521
-560
-521
-415
-375
-309
-301
-226
-153
-66
-115
-44
5
122
169
263
263
271
207
208
107
23
-36
-35
-155
-150
-17
4
62
-25
11
14
-66
5
106
229
256
211
172
158
87
188
228
254
309
361
335
263
106
-37
-44
44
41
104
90
39
-12
-64
-130
-171
-137
-168
-159
-59
26
101
65
39
13
-15
-41
-56
-86
-150
-135
-137
-184
-200
-209
-296
-326
-289
-248
-195
-122
0
79
101
78
31
-16
-43
-102
-87
-33
-3
-18
56
13
-13
61
53
71
50
39
33
-16
-75
-39
-43
33
99
161
245
240
193
147
166
130
137
184
168
172
158
99
10
51
5
27
108
79
93
53
124
149
122
119
172
129
99
44
77
75
115
79
157
130
118
112
41
-14
18
-10
-2
48
-47
-100
-170
-157
-208
-214
-178
-222
-206
-206
-159
-191
-105
-73
-120
-187
-231
-302
-282
-263
-224
-142
-103
-68
-79
-34
-49
20
13
-32
3
-79
-100
-48
11
21
79
-4
-94
-239
-317
-335
-305
-308
-233
-103
-85
-43
-32
0
28
50
112
102
121
102
46
33
5
-53
-149
-206
-280
-343
-393
-380
-307
-255
-238
-310
-318
-440
-460
-447
-256
-154
8
102
229
306
369
316
310
290
216
218
82
35
-14
-62
-131
-174
-121
-124
-193
-123
-115
-10
53
68
76
100
129
206
208
308
314
342
363
313
354
261
213
176
156
165
164
99
67
47
30
-4
-51
-31
-62
-40
-2
85
125
98
110
138
164
129
120
155
174
169
211
171
163
89
65
63
105
91
71
19
0
-56
-153
-213
-280
-259
-291
-281
-247
-153
-78
-5
52
159
202
258
232
232
112
87
19
-42
-110
-175
-261
-368
-473
-471
-435
-395
-254
-176
-81
-21
-35
-39
-83
-64
-66
-45
-8
-49
-84
-170
-163
-230
-173
-101
-13
58
42
5
-2
-37
-26
-36
-19
-67
-104
-120
-223
-195
-259
-223
-240
-251
-252
-220
-254
-210
-234
-197
-106
-56
-19
66
87
88
153
146
147
212
293
345
357
290
274
175
32
-40
-151
-239
-280
-305
-304
-304
-220
-74
-30
104
131
265
377
435
504
527
606
632
599
545
506
444
289
148
-66
-74
-151
-180
-167
-140
-175
-151
-125
-81
-41
4
79
221
271
374
418
436
350
269
224
172
122
8
-93
-139
-177
-173
-103
0
60
112
127
230
246
299
346
328
374
384
328
269
180
53
53
42
49
132
153
227
249
245
316
387
390
424
449
464
419
378
259
198
126
29
-44
-114
-186
-206
-257
-284
-224
-230
-152
-219
-206
-192
-166
-145
-76
-9
2
34
-31
-38
-73
-70
-124
-134
-176
-209
-276
-338
-414
-480
-447
-519
-487
