5858
5856
5832
5998
5897
5643
5472
5288
5106
5059
5072
5192
5284
5324
5509
5682
5645
5584
5575
5920
6109
6148
6242
6295
6506
6478
6236
6019
6369
6791
6918
7118
7221
7316
7367
7427
7634
7653
7955
8402
8418
8459
8483
8406
8279
8017
7915
8101
8317
8528
8764
8959
9041
8836
8606
8351
8090
8084
8189
8383
8337
8293
8328
8252
8144
7915
7672
7711
8121
8390
8373
7866
7094
6517
5913
5698
5975
6483
6680
6694
6964
7028
7021
7324
7787
7902
7888
7798
7254
6900
7046
7010
6914
6822
6648
6352
6058
5851
5745
5970
6283
6194
5484
4809
4464
4099
4011
4292
4810
5445
5884
6067
5789
5180
4591
4197
3693
3727
4366
4882
5495
6087
6329
6256
5897
5816
6047
6282
6512
6557
6766
7026
7194
6980
6548
6179
6089
6170
6024
5585
5465
5679
5700
5680
5446
5197
4745
4461
4505
4521
4588
4542
4251
4131
4448
4528
4309
4047
3841
3707
3895
4156
4136
4206
4353
4418
4614
4655
4942
5457
5506
5677
5710
5686
5796
5869
6283
6748
6843
6854
6773
6942
7050
7044
7175
6986
6961
6842
6482
6092
5840
5590
5433
5122
4747
4699
4491
4307
4236
4277
4142
3749
3529
3491
3589
3386
2996
2753
2543
2489
2286
1931
1480
1065
682
484
378
-19
-419
-665
-923
-1347
-1501
-1216
-1171
-1310
-1337
-1726
-2141
-2035
-1927
-1950
-1556
-1347
-1198
-1113
-1209
-1214
-1352
-1199
-1120
-1419
-1692
-1494
-1548
-1397
-1590
-1776
-1638
-1850
-1511
-1860
-2262
-2243
-2302
-2564
-2578
-2298
-2261
-2350
-2518
-2639
-2936
-3155
-3004
-2791
-2884
-3180
-3167
-3303
-3711
-3753
-3882
-3764
-3568
-3510
-3343
-2945
-2794
-2884
-2789
-2668
-2638
-2788
-2715
-2466
-2242
-2100
-1818
-1372
-1316
-1436
-1165
-986
-905
-958
-805
-508
-348
65
353
769
872
569
375
409
650
605
382
156
251
676
825
657
404
432
857
1134
1415
1704
1869
1804
1593
1412
1413
1773
1957
2162
2806
3376
3565
3469
3605
4015
4255
4581
4856
5493
5870
5905
5784
5693
6168
6632
6903
6595
6043
5469
5519
5823
5040
4156
3701
3078
2982
2841
2096
2259
3201
3432
3354
3568
3612
3426
3401
3550
3527
3296
3235
3551
3631
3755
3991
4136
4346
4205
4062
4380
4902
5308
5401
5614
5717
5748
5736
5402
5580
5966
6200
6194
5909
5430
5186
5217
4976
4626
4404
4750
5224
5098
5144
5358
5126
4922
5075
5302
5041
4865
4903
4760
4811
4447
4450
5018
5137
5124
4819
4508
4459
4569
4644
4557
4207
3877
3465
3163
2982
2256
1787
1684
1520
1442
1499
1371
986
768
839
749
422
271
186
-52
-308
-560
-716
-882
-1156
-1341
-1871
-1878
-1617
-1886
-1981
-1857
-1577
-1617
-1458
-1130
-908
-819
-761
-421
-151
16
119
130
158
99
325
556
571
842
1261
1252
1188
1290
1046
1269
1307
1353
1327
1429
1257
693
583
74
42
417
654
479
261
357
238
509
816
960
922
1066
1100
898
1169
1214
589
98
377
575
1249
1372
1812
2302
2151
2432
2532
2650
2801
3027
3153
3469
3553
3515
3448
3252
3007
3037
3114
2894
2589
2808
3171
3160
2709
2550
2965
3176
3439
3415
3640
3938
3708
3435
3680
4410
4477
4526
4930
5455
6034
6281
6756
6587
6604
6851
6911
6952
6765
6710
7183
7653
7550
7387
7027
6620
6406
6088
5535
5332
4873
5007
5256
5153
5081
5031
5162
5007
4922
4783
4848
4933
5305
5444
5390
5718
5782
5602
5050
4759
4595
4659
5061
5429
5757
5889
5896
5727
5528
5204
5208
4966
4927
5271
5042
4920
5048
5144
5195
5154
5298
5273
5097
5005
4850
4580
4425
4213
4122
4381
4257
4156
4039
4254
4363
4446
4200
3922
4092
4384
4612
4523
4491
4465
4839
5041
5298
5381
5411
5591
5480
5379
5508
5773
6113
6212
6254
6016
5670
5729
5622
5067
5111
5438
5504
5653
5842
6130
5924
5765
5185
4834
4955
5200
5307
4991
4464
4363
4297
4139
4128
4042
4114
3757
3523
3060
2718
2564
2627
2633
2128
1780
1454
1065
823
535
102
-345
-797
-1684
-2673
-3286
-3601
-4079
-4385
-4219
-4249
-4144
-4028
-3454
-2771
-1973
-1272
-882
-675
-602
-928
-1435
-1160
-888
-961
-819
-233
-47
259
735
1093
1459
2050
2541
2637
2610
2966
3369
3421
3620
4007
4264
4258
4536
4711
4864
4785
4445
3759
3289
3268
3120
2526
1669
951
1060
1306
1028
650
141
-187
-384
-534
-802
-946
-1196
-964
-673
-507
-198
-151
-265
-171
98
350
526
846
1584
2171
2583
3069
3275
3557
3849
3891
3888
3727
3826
3599
3363
3261
3198
3372
3398
3157
2860
2763
2748
2519
2396
2561
2681
2636
2606
2476
2111
1721
1443
1464
1341
1046
673
682
651
346
264
297
272
-23
-57
105
-70
-304
-420
-448
-366
-198
238
740
1289
1665
1653
1421
1504
1623
1482
1379
1154
1205
1327
1359
1099
409
-309
-762
-938
-1194
-1706
-1873
-1754
-1788
-1917
-2080
-2020
-1913
-1807
-2028
-2228
-2406
-2775
-2866
-2780
-2651
-2584
-2671
-2900
-3166
-3382
-3514
-3710
-3843
-4003
-3911
-3937
-4174
-4254
-4501
-4796
-5186
-5460
-5675
-5888
-6191
-6516
-6642
-6581
-6606
-6682
-6894
-7029
-6992
-7303
-7258
-7146
-7229
-7135
-7266
-7353
-7269
-7245
-7104
-6781
-6475
-6449
-6579
-6674
-6611
-6519
-6400
-6195
-6249
-6352
-6349
-6326
-6415
-6516
-6482
-6311
-6007
-5765
-5605
-5558
-5543
-5532
-5171
-4689
-4334
-3892
-3554
-3320
-3246
-3288
-3219
-2839
-2246
-1624
-1130
-884
-859
-822
-854
-1061
-1222
-1464
-1761
-2099
-2452
-2829
-3225
-3575
-3709
-3829
-4182
-4419
-4678
-4640
-4380
-4272
-4213
-4163
-4159
-4305
-4234
-4076
-3897
-3865
-3827
-3752
-3919
-3960
-3936
-3937
-3874
-3820
-3800
-3750
-3814
-3772
-3642
-3522
-3360
-3235
-3069
-2881
-2567
-2136
-1664
-1050
-518
-117
61
13
-41
-228
-243
-25
397
617
523
624
806
1030
1262
1254
994
670
272
-301
-768
-1172
-1301
-1081
-949
-783
-541
-344
-150
-12
225
558
639
450
232
184
126
86
-97
-340
-546
-822
-1055
-1051
-978
-944
-832
-926
-1063
-1128
-1106
-1063
-1108
-1303
-1542
-1839
-2101
-2385
-2604
-2429
-2034
-1668
-1288
-808
-594
-542
-613
-583
-585
-881
-1116
-1355
-1780
-2308
-2649
-2600
-2349
-2137
-1925
-1803
-1632
-1483
-1431
-1084
-903
-1148
-1336
-1432
-1525
-1616
-1491
-1337
-1139
-1059
-1097
-1102
-1115
-943
-726
-376
-181
-312
-592
-937
-1222
-1520
-1978
-2474
-2889
-3156
-3472
-3832
-4039
-4188
-4257
-4276
-4397
-4627
-4944
-5351
-5790
-6327
-6776
-7162
-7561
-7829
-8067
-8326
-8612
-8889
-9102
-9315
-9575
-9944
-10424
-10756
-10749
-10206
-9289
-8689
-8465
-8177
-8259
-8662
-8800
-8687
-8485
-8229
-7896
-7502
-6936
-6917
-6902
-6970
-7216
-7136
-6913
-6612
-6526
-6248
-6175
-5971
-5993
-6033
-5767
-5415
-5060
-4955
-4839
-4692
-4369
-4404
-4077
-3578
-3351
-3072
-3058
-3261
-3638
-4085
-4460
-4949
-5307
-5638
-6209
-6967
-7845
-8506
-9047
-9391
-9714
-9798
-9288
-8645
-7668
-6747
-6321
-6118
-5789
-5147
-4872
-4365
-4008
-3891
-3706
-3778
-3741
-3837
-3932
-4004
-4193
-4419
-4526
-4759
-4935
-5189
-5489
-5814
-6402
-6914
-7244
-7380
-7438
-7354
-7389
-7447
-7470
-7551
-7535
-7394
-7222
-7141
-7172
-7493
-7967
-8267
-8312
-8269
-8078
-8025
-8066
-7951
-7822
-7721
-7633
-7589
-7611
-7462
-7223
-7041
-7088
-7253
-7336
-7285
-7314
-7538
-7893
-8326
-8630
-8912
-9211
-9460
-9692
-9954
-10203
-10503
-10801
-10998
-11189
-11347
-11488
-11730
-11880
-11900
-11956
-12066
-12193
-12333
-12574
-12781
-12971
-13208
-13368
-13454
-13414
-13149
-12760
-12451
-12479
-12758
-13079
-13331
-13395
-13283
-13118
-13120
-13206
-13264
-13193
-13001
-12940
-13253
-13773
-14211
-14605
-14898
-15060
-15135
-15078
-14931
-14829
-14846
-14853
-14587
-14207
-13716
-13228
-13018
-12857
-12655
-12678
-12657
-12307
-11753
-11225
-10769
-10488
-10457
-10394
-10512
-10667
-10688
-10695
-10743
-10859
-11097
-11409
-11638
-11725
-11766
-11721
-11628
-11703
-11847
-11923
-11829
-11714
-11677
-11537
-11444
-11444
-11455
-11607
-11764
-11956
-12058
-12155
-12453
-12734
-12914
-13069
-13292
-13449
-13489
-13547
-13720
-13878
-13962
-14062
-14041
-13967
-13819
-13513
-13107
-12732
-12408
-12179
-11981
-11782
-11592
-11343
-10946
-10548
-10167
-9874
-9679
-9432
-9292
-8962
-8664
-8437
-8071
-7556
-7045
-6709
-6674
-6819
-6987
-7112
-7051
-6910
-6934
-7244
-7538
-7653
-7846
-8128
-8435
-8890
-9208
-9466
-9702
-9845
-9817
-9650
-9425
-9292
-9446
-9809
-10261
-10694
-11050
-11230
-11197
-10892
-10631
-10656
-10672
-10625
-10558
-10467
-10338
-10176
-10133
-9916
-9489
-9085
-8865
-8807
-8620
-8330
-7977
-7637
-7286
-6897
-6562
-6390
-6397
-6469
-6469
-6155
-5647
-5057
-4513
-4117
-3899
-3989
-4284
-4470
-4456
-4304
-3994
-3717
-3601
-3516
-3598
-3912
-4172
-4255
-4304
-4390
-4462
-4557
-4583
-4588
-4704
-4839
-4890
-4917
-4883
-4833
-4854
-4984
-5179
-5334
-5519
-5738
-5942
-6152
-6343
-6541
-6720
-6805
-6689
-6317
-5857
-5326
-5000
-4925
-5027
-5242
-5351
-5411
-5404
-5455
-5597
-5847
-6144
-6345
-6535
-6771
-6917
-6915
-6875
-6792
-6661
-6483
-6203
-5759
-5262
-4674
-4072
-3577
-3122
-2695
-2319
-2152
-2176
-2316
-2497
-2622
-2769
-2865
-2890
-2990
-3015
-3014
-3013
-2979
-3021
-3054
-2984
-2782
-2390
-1942
-1595
-1277
-914
-538
-318
-266
-181
-128
-62
107
174
236
358
387
369
368
288
103
-82
-203
-342
-492
-562
-566
-500
-413
-350
-279
-135
26
135
338
607
835
991
1029
932
832
831
749
764
1033
1273
1366
1529
1877
2202
2467
2660
2670
2561
2416
2307
2290
2411
2520
2484
2257
1905
1626
1327
1020
860
856
866
826
724
542
392
220
37
-80
-204
-379
-629
-844
-900
-841
-708
-404
-120
-80
-482
-722
-1002
-1203
-1024
-831
-365
-300
-104
158
625
985
1143
1469
1767
1912
1756
1664
1338
1222
1197
1187
1190
1207
940
598
343
-84
-507
-997
-1432
-1736
-2013
-2289
-2506
-2783
-3026
-3363
-3652
-3776
-3752
-3822
-3767
-3540
-3569
-3651
-3633
-3617
-3520
-3234
-2957
-2533
-1975
-1419
-990
-578
-184
18
332
638
1026
1468
1768
1854
1682
1577
1496
1443
1463
1539
1491
1485
1454
1218
1079
937
710
506
296
62
33
84
73
105
94
-252
-479
-482
-493
-247
-48
-85
-155
-198
-237
-244
-265
-130
184
519
853
840
675
484
343
617
821
865
864
873
745
228
-381
-824
-1208
-1412
-1389
-1290
-1196
-1209
-1275
-1310
-1362
-1637
-1812
-1901
-1994
-2150
-2395
-2525
-2434
-2286
-1942
-1429
-1078
-924
-1083
-1133
-1379
-1658
-1723
-1525
-967
-492
-170
150
157
-319
-959
-1168
-1015
-853
-248
233
725
983
1045
1568
2350
2794
3123
3301
3357
3658
3714
4046
4426
4749
5108
5377
5665
5919
6013
6228
6358
6398
6452
6632
7092
7469
7657
7743
7791
7716
7793
7850
7801
7820
7908
7857
7913
7971
7990
8171
8594
8893
8833
8764
8625
8704
8713
8522
8445
8450
8349
8023
7567
7149
6860
6693
6862
7154
7223
7245
7344
7436
7549
7652
7833
8062
8311
8583
8708
8827
8793
8589
8369
8156
7901
7754
7717
7729
7799
7938
8076
7980
8029
8093
8205
8277
8198
8150
7852
7704
7743
7778
7999
8109
8074
8068
7905
7644
7431
7347
7339
7258
7185
7027
6628
6387
6416
6481
6617
6904
6967
6854
6834
6820
6850
6973
7304
7816
8209
8370
8508
8597
8592
8393
7925
7488
7173
6675
6185
5753
5396
5024
4684
4522
4246
3924
3614
3253
2987
2697
2487
2384
2143
1701
1171
897
587
239
36
-81
-150
-131
-86
-94
-273
-631
-1105
-1795
-2550
-3233
-3714
-3852
-3808
-3808
-3705
-3310
-2955
-2420
-1967
-1960
-1597
-1252
-1211
-1261
-1370
-1591
-1820
-1993
-2252
-2593
-2999
-3205
-3189
-3123
-3155
-3176
-3268
-3403
-3607
-4000
-4392
-4749
-5016
-5157
-5051
-4925
-4929
-5002
-5238
-5428
-5492
-5453
-5207
-4805
-4331
-3816
-3427
-3211
-3052
-2954
-2951
-2958
-2958
-3000
-3057
-3017
-2904
-2771
-2620
-2486
-2409
-2272
-2052
-1796
-1438
-1085
-736
-383
-169
-67
183
384
495
655
812
909
870
828
680
508
331
96
-107
-188
-204
-209
-263
-479
-781
-1086
-1308
-1372
-1089
-785
-579
-518
-606
-865
-1209
-1462
-1704
-1878
-2086
-2129
-2054
-2045
-2167
-2231
-2240
-2267
-2156
-1972
-1951
-2042
-2104
-2155
-2214
-2469
-2844
-3111
-3324
-3484
-3459
-3348
-3158
-3006
-2845
-2733
-2691
-2518
-2219
-1832
-1408
-951
-596
-335
20
317
523
737
1081
1428
1730
2111
2473
2921
3220
3287
3353
3483
3569
3680
3834
4004
4239
4618
4635
4411
4375
4230
4431
4859
5188
5376
5516
5569
5550
5765
6057
6320
6484
6552
6637
6790
7065
7221
7285
7309
7332
7300
7187
7143
7138
7229
7196
7252
7330
7124
6807
6395
6082
6027
6170
6331
6354
6377
6451
6622
6714
6738
6937
7383
7806
8023
7879
7839
7879
7945
8291
8607
9227
9616
9998
10098
9954
10157
10019
9690
9279
8716
8191
7589
7233
6989
6890
7015
7004
7129
7104
6989
6859
6756
6591
6473
6605
6733
6997
7313
7346
7376
7490
7489
7392
7224
7063
6763
6483
6349
6360
6291
6065
5897
5692
5429
5267
5292
5532
5696
5769
5998
6176
6137
5919
5540
5248
5109
4961
4868
4857
4837
4720
4542
4288
4228
4190
3975
3753
3584
3454
3295
3168
3071
2957
2698
2319
1880
1536
1344
1315
1436
1489
1336
1155
1129
1289
1508
1720
2010
2195
2211
2165
2150
2084
2078
2147
2167
2236
2372
2492
2500
2510
2542
2438
2145
1923
1832
1908
2103
2296
2681
3197
3887
4682
5353
6012
6464
6625
6610
6426
6153
5941
5881
6040
6387
6926
7551
7937
8418
8764
8763
8886
9136
9119
8835
8619
8579
8595
8598
8772
8666
8414
8443
8362
8265
8312
8348
8434
8512
8608
9065
9636
10381
11017
11363
11399
11221
11111
10945
10745
10650
10670
10660
10897
10968
11095
11278
11558
11818
11937
12091
12180
12237
12337
12345
12237
12273
12175
12297
12409
12421
12334
12226
11955
11412
11074
10878
10671
10365
10054
9558
9023
8740
8646
8550
8710
8893
9061
9348
9323
9211
9022
8926
8796
8811
9044
9382
9794
10022
10050
9951
9869
9786
9636
9473
9396
9253
9149
8981
8850
8810
8826
8914
9159
9340
9405
9610
9792
9955
10100
10168
10047
9796
9626
9601
9620
9657
9861
9937
9837
9778
9709
9660
9668
9830
9941
9928
9743
9501
9480
9619
9741
9907
9878
9857
9770
9634
9611
9466
9518
9660
9903
10115
10321
10519
10640
10596
10522
10554
10642
10569
10328
10059
9847
9800
9682
9480
9322
9054
8537
7940
7542
7478
7375
7281
7029
7131
7277
7400
7360
7139
7247
7345
7558
7467
7610
7709
7693
7821
7966
7943
7817
7838
7807
7757
7752
7845
7914
8180
8436
8787
9000
9082
9192
9340
9632
9855
9860
9722
9696
9504
9366
9082
8890
8907
9036
9325
9740
9804
9345
8986
8740
9049
9366
9670
9894
9864
10009
10031
10019
10033
10018
9919
9676
9384
9311
9341
9283
9281
9137
8753
8656
8893
9148
9372
9389
9224
8847
8345
8130
8013
8005
8287
8492
8788
9143
9260
9239
9078
8864
8660
8560
8688
8796
8716
8418
8221
7998
7771
7475
7288
7499
7694
8081
8317
8258
7847
7613
7571
7496
7684
7735
7508
7347
7285
7087
6855
6655
6661
6644
6467
6584
6820
6750
6481
6388
6633
6678
6558
6321
6101
6097
5856
5408
5210
5149
5009
4913
4685
4469
4439
4215
4091
4200
4288
4290
4154
3973
3789
3794
3845
3672
3559
3660
3764
3927
4039
4159
3894
3445
3196
3180
3243
3122
3123
3250
3450
3516
3476
3334
3164
2977
2933
3094
3226
3258
3338
3445
3344
3078
2863
2820
2915
3066
3337
3665
3636
3394
3114
2948
2796
2438
2239
2200
2115
2162
2296
2408
2760
3026
3038
3054
3076
3049
2937
2897
2721
2522
2414
2373
2521
2615
2524
2361
2127
1987
1961
1918
1735
1580
1598
1555
1522
1384
1224
1130
1007
872
899
909
972
1005
1037
1037
913
809
768
871
1136
1423
1583
1943
2243
2609
2824
3000
3229
3166
2959
2903
3046
3333
3488
3335
3156
2906
2861
2730
2460
2341
2214
2140
2151
2106
1756
1118
587
137
22
212
254
93
-36
28
194
351
374
505
710
796
622
348
257
253
335
375
327
211
109
149
122
-96
-263
-301
-255
-186
-56
301
655
773
743
677
703
888
988
1250
1501
1751
1829
1661
1755
1966
2217
2327
2452
2553
2749
3007
3209
3374
3541
3740
3891
4033
3949
3810
3828
4048
4242
4149
3887
3627
3388
3165
3051
2926
2851
2704
2264
1762
1315
962
733
704
783
921
945
998
1314
1654
2063
2410
2648
2854
3222
3498
3739
4117
4125
3710
3339
3142
2992
3181
3503
3814
3949
3848
3683
3503
3554
3691
3901
4112
4292
4378
4133
4112
4189
4237
4436
4515
4610
4632
4773
5097
5299
5253
5142
5296
5454
5459
5225
4941
4894
4887
4815
4817
4875
4890
4993
4895
4597
4399
4163
3930
3888
3931
3984
4018
4006
3960
3928
3994
4013
3970
3864
3751
3665
3554
3596
3787
3880
3838
3647
3388
3064
2815
2792
2740
2675
2603
2595
2692
2777
2649
2548
2273
1804
1559
1400
1287
1315
1238
1051
1070
1263
1380
1433
1492
1409
1440
1551
1640
1562
1294
945
749
530
479
477
506
646
723
610
482
637
863
1250
1325
1292
1024
702
453
-12
-336
-395
-370
-411
-741
-1311
-1893
-2148
-1991
-1673
-1354
-1257
-1108
-950
-878
-786
-686
-527
-134
210
461
600
767
1050
1210
1201
954
677
391
96
-137
-295
-506
-775
-1013
-1284
-1700
-2032
-2327
-2426
-2193
-1924
-1372
-770
-297
-103
-245
-345
-519
-655
-608
-622
-607
-480
-200
-26
-171
-288
-203
-264
-503
-597
-692
-901
-1216
-1655
-2053
-2225
-2376
-2688
-2996
-3306
-3662
-3812
-4035
-4445
-4636
-4684
-4569
-4483
-4340
-4168
-4169
-3915
-3742
-3578
-3498
-3310
-2871
-2647
-2545
-2389
-2222
-2159
-2095
-2206
-2096
-1923
-1911
-1874
-1661
-1473
-1323
-1245
-1152
-1070
-1135
-1235
-1231
-1067
-1097
-1057
-1005
-579
-111
133
196
255
248
93
-161
-467
-326
33
478
1041
1372
1407
1729
1796
1416
1198
1264
1049
744
572
321
190
130
88
-37
-127
-279
-478
-501
-484
-382
-125
-65
-152
-437
-940
-1404
-1792
-2037
-2284
-2512
-2720
-2902
-2889
-2858
-2913
-2994
-3042
-3220
-3462
-3639
-3625
-3578
-3674
-3609
-3591
-3628
-3632
-3629
-3491
-3310
-3212
-3277
-3343
-3375
-3512
-3754
-4145
-4451
-4733
-5085
-5293
-5380
-5397
-5383
-5433
-5561
-5759
-5905
-5952
-6037
-6183
-6424
-6740
-6963
-7206
-7460
-7594
-7691
-7738
-7823
-7872
-7922
-7836
-7660
-7514
-7310
-7060
-7054
-7352
-7677
-8013
-8304
-8494
-8524
-8554
-8502
-8466
-8513
-8612
-8720
-8622
-8438
-8212
-7983
-7947
-8113
-8365
-8508
-8474
-8405
-8295
-7946
-7645
-7519
-7481
-7707
-8013
-8147
-8067
-7892
-7615
-7389
-7087
-6766
-6538
-6484
-6660
-6892
-7119
-7305
-7776
-8276
-8710
-9233
-9676
-9960
-10014
-9595
-8852
-8327
-8109
-8175
-8488
-8770
-8687
-8386
-7952
-7423
-6772
-6209
-5824
-5407
-5208
-4935
-4339
-3842
-3403
-2867
-2459
-2101
-1952
-1905
-1911
-1954
-2064
-2184
-2208
-2200
-2035
-1995
-2021
-2035
-1994
-2071
-2207
-2146
-2020
-2026
-2229
-2412
-2644
-2803
-2744
-2764
-3053
-3418
-3706
-3840
-3817
-3779
-3567
-3506
-3460
-3251
-3182
-3051
-2794
-2573
-2482
-2421
-2384
-2428
-2555
-2614
-2679
-2709
-2685
-2613
-2392
-2162
-2037
-2005
-2086
-2280
-2590
-2899
-3100
-3228
-3238
-3094
-2969
-3024
-3054
-3216
-3425
-3621
-3854
-4017
-4034
-3874
-3619
-3307
-2958
-2701
-2687
-2811
-3122
-3250
-3265
-3196
-3007
-2890
-2784
-2717
-2613
-2489
-2262
-2052
-1893
-1847
-1904
-1956
-1942
-1955
-2019
-2040
-2034
-1928
-1887
-1839
-1740
-1637
-1498
-1448
-1522
-1549
-1516
-1449
-1315
-1147
-957
-684
-421
-272
-174
-177
-255
-259
-303
-457
-561
-468
-57
326
626
652
221
-547
-1523
-2148
-2217
-1748
-762
289
969
1285
1569
1955
2003
1982
2026
1951
1897
1870
1908
1972
1969
1947
2014
2013
2006
2099
2255
2154
2049
2028
1873
1681
1282
1136
1012
642
312
126
-23
-167
-198
-269
-271
-390
-527
-490
-403
-266
-161
-144
-119
-133
-234
-429
-777
-1202
-1569
-1747
-1722
-1708
-1847
-1960
-1867
-1752
-1811
-1723
-1417
-1173
-844
-310
92
211
332
367
324
289
274
320
338
281
359
791
1151
1302
1445
1371
892
584
274
-109
-392
-894
-1221
-1311
-1431
-1639
-1794
-1810
-1768
-1776
-1780
-1906
-2160
-2391
-2587
-2703
-2640
-2616
-2846
-2909
-2801
-2860
-3032
-3011
-2810
-2681
-2721
-2741
-2920
-3301
-3610
-3855
-3926
-3956
-3958
-3980
-4059
-4087
-4058
-4004
-3929
-3871
-3896
-3969
-4130
-4184
-4129
-4117
-4148
-4367
-4707
-4989
-5254
-5458
-5609
-5707
-5783
-5789
-5767
-5841
-5973
-6217
-6337
-6369
-6299
-6120
-5907
-5741
-5697
-5644
-5656
-5667
-5638
-5573
-5491
-5451
-5540
-5531
-5451
-5344
-5133
-4898
-4604
-4365
-4277
-4327
-4476
-4674
-4649
-4412
-4075
-3687
-3347
-3164
-3190
-3346
-3454
-3315
-3069
-2681
-2307
-2135
-2008
-1965
-1983
-2017
-2011
-1958
-1811
-1583
-1400
-1337
-1373
-1422
-1462
-1365
-1133
-942
-638
-273
-63
-91
-218
-144
17
136
311
494
714
888
1029
1151
1253
1421
1571
1834
1817
1853
1883
1846
1998
2144
2343
2585
2795
2839
2885
2580
2303
2245
2243
2485
2622
2570
2500
2364
2148
2040
2131
2309
2400
2373
2370
2279
2111
1932
1594
1276
971
673
403
117
-79
-172
-229
-204
-97
-95
-99
-145
-44
123
129
362
553
705
995
1061
966
868
739
463
114
-48
-159
-351
-558
-554
-539
-622
-706
-815
-945
-1040
-987
-835
-668
-690
-768
-882
-981
-925
-746
-624
-543
-680
-899
-926
-928
-752
-454
-194
-165
-453
-862
-1276
-1637
-1798
-1720
-1516
-1507
-1272
-1152
-1220
-1215
-1436
-1534
-1712
-1833
-2004
-2262
-2470
-2614
-2799
-3062
-3276
-3520
-3505
-3245
-3027
-2924
-2824
-2629
-2434
-2097
-1653
-1414
-1496
-1666
-1553
-1409
-1392
-1357
-1380
-1617
-1776
-1962
-2045
-1858
-1550
-1378
-1216
-1066
-1254
-1547
-1895
-1886
-1803
-1730
-1673
-1638
-1708
-1903
-1937
-2097
-2316
-2425
-2371
-2140
-1976
-1973
-1972
-1934
-1851
-1822
-1765
-1666
-1623
-1613
-1622
-1553
-1345
-1267
-1181
-1084
-1084
-1090
-1127
-1242
-1403
-1399
-1244
-968
-749
-566
-360
-117
107
291
318
273
332
445
636
682
721
762
672
597
472
430
526
628
766
838
894
881
750
587
557
630
646
691
676
600
458
520
847
1127
1303
1470
1708
1890
2038
2263
2519
2613
2640
2657
2654
2606
2593
2641
2766
2986
3190
3352
3274
3257
3224
3151
3178
3312
3468
3492
3545
3516
3499
3463
3426
3597
3844
4101
4245
4183
3949
3589
3474
3506
3855
4575
5224
5715
6169
6524
6701
6710
6759
7079
7464
7891
8327
8693
9121
9668
10126
10452
10561
10517
10330
10078
9767
9607
9694
9825
9966
9641
9186
8784
8438
8286
8538
9377
10059
10482
10768
10923
11015
11036
11088
11007
10824
10675
10546
10459
10467
10311
10059
9783
9540
9440
9290
9332
9316
9409
9460
9314
9345
9134
8895
8621
8402
8397
8442
8584
8858
9012
8960
9024
9169
9286
9294
9286
9310
9357
9394
9336
9191
9109
9097
9099
9280
9553
9741
9661
9527
9523
9351
9242
9287
9335
9395
9406
9268
9001
8799
8601
8600
8654
8514
8280
7984
7711
7263
6720
6366
6271
6308
6531
6753
7020
7207
7137
7164
7121
7041
6915
6798
6740
6721
6597
6399
6201
5964
6002
6254
6523
6537
6515
6466
6460
6543
6638
6932
7135
7132
6956
6822
6766
6716
6646
6634
6767
6995
7242
7352
7119
6797
6286
5784
5505
5237
5101
5102
5319
5255
5048
4894
4822
4974
5337
5699
6037
6378
6634
6808
6941
7173
7137
6895
6597
6380
6283
6330
6535
6698
6688
6741
6778
6748
6768
6732
6764
6856
7050
7110
6994
6936
7012
7116
7197
7294
7288
7224
7271
7142
6739
6315
6064
5702
5332
5046
4873
4669
4402
4357
4253
4098
3835
3576
3199
3050
3109
2981
2858
2888
2689
2825
3252
3631
4089
4200
4469
4516
4374
4168
3889
3647
3650
3679
3446
3297
3237
3308
3319
3221
3112
3073
3128
3270
3271
3248
3319
3417
3424
3445
3467
3474
3329
3107
2742
2266
2292
2365
2414
2372
2313
2109
1907
1895
1929
1887
1840
1938
1796
1609
1518
1545
1338
1129
1146
1083
1065
1008
842
553
138
-303
-772
-1196
-1543
-1862
-2082
-2077
-2064
-2048
-2087
-2098
-1991
-1989
-2031
-2078
-2278
-2601
-2776
-2932
-2963
-2953
-2859
-2761
-2790
-2783
-2853
-2857
-2702
-2397
-1996
-1586
-1568
-1645
-1445
-1355
-1230
-1050
-965
-943
-922
-904
-940
-848
-596
-303
-34
61
141
320
528
564
536
596
566
561
438
460
607
686
840
917
960
1032
1154
1386
1623
1822
1985
2049
2005
1860
1740
1481
1323
1233
1160
1078
869
637
394
327
414
637
768
850
929
727
330
62
5
320
718
1090
1479
1729
1962
2170
2496
3031
3483
3995
4700
5100
5273
5004
4674
4469
4299
4434
4600
4987
5536
6140
6619
6877
7032
7392
7686
7564
7386
7175
6967
6789
6767
6880
7050
7212
7307
7557
7859
8247
8487
8422
8304
8240
8479
8658
8952
9283
9520
9592
9625
9767
9708
9676
9397
8956
8355
7837
7663
7686
7618
7714
7905
7954
7961
7975
8046
8157
8228
8065
8018
7881
7797
7517
7324
7219
7009
6937
6529
6108
5776
5563
5456
5464
5405
5039
4466
4163
4383
4692
5066
5134
5083
5109
4912
4832
4711
4516
4412
4555
4775
4995
5065
5088
5152
5068
5204
5516
5711
5815
5987
5841
5642
5580
5355
5217
5184
4959
4435
3850
3654
3712
3901
4084
4344
4702
4982
5136
5065
5089
5203
5369
5422
5509
5554
5410
5128
4906
4820
4814
4858
4916
4943
4628
4352
4044
4018
4270
4414
4780
5025
5257
5393
5423
5858
6224
6424
6607
6626
6510
6277
5988
5758
5857
5899
5946
5780
5348
5293
5077
4916
4839
4920
5263
5298
5503
5551
5456
5393
5536
5544
5389
5635
5469
5429
5536
5626
5623
5440
5305
5148
5114
5054
4754
4422
4170
3801
3557
3370
3172
3176
3297
3630
3860
3584
3175
2615
1815
900
346
-190
-419
-283
-177
-69
-216
-794
-1609
-2303
-2862
-3107
-3017
-2921
-3037
-2832
-2822
-2859
-2900
-2890
-2906
-3058
-3203
-3404
-3305
-3081
-2554
-1816
-1268
-1044
-906
-917
-1297
-1738
-1567
-1214
-735
-280
-133
322
1090
1307
1002
913
594
336
199
445
561
713
1224
1264
1235
883
643
532
835
1220
1237
1652
1599
948
1000
936
809
1045
1392
1780
1849
1621
1080
980
501
-36
-149
-140
-239
-323
-515
-526
-204
-133
-47
-273
-678
-839
-740
-797
-997
-1235
-1462
-1317
-980
-939
-1052
-1253
-1308
-1418
-1494
-1384
-1246
-1122
-1073
-1286
-1539
-1635
-1876
-1964
-2094
-2097
-1744
-1506
-1535
-1408
-1166
-1090
-1113
-1386
-1481
-1462
-1427
-1112
-705
-418
-463
-354
-134
294
516
529
795
978
1313
1839
2195
2318
2388
2450
2481
2366
2218
2003
1765
1559
1544
1432
1363
1334
1133
896
600
509
624
811
912
1073
993
678
404
216
47
-135
-283
-276
-127
-117
-316
-787
-1251
-1645
-1928
-2245
-2465
-2457
-2315
-2241
-2199
-1962
-1942
-2012
-2016
-1990
-1888
-1962
-2136
-2020
-1606
-1289
-1337
-1451
-1699
-1903
-2059
-2102
-1992
-2052
-2140
-2362
-2535
-2552
-2626
-2862
-2821
-2721
-2717
-2702
-2781
-2696
-2384
-2013
-1714
-1373
-1199
-1154
-1180
-1258
-1368
-1449
-1439
-1576
-1855
-2187
-2196
-2323
-2704
-2972
-3144
-3214
-3301
-3083
-2940
-2952
-2969
-2765
-2509
-2451
-2459
-2584
-2469
-2384
-2550
-2675
-2914
-3085
-3238
-3575
-3674
-3638
-3360
-3065
-3002
-3320
-3898
-4462
-4810
-5041
-5041
-4615
-4060
-3442
-2905
-2648
-2513
-2454
-2269
-1904
-1864
-1554
-1387
-1444
-1491
-1695
-1890
-2024
-2070
-2126
-2051
-2120
-2287
-2356
-2300
-2336
-2541
-2698
-2723
-2689
-2696
-2909
-3247
-3562
-3764
-3962
-4210
-4233
-4241
-4332
-4525
-4669
-4632
-4657
-4743
-4827
-5078
-5184
-5044
-4879
-4784
-4698
-4515
-4530
-4691
-4780
-4913
-5056
-5035
-5026
-4905
-4639
-4414
-4338
-4454
-4764
-4982
-5138
-5124
-4983
-4877
-4808
-4847
-4700
-4777
-4812
-4881
-5068
-5176
-5312
-5497
-5772
-5952
-6056
-5792
-5626
-5590
-5513
-5842
-6278
-6612
-6793
-6802
-6802
-6710
-6615
-6543
-6450
-6520
-6538
-6523
-6591
-6624
-6661
-6806
-6993
-7091
-7199
-7324
-7501
-7516
-7508
-7665
-7991
-8504
-8988
-9299
-9361
-9310
-9344
-9354
-9268
-9488
-9860
-10193
-10348
-10381
-10336
-10103
-9948
-9875
-9928
-10099
-10312
-10454
-10540
-10560
-10604
-10798
-10915
-10994
-11106
-11162
-11298
-11519
-11691
-11858
-11966
-12066
-12078
-11909
-11815
-11945
-12222
-12387
-12513
-12531
-12398
-12293
-12318
-12467
-12690
-12785
-12776
-12719
-12605
-12421
-12305
-12218
-12145
-12301
-12333
-12377
-12206
-12059
-12100
-12181
-12355
-12392
-12435
-12524
-12614
-12617
-12616
-12673
-12684
-12657
-12733
-12810
-12797
-12953
-13291
-13617
-13793
-13826
-13994
-14077
-13885
-13623
-13297
-12939
-12647
-12465
-12180
-11728
-11527
-11433
-11323
-11250
-11310
-11474
-11457
-11402
-11378
-11307
-11140
-10975
-10747
-10499
-10257
-10198
-10239
-10171
-10072
-9961
-9975
-9914
-9733
-9459
-9166
-8868
-8495
-8103
-7698
-7359
-7109
-7155
-7241
-7316
-7650
-7879
-7875
-7637
-7431
-7388
-7391
-7461
-7585
-7823
-7793
-7449
-7100
-6885
-6840
-6929
-6981
-6965
-6961
-6865
-6484
-6003
-5588
-5063
-4852
-4923
-5057
-5251
-5576
-5912
-6140
-6224
-6221
-6128
-5922
-5831
-5760
-5893
-6019
-6008
-6044
-6122
-6082
-6114
-6225
-6322
-6493
-6545
-6547
-6477
-6401
-6420
-6568
-6718
-6850
-7138
-7477
-7830
-8207
-8545
-8824
-9047
-9168
-9166
-9180
-9374
-9696
-9859
-9836
-9646
-9341
-9143
-9138
-9336
-9552
-9522
-9230
-8788
-8620
-8668
-8608
-8616
-8490
-8250
-8113
-7927
-7723
-7703
-7883
-8002
-8053
-8240
-8253
-8215
-8230
-8114
-7999
-7823
-7797
-7954
-8195
-8340
-8291
-8178
-7918
-7463
-6976
-6623
-6718
-7295
-8092
-8812
-9364
-9650
-9550
-9179
-8616
-8424
-8310
-8009
-7766
-7588
-7438
-7285
-7175
-7129
-7152
-7324
-7535
-7900
-8243
-8562
-8786
-8852
-8980
-8927
-9123
-9392
-9502
-9488
-9602
-9500
-9240
-9145
-9080
-9143
-9140
-9144
-9120
-9043
-8890
-8752
-8601
-8486
-8461
-8424
-8359
-8448
-8763
-9123
-9400
-9502
-9515
-9541
-9545
-9561
-9567
-9520
-9389
-9273
-9332
-9409
-9404
-9460
-9393
-9311
-9302
-9323
-9362
-9414
-9496
-9479
-9451
-9475
-9571
-9653
-9823
-9903
-9872
-9797
-9649
-9541
-9381
-9176
-8907
-8576
-8335
-8086
-7962
-7858
-7763
-7760
-7773
-7734
-7681
-7702
-7575
-7493
-7279
-7118
-6887
-6643
-6595
-6404
-6229
-6180
-6197
-6050
-5771
-5614
-5558
-5493
-5494
-5721
-5787
-5770
-5808
-5483
-5115
-4771
-4611
-4667
-4835
-4869
-4698
-4508
-4204
-3856
-3734
-3709
-3826
-4006
-4147
-4314
-4316
-4511
-4735
-4954
-5100
-5090
-5036
-4951
-4941
-5010
-5146
-5311
-5441
-5520
-5567
-5658
-5889
-6215
-6559
-6935
-7244
-7190
-6972
-6786
-6682
-6603
-6381
-6180
-6037
-5855
-5618
-5398
-5380
-5405
-5212
-5048
-4759
-4383
-4319
-4185
-4084
-4159
-4209
-4046
-3836
-3671
-3624
-3856
-3990
-4039
-3976
-4087
-4100
-3933
-3860
-3841
-3934
-3995
-4123
-3923
-3656
-3298
-2898
-2678
-2472
-2389
-2070
-1554
-1058
-743
-693
-769
-994
-1072
-912
-796
-629
-387
-214
-205
-218
-390
-503
-400
-168
67
113
-28
-218
-463
-440
-206
-120
-182
-176
-25
-27
160
214
197
5
-236
-313
-106
447
869
1210
1441
1645
1806
1866
1979
2272
2609
3067
3525
3861
4013
4166
4161
3885
3571
3380
3472
3548
3676
3852
3860
3598
3072
2604
2609
2884
3074
3469
3917
4300
4961
5150
4974
4820
4626
4486
4336
4470
4509
4628
4797
4906
5196
5322
5283
5249
5177
5288
5422
5535
5752
5947
6172
6151
6174
6038
5752
5646
5602
5367
5120
5154
5108
4921
4640
4611
4742
4800
4793
4811
4626
4346
4259
4247
4049
3684
3661
3621
3340
3037
2911
2982
2995
2813
2770
2787
2648
2525
2593
2569
2359
2174
2014
1819
1367
980
845
714
652
845
846
567
319
120
-118
-243
-219
-34
284
605
1014
1355
1573
1811
1999
2256
2605
2860
2989
3001
3069
3248
3410
3460
3599
3585
3559
3401
3287
3395
3476
3680
3803
3692
3426
3337
3211
3153
3182
3463
3847
4219
4428
4544
4748
4831
4983
5198
5510
5771
5760
5666
5623
5485
5410
5345
5469
5524
5729
5712
5534
5687
5841
6017
6085
6284
6387
6504
6713
6863
7147
7413
7708
8054
8234
8263
8264
8249
8203
8325
8403
8604
8752
8804
8622
8224
8135
8025
7982
7864
7695
7423
7155
6915
6607
6338
6072
6065
6043
5970
5908
5890
5893
5829
5777
5713
5714
5784
5941
6036
6252
6585
6833
7141
7455
7745
7866
7880
8010
8010
8015
8072
8056
8004
7913
7861
7774
7858
8045
8223
8330
8443
8513
8453
8382
8215
8040
7892
7824
7889
8007
8127
8233
8228
8142
7969
7977
8162
8335
8444
8566
8586
8301
8147
8208
8122
8051
7987
7612
7206
6923
6786
6751
6835
6956
7073
7137
7156
7119
7121
7166
7046
6882
6673
6413
6130
5989
5930
5913
5976
6079
6136
6146
6275
6330
6270
6265
6231
6309
6333
6224
6169
6140
6315
6284
5997
5830
5804
5801
5713
5566
5464
5618
5748
5680
5504
5282
5219
5167
4889
4708
4650
4528
4391
4135
3958
3873
3903
4013
4173
4376
4429
4416
4552
4961
5319
5506
5586
5580
5418
5155
4939
4840
4826
4771
4775
4788
4728
4592
4439
4357
4419
4427
4374
4582
4914
5088
5053
4888
4644
4483
4323
4192
4245
4330
4384
4446
4343
4178
4080
3968
3759
3473
3191
2860
2594
2302
2326
2710
2904
2918
2943
2825
2782
2730
2638
2730
2900
2995
2975
2945
2909
3137
3356
3545
3663
3605
3473
3355
3259
3140
3219
3447
3755
3935
4011
4143
4148
4149
4249
4331
4401
4403
4407
4379
4312
4189
4153
4261
4396
4472
4367
4189
4035
3861
3693
3637
3537
3470
3274
3035
2829
2478
2264
2061
1900
1981
2043
2014
1897
1906
2154
2407
2448
2337
2351
2359
2494
2742
3060
3424
3622
3631
3531
3325
3170
3072
3005
3095
3152
3093
3032
2948
2799
2541
2118
1834
1822
1905
1751
1491
1072
682
545
530
503
349
293
396
565
609
438
319
245
234
420
510
610
731
828
736
438
179
26
-173
-217
-190
-77
141
187
331
386
419
518
607
726
772
819
977
1048
1026
888
593
185
-108
-190
-229
-93
-56
-156
-371
-444
-429
-584
-441
-284
-195
-259
-413
-451
-400
-283
-409
-633
-853
-1038
-1049
-953
-942
-813
-587
-503
-485
-605
-655
-505
-333
-117
-42
118
291
253
313
424
651
818
877
1035
1236
1472
1857
2204
2299
2284
2238
2181
2171
2178
2286
2308
2285
2410
2491
2664
2835
2809
2791
2839
2784
2882
3094
3426
4066
4728
5119
5281
5238
5159
5067
4887
4680
4599
4816
4975
4997
4803
4731
4876
4927
4711
4459
4341
4145
3926
3673
3403
3180
3010
2760
2459
2303
2208
2180
2225
2341
2601
2709
2889
3092
3249
3343
3302
3263
3343
3468
3511
3556
3500
3424
3345
3226
3150
3068
2959
2764
2645
2568
2217
1907
1619
1424
1295
1154
1014
830
550
174
-46
-121
-158
-286
-172
-94
-167
-75
-128
-215
-344
-486
-510
-521
-444
-377
-224
-18
92
93
5
-62
-59
158
236
266
290
43
-84
-51
-124
-420
-693
-933
-1165
-1369
-1516
-1612
-1616
-1489
-1372
-1305
-1423
-1624
-1686
-1602
-1318
-1019
-788
-451
-225
-197
-318
-246
-172
-142
-105
-123
-155
-172
-68
-38
63
131
182
161
128
90
118
307
359
381
510
529
471
440
368
273
162
5
-170
-279
-401
-384
-259
22
57
-71
162
444
708
830
824
834
777
694
628
451
278
136
44
3
41
93
286
544
710
748
589
366
186
153
37
86
-4
-121
-58
-146
-193
-303
-517
-531
-497
-586
-590
-415
-218
-110
-135
-405
-622
-652
-586
-667
-726
-844
-934
-676
-283
-14
111
151
-119
-450
-768
-949
-819
-633
-510
-409
-454
-652
-853
-1003
-1057
-1196
-1271
-1222
-1253
-1353
-1380
-1500
-1641
-1813
-2086
-2160
-2174
-2085
-1993
-2069
-2057
-1738
-1518
-1429
-1369
-1525
-1542
-1389
-1304
-1101
-995
-870
-729
-649
-592
-721
-488
-249
-276
-427
-469
-391
-243
-52
-71
-221
-353
-255
-145
-158
-342
-405
-90
230
377
452
495
735
1032
1220
1213
860
762
764
550
247
-78
-180
-132
-265
-628
-847
-863
-643
-280
-187
-194
-91
-70
-222
-46
297
407
567
611
693
746
589
484
425
325
134
-125
-305
-397
-490
-556
-744
-907
-842
-859
-896
-766
-777
-902
-891
-1032
-1084
-803
-912
-1214
-1477
-1552
-1493
-1724
-1919
-2137
-2092
-2083
-2514
-2812
-2876
-2990
-3118
-3073
-3239
-3350
-3271
-3321
-3225
-3220
-3622
-3842
-3751
-3468
-3265
-3373
-3600
-3839
-3944
-4102
-3987
-3735
-3347
-3051
-2992
-2982
-3015
-2955
-2912
-2706
-2570
-2394
-2428
-2537
-2703
-2730
-2417
-2148
-1868
-1617
-1536
-1621
-1561
-1672
-1840
-1899
-1959
-2185
-2490
-2848
-3107
-3193
-3330
-3400
-3591
-3445
-3273
-3449
-3389
-3451
-3771
-4063
-4309
-4293
-4075
-4088
-4221
-4208
-4214
-4005
-3764
-3821
-3941
-3877
-3857
-4000
-4007
-3800
-3765
-3850
-3864
-4007
-3997
-3912
-3683
-3556
-3496
-3460
-3382
-3205
-3186
-3107
-3027
-2975
-2954
-2917
-2976
-2999
-2962
-2621
-2418
-2496
-2464
-2611
-2885
-3050
-3210
-3487
-3529
-3728
-3859
-3744
-3714
-3658
-3336
-3271
-3542
-3582
-3706
-3793
-3620
-3237
-3074
-3136
-3162
-3085
-2910
-2827
-2938
-3035
-2958
-2676
-2230
-1869
-1537
-952
-424
-107
449
699
704
854
1002
1206
1242
1300
1434
1301
1283
1268
1294
1327
1036
977
1045
1119
985
715
510
450
489
252
-61
-173
-44
-166
-268
-130
45
117
-213
-459
-690
-736
-731
-919
-1086
-1269
-1322
-1469
-1418
-1416
-1477
-1490
-1412
-1429
-1377
-1258
-1339
-1273
-1104
-935
-1082
-905
-774
-857
-923
-914
-800
-831
-799
-724
-734
-972
-1224
-1494
-1791
-1914
-1905
-2148
-2306
-2233
-2145
-2121
-2146
-2213
-2322
-2330
-2476
-2577
-2669
-2928
-3021
-3212
-3288
-2996
-2686
-2696
-3102
-3271
-3119
-2925
-2752
-2416
-2232
-2166
-2047
-2228
-2383
-2316
-2141
-1892
-1821
-1834
-1794
-1709
-1726
-2023
-2325
-2252
-1978
-1934
-2043
-2214
-2328
-2287
-2083
-2050
-2081
-2177
-2313
-2345
-2205
-1754
-1714
-1947
-2035
-2250
-2528
-2790
-3032
-2909
-2666
-2578
-2562
-2570
-2625
-2593
-2377
-2228
-2051
-2148
-2470
-2708
-2713
-2811
-2905
-3027
-3301
-3266
-3131
-3081
-3021
-2729
-2371
-2136
-1904
-1751
-1936
-1976
-1864
-1782
-1902
-2061
-1988
-1793
-1863
-2178
-2392
-2589
-2782
-2788
-2431
-2185
-1969
-1724
-1656
-1770
-1964
-2079
-1969
-1722
-1413
-1276
-1283
-1325
-1271
-1232
-1189
-974
-821
-798
-893
-1039
-961
-1005
-1266
-1489
-1621
-1381
-1217
-1293
-1590
-1786
-1830
-1853
-1950
-2013
-2238
-2439
-2333
-2235
-2137
-2164
-2096
-2014
-1982
-2114
-2231
-2160
-2275
-2584
-2731
-2784
-2857
-2876
-2905
-2898
-3098
-3378
-3701
-3753
-3604
-3586
-3565
-3575
-3610
-3961
-4441
-4831
-4785
-4715
-5007
-5318
-5302
-5194
-5225
-5225
-5392
-5739
-6006
-6141
-6337
-6162
-5935
-5988
-6127
-5968
-5744
-5685
-5629
-5680
-5408
-5145
-4989
-5020
-5175
-5162
-5098
-5195
-5235
-5241
-5526
-5605
-5624
-5623
-5388
-5128
-5016
-4998
-4951
-4948
-5166
-5121
-4943
-4781
-4512
-4513
-4418
-4071
-3745
-3487
-3300
-3316
-3362
-3191
-2981
-2899
-2679
-2260
-1847
-1483
-1273
-872
-757
-1083
-1085
-885
-748
-833
-642
-256
43
-113
-175
-69
-149
-135
-125
3
51
-88
-281
-301
-389
-397
-279
-380
-604
-752
-595
-317
-210
-246
-425
-326
-138
-193
-371
-334
-199
68
346
541
609
551
416
169
190
469
827
1096
1394
1207
1081
1134
1511
1740
1620
1503
1300
1204
1012
1271
1597
1609
1682
2010
2118
1917
1592
1524
1488
1382
1186
1044
1052
1112
1389
1479
1345
1176
1195
1141
1273
1482
1613
1702
1791
1816
1676
1463
1460
1539
1580
1616
1470
1599
1077
137
-99
115
539
828
583
93
-360
-634
-839
-1143
-1155
-1218
-1234
-1165
-1558
-1842
-1751
-1652
-1360
-917
-677
-481
-461
-578
-650
-1032
-1153
-1192
-1155
-1006
-988
-1104
-1436
-1570
-1706
-1693
-1962
-2240
-2294
-2206
-2089
-2219
-2234
-2185
-2321
-2457
-2480
-2751
-2665
-2279
-1951
-1797
-1514
-1203
-1453
-1699
-1858
-2010
-2126
-2235
-2070
-1999
-2010
-2377
-2686
-2797
-3065
-3011
-3300
-3435
-3411
-3554
-3420
-3261
-3504
-3836
-3981
-3913
-3778
-3787
-3676
-3259
-2907
-3099
-3531
-3863
-3860
-3762
-3367
-3100
-2771
-2367
-2084
-1705
-1594
-1295
-1082
-818
-699
-883
-742
-561
-673
-750
-567
-394
-404
-673
-1111
-1135
-990
-905
-986
-1238
-1248
-1228
-1250
-1441
-1540
-1576
-1692
-1636
-1541
-1580
-1405
-1412
-1626
-1674
-1822
-1848
-1773
-1892
-2111
-2451
-2537
-2256
-2274
-2426
-2527
-2279
-1883
-1501
-1435
-1336
-1112
-1096
-1121
-1263
-1515
-1635
-1341
-1318
-1213
-909
-972
-1389
-1725
-2004
-2313
-2658
-2846
-2764
-2452
-2147
-2117
-2212
-2350
-2643
-2742
-2521
-2225
-1900
-1743
-1553
-1470
-1392
-1716
-1839
-1847
-1852
-1972
-2173
-1814
-1620
-1673
-1609
-1565
-1554
-1463
-1593
-1317
-1064
-1083
-1113
-1306
-1451
-1319
-1158
-1216
-1324
-1123
-891
-1015
-1308
-1696
-1733
-1556
-1531
-1583
-1694
-1597
-1216
-984
-853
-984
-1158
-1204
-1204
-1350
-1499
-1286
-853
-533
-280
267
578
456
8
-188
-388
-647
-514
-296
-119
-125
-145
-172
4
271
336
436
620
877
1245
1273
1198
1570
1961
2248
2574
2765
2832
3161
3245
3035
3053
3047
3046
3077
3145
3263
3523
3701
3647
3697
3801
3725
3813
4096
4184
4130
4253
4659
4942
4853
4404
4089
3768
3302
2886
2857
3000
3049
3403
3446
3227
3116
3035
3032
3291
3259
3015
3091
3180
3349
3437
3326
3241
3247
3417
3611
3652
3700
3653
3711
3614
3296
3189
3291
3456
3168
2859
2596
2407
2417
2239
2096
2026
1791
1575
1353
1237
1426
1619
1664
1731
1814
1529
1215
1174
1222
1210
1370
1654
2294
2825
2995
2872
2770
2731
2627
2475
1909
1882
1864
1618
1411
1367
1376
1303
1362
1319
1131
1103
1080
1088
1099
1166
1216
934
476
50
-139
-587
-941
-1347
-1431
-1391
-1561
-1727
-1633
-1405
-1286
-942
-1120
-1287
-1202
-974
-1052
-1187
-1164
-1084
-806
-966
-1262
-1481
-1548
-1356
-1036
-846
-806
-890
-1174
-1565
-1711
-1855
-1953
-2075
-2341
-2548
-2739
-2647
-2551
-2428
-2444
-2512
-2275
-2099
-1945
-1538
-1206
-1184
-1123
-1136
-1445
-1588
-1444
-1549
-1417
-952
-637
-388
-577
-790
-972
-1083
-1091
-1358
-1308
-1064
-1017
-1014
-1128
-1061
-935
-1142
-1279
-1428
-1837
-1971
-1929
-2398
-2576
-3110
-3575
-3190
-3097
-2937
-2835
-2819
-2934
-3259
-3524
-3558
-3419
-3610
-3458
-3096
-2933
-2637
-2614
-2777
-3054
-3056
-2816
-2717
-2828
-2823
-2775
-2847
-2644
-2581
-2667
-2592
-2364
-2335
-2583
-2689
-2347
-2107
-2182
-2513
-2784
-2948
-3240
-3576
-3745
-3837
-3949
-3789
-3762
-3731
-3724
-3595
-3335
-2991
-2665
-2667
-2576
-2209
-1906
-1700
-1694
-2002
-2112
-2089
-2070
-2132
-2236
-2259
-2298
-2202
-2270
-2580
-2551
-2602
-2532
-2518
-2598
-2581
-2797
-3037
-3606
-3844
-3819
-3616
-3438
-3301
-3301
-3238
-2984
-3154
-3247
-3517
-3743
-3851
-4044
-4088
-3956
-3821
-3839
-4011
-3871
-3741
-3696
-3459
-3410
-3563
-3770
-3888
-3869
-3607
-3420
-3202
-3067
-3099
-2944
-2556
-2561
-2841
-2856
-2770
-2439
-2067
-2010
-2304
-2620
-2649
-2670
-2642
-2371
-2243
-2301
-2417
-2424
-2410
-2335
-1970
-1679
-1683
-1843
-1927
-2056
-2206
-2469
-2694
-2582
-2324
-2027
-1937
-1803
-1550
-1408
-1495
-1878
-2085
-2206
-2517
-2759
-2812
-2616
-2348
-2081
-2045
-2370
-2665
-2642
-2575
-2586
-2428
-2388
-2503
-2445
-2461
-2381
-2121
-2006
-1963
-2136
-2112
-2078
-2227
-2252
-2248
-2011
-1828
-1776
-1582
-1679
-1549
-1301
-1388
-1316
-1309
-1389
-1753
-2320
-2711
-2953
-3036
-3147
-3184
-2813
-2461
-2582
-2770
-2863
-3184
-3442
-3444
-3276
-3093
-3146
-3279
-3484
-3659
-3705
-3875
-3787
-3622
-3602
-3736
-3966
-4066
-3838
-3437
-3130
-2598
-2385
-2628
-2969
-3214
-3324
-3200
-2881
-2443
-2093
-2017
-2066
-2057
-2126
-2447
-2501
-2370
-2158
-1763
-1739
-2032
-2044
-1785
-1719
-1964
-2155
-2150
-2138
-1859
-1541
-1560
-1502
-1352
-1393
-1670
-1912
-2029
-2031
-2216
-2280
-2136
-1971
-1975
-2016
-2000
-2295
-2549
-2493
-2476
-2537
-2454
-2276
-2092
-2079
-2291
-2801
-3054
-3147
-3276
-3475
-3486
-3321
-3069
-2737
-2760
-2862
-2861
-3091
-3645
-4064
-4282
-4624
-4818
-4475
-4124
-3904
-4035
-4230
-3949
-3765
-3839
-3858
-3715
-3640
-3548
-3397
-3527
-3778
-3950
-4004
-4212
-4624
-4706
-4784
-5010
-4863
-4671
-4706
-4776
-4749
-4758
-4976
-4948
-4742
-4675
-4687
-4648
-4729
-4981
-4725
-4423
-4180
-4082
-4285
-4380
-4212
-3852
-3876
-3761
-3586
-3726
-3755
-3694
-3659
-3671
-3687
-3527
-3521
-3814
-4226
-4297
-4049
-3764
-3385
-3300
-3307
-3175
-2994
-2859
-2845
-2510
-2089
-2136
-2117
-1919
-1972
-2023
-1850
-1727
-1610
-1336
-1006
-820
-665
-659
-777
-1062
-1429
-1452
-1109
-721
-689
-760
-968
-1154
-1264
-1249
-937
-626
-415
-241
-113
-282
-350
-130
209
452
393
486
738
918
974
976
1018
1035
1030
1062
1251
1384
1490
1923
2133
1989
2093
2485
2533
2141
1841
1327
951
532
245
484
831
1043
993
944
847
824
858
800
544
506
277
91
-3
-156
-400
-709
-838
-1075
-1328
-1738
-1911
-2079
-2361
-2638
-2893
-3312
-3827
-3902
-3957
-4148
-4165
-4103
-3778
-3323
-3085
-2873
-2843
-2813
-2525
-2244
-1940
-1757
-1668
-1465
-1359
-1559
-1856
-1964
-1694
-1406
-941
-319
-2
159
198
428
703
835
1069
1364
1514
1613
1342
1048
867
683
615
318
105
-23
-375
-590
-590
-644
-769
-679
-810
-1115
-943
-727
-648
-587
-751
-991
-957
-900
-594
-537
-817
-931
-840
-673
-831
-1220
-1514
-1609
-1683
-1726
-1626
-1668
-1663
-1358
-1329
-1474
-1726
-1816
-1629
-1700
-2046
-2221
-2265
-2412
-2580
-2759
-2947
-2901
-2781
-2872
-3064
-3219
-3200
-3351
-3560
-3398
-3004
-2886
-2805
-2677
-2400
-2313
-2591
-2541
-2441
-2147
-2057
-2180
-1976
-1601
-1633
-1701
-1513
-1408
-1159
-1124
-1325
-1559
-1352
-1061
-925
-781
-760
-880
-1035
-1061
-1249
-1582
-1740
-1820
-2037
-2221
-2161
-2033
-1948
-1831
-1964
-2020
-1926
-2165
-2311
-2020
-1486
-790
-665
-922
-929
-719
-537
-537
-422
-205
-30
166
183
391
446
356
657
747
739
708
589
202
-7
-43
-307
-518
-384
-80
141
217
475
523
668
705
273
73
-81
23
-158
-481
-368
-287
-351
-363
-506
-236
107
220
74
-214
-191
-216
-416
-766
-874
-707
-518
-498
-541
-479
-231
-192
-279
-301
-201
334
931
1159
1292
1483
1602
1768
1794
1874
2130
2176
2036
2040
2052
2044
1966
1755
1531
1371
1311
1464
1627
1804
2085
2192
2330
2399
2467
2790
3010
2952
2935
3042
3259
3388
3155
2959
3068
3226
3334
3070
2966
3298
3624
3567
3170
3004
3087
3389
3800
3936
3898
4071
4133
4052
3991
4281
4549
4488
4282
4038
3875
3806
3805
3684
3474
3135
2962
2864
2871
2756
2573
2737
2838
2832
2737
2701
2678
2581
2407
2205
1910
1697
1723
1724
1553
1278
1153
919
640
401
432
561
527
394
421
599
664
618
586
620
480
241
58
105
175
306
374
534
625
435
-135
-633
-815
-927
-808
-617
-248
-188
-288
-468
-668
-727
-683
-413
-201
-87
62
60
77
241
436
834
1219
1355
1412
1480
1550
1678
1901
2159
2548
2905
2908
2756
2726
2615
2457
2500
2370
2408
2649
2736
2697
2606
2326
2013
2006
2124
1889
1385
1228
1524
1607
1419
1320
1609
2111
2161
2385
2553
2447
2250
2309
2614
2766
2815
2946
3199
3204
3046
2966
3053
2965
2778
2922
3155
3172
3034
3138
3465
3592
3736
3587
3496
3388
2872
2553
2519
2549
2656
3047
3269
3493
3589
3401
3273
3213
3345
3472
3412
3192
2902
2701
2583
2486
2602
2699
2772
2543
2150
2010
1859
1461
1066
959
798
759
606
475
356
140
-117
-346
-78
142
241
500
676
721
708
737
964
1197
1398
1622
1701
1666
1682
1790
1793
1576
1463
1491
1557
1469
1203
1108
982
677
528
539
321
164
14
-451
-967
-1556
-2184
-2544
-2675
-2719
-2586
-2496
-2557
-2506
-2448
-2395
-2472
-2495
-2378
-2407
-2459
-2474
-2512
-2600
-2599
-2447
-2470
-2868
-3014
-2986
-3007
-2885
-2676
-2534
-2599
-2534
-2492
-2559
-2289
-1987
-1763
-1576
-1455
-1112
-850
-840
-1040
-1056
-811
-683
-585
-487
-335
-311
-411
-302
-20
208
579
940
1162
1404
1690
2086
2365
2566
2925
3148
3033
2890
2911
3156
3381
3537
3778
3918
3848
3796
3804
4006
4139
4007
3868
3916
3645
3338
3378
3323
3374
3375
3400
3213
3163
3293
3239
3043
2673
2327
2027
1673
1367
1212
1074
951
859
867
853
741
611
531
216
-117
-269
-540
-614
-517
-552
-537
-462
-435
-509
-597
-514
-496
-698
-823
-1022
-1175
-1160
-1126
-935
-818
-750
-770
-1015
-1368
-1642
-1780
-1901
-2121
-2499
-2627
-2531
-2548
-2542
-2491
-2594
-2655
-2569
-2588
-2730
-2906
-3041
-3209
-3441
-3572
-3534
-3479
-3403
-3180
-2760
-2372
-2124
-1958
-1907
-2051
-2176
-2157
-2259
-2139
-1533
-1144
-1247
-1474
-1582
-1548
-1481
-1229
-987
-824
-801
-763
-564
-510
-562
-531
-356
-270
-311
-361
-448
-460
-456
-593
-675
-838
-1373
-1838
-2006
-2275
-2464
-2444
-2508
-2433
-2222
-2313
-2653
-3068
-3498
-3863
-4035
-3830
-3514
-3113
-2609
-2448
-2460
-2427
-2305
-2181
-2181
-2153
-2100
-2061
-2192
-2313
-2449
-2724
-2800
-2626
-2521
-2468
-2412
-2459
-2374
-2320
-2457
-2603
-2644
-2680
-2786
-3100
-3474
-3708
-3739
-3568
-3708
-3800
-3670
-3592
-3405
-3279
-3271
-3151
-2911
-2815
-2783
-2837
-2781
-2758
-2817
-2699
-2497
-2202
-2174
-2082
-2136
-2308
-2413
-2599
-2669
-2820
-2895
-2862
-2674
-2488
-2365
-2311
-2359
-2655
-2934
-2961
-2955
-2850
-2458
-1653
-1217
-1028
-886
-895
-958
-1042
-1087
-1211
-1163
-1215
-1287
-1510
-1726
-1830
-1834
-1861
-2167
-2343
-2547
-2794
-3100
-3201
-3162
-3174
-3212
-3181
-2840
-2826
-3132
-3280
-3272
-3161
-2873
-2528
-2259
-1965
-1974
-1883
-1566
-1252
-949
-784
-850
-1056
-1228
-1332
-1404
-1495
-1669
-1849
-1795
-1868
-1988
-2261
-2651
-2898
-2949
-3105
-3246
-3170
-3201
-3193
-3273
-3333
-3232
-3203
-3175
-3151
-3186
-3419
-3664
-3806
-4198
-4403
-4247
-3945
-3862
-4003
-4184
-4315
-4445
-4669
-4857
-5012
-5037
-4954
-4840
-4624
-4424
-4372
-4257
-4135
-4028
-4009
-4229
-4529
-4715
-4764
-4793
-4769
-4662
-4679
-4587
-4443
-4425
-4695
-5055
-5253
-5467
-5556
-5719
-5769
-5801
-5733
-5730
-5709
-5565
-5514
-5545
-5825
-5862
-5771
-5710
-5549
-5393
-5351
-5308
-5491
-5557
-5564
-5456
-5187
-5349
-5538
-5812
-5902
-5783
-5691
-5679
-5650
-5283
-5216
-5319
-5370
-5542
-5816
-5943
-5950
-6022
-5871
-5788
-5526
-5324
-5032
-4877
-4854
-4896
-5081
-5047
-5148
-5076
-5112
-4926
-4571
-4405
-4443
-4644
-4580
-4354
-4280
-4281
-4061
-3706
-3511
-3630
-3891
-4052
-4121
-4221
-4246
-4272
-4259
-4147
-4098
-4164
-4305
-4245
-4086
-4023
-3956
-3873
-3861
-3934
-4027
-4225
-4401
-4422
-4330
-4097
-3810
-3549
-3453
-3428
-3317
-3267
-3066
-2920
-2863
-2619
-2449
-2171
-1872
-1864
-2090
-2448
-2674
-2967
-3414
-3725
-3869
-3824
-3895
-4022
-4078
-4275
-4375
-4452
-4615
-4860
-5224
-5388
-5532
-5710
-5649
-5720
-5927
-6210
-6449
-6651
-6661
-6411
-6515
-6702
-7002
-7246
-7445
-7757
-8069
-8418
-8649
-8878
-8771
-8514
-8232
-8036
-8013
-7921
-7877
-7807
-7736
-7822
-7821
-7605
-7569
-7616
-7544
-7308
-7124
-6851
-6341
-5978
-5850
-5806
-5639
-5609
-5827
-6155
-6266
-6383
-6566
-6601
-6852
-6897
-6793
-6735
-6618
-6394
-6146
-6110
-6254
-6514
-6597
-6764
-6871
-6809
-6698
-6508
-6360
-6292
-6173
-5902
-5640
-5235
-4791
-4457
-4282
-4293
-4159
-3911
-3889
-3820
-3722
-3701
-3481
-3310
-3349
-3343
-3255
-2989
-2824
-2864
-2699
-2539
-2392
-2105
-1724
-1507
-1628
-1785
-1616
-1343
-1172
-905
-645
-556
-693
-896
-1073
-1046
-1089
-1127
-990
-1009
-1068
-1069
-1133
-1215
-1149
-1084
-880
-616
-511
-329
-11
141
118
16
42
77
226
507
560
494
270
49
-7
107
98
245
290
-67
-465
-888
-1113
-1097
-1094
-1126
-1256
-1389
-1300
-1229
-1291
-1502
-1590
-1606
-1469
-1250
-957
-729
-681
-642
-503
-216
-70
93
182
148
-30
-43
-162
-296
-362
-406
-207
-191
-252
-400
-519
-698
-867
-952
-1032
-1246
-1664
-1910
-2045
-2070
-1895
-1676
-1586
-1676
-1862
-1755
-1517
-1513
-1554
-1689
-1900
-1882
-1821
-1859
-1937
-2128
-2213
-2467
-2742
-2921
-3168
-3201
-3187
-3147
-3011
-3034
-2987
-2661
-2431
-2347
-2574
-3201
-3740
-4119
-4472
-4675
-4769
-4966
-5130
-5350
-5667
-5904
-6084
-6046
-6011
-6052
-6177
-6122
-6198
-6376
-6317
-6328
-6333
-6521
-6731
-6792
-6713
-6643
-6539
-6416
-6364
-6558
-6635
-6467
-6335
-6240
-6284
-6213
-6254
-6371
-6331
-6106
-6036
-5896
-5783
-5762
-5670
-5691
-5797
-6013
-6113
-6235
-6256
-6170
-6069
-5879
-5739
-5819
-6025
-6204
-6249
-6263
-6188
-6004
-5722
-5531
-5664
-6044
-6511
-6802
-7043
-7310
-7628
-7979
-8146
-8225
-8215
-8209
-8341
-8362
-8410
-8251
-8071
-7985
-7861
-7755
-7474
-7126
-6862
-6529
-6320
-6366
-6391
-6287
-6158
-6033
-5830
-5762
-5804
-5978
-5974
-5805
-5485
-5106
-4802
-4562
-4504
-4480
-4546
-4441
-4404
-4372
-4255
-4233
-4067
-3937
-3805
-3619
-3581
-3536
-3447
-3462
-3472
-3364
-3246
-3293
-3587
-3859
-3984
-4067
-3987
-3979
-3890
-3771
-3829
-3732
-3583
-3388
-3138
-2926
-2735
-2588
-2465
-2458
-2405
-2285
-2214
-1941
-1634
-1359
-1237
-1208
-951
-581
-234
80
205
123
81
105
228
329
483
589
540
526
594
699
623
605
840
1162
1418
1551
1624
1744
2003
2244
2381
2514
2671
2796
2913
2896
2844
2797
2694
2484
2221
2107
2021
1844
1621
1432
1354
1566
1843
2160
2203
2078
2080
2147
2345
2556
2835
3018
3111
3087
3176
3349
3559
3838
4079
4326
4500
4642
4859
4984
4915
5036
5351
5835
6320
6654
6909
7011
7012
7126
7576
8195
8627
8799
8863
8837
8829
8759
8729
8845
8872
8843
8632
8525
8327
8165
8261
8217
8319
8435
8467
8432
8210
7934
7699
7602
7529
7532
7722
7857
7930
7891
7883
7841
7868
8058
8343
8626
8779
8811
8665
8547
8460
8401
8387
8487
8431
8293
8094
7924
8024
8164
8493
8828
8905
8913
8673
8270
7917
7536
7183
6808
6471
6130
5983
5903
5687
5461
5313
5083
4876
4923
5055
5165
5369
5577
5646
5717
5717
5889
5864
5725
5607
5464
5235
4791
4601
4647
4585
4478
4411
4173
4019
3949
3919
3704
3451
3429
3554
3603
3580
3511
3446
3437
3529
3875
4124
4504
4927
5328
5610
5606
5460
5197
5070
5065
5143
5307
5439
5416
5227
5023
5009
5173
5241
5229
5390
5719
6008
6167
6153
6083
6015
5803
5572
5545
5594
5815
6159
6263
6179
5793
5350
5120
5001
4969
4940
4970
4972
5085
5091
4974
4826
4567
4440
4451
4486
4499
4666
4983
5299
5574
5907
5855
5879
6210
6442
6549
6597
6683
6864
7086
7193
7167
7099
7227
7212
7014
6788
6838
6859
6821
6729
6666
6739
6698
6693
6652
6666
6607
6521
6599
6741
6964
7213
7338
7405
7480
7542
7579
7561
7611
7682
7606
7525
7524
7765
7841
7699
7640
7604
7559
7441
7220
7328
7537
7372
7409
7752
7918
7839
7888
7828
7679
7731
7963
8053
8040
8097
8209
8333
8495
8730
9007
9303
9542
9679
9576
9560
9598
9755
9989
10060
10027
9933
9641
9414
9422
9544
9702
9725
9663
9457
9294
9262
9281
9332
9152
8784
8672
8497
8284
8121
8137
8425
8707
8834
8896
8869
8871
8953
8866
8868
8887
9206
9515
9663
9762
9677
9736
9821
9786
9839
9937
10125
10262
10298
10352
10420
10434
10239
10222
10409
10604
10838
10856
10583
10269
9873
9391
8996
8796
8612
8571
8698
8696
8546
8525
8612
8712
8784
8580
8347
8077
7888
7947
7866
7607
7404
7394
7425
7378
7472
7709
7867
7969
8126
8197
8248
8329
8391
8599
8784
8798
8804
8803
8996
9241
9204
9143
9031
8840
8694
8544
8203
7867
7578
7271
7087
6650
6324
6136
5993
6060
6027
6004
6057
6088
6040
5872
5800
5730
5738
5757
5693
5873
6094
6095
5948
5614
5280
5165
4894
4717
4673
4823
4928
4915
4895
4838
4725
4548
4555
4483
4534
4440
4332
4265
4343
4537
4618
4781
4863
5050
5254
5631
5994
6297
6721
6913
6940
7099
7318
7465
7620
7822
8080
8235
8306
8417
8543
8411
8380
8396
8318
8350
8455
8585
8541
8510
8400
8321
8190
8176
8223
8239
8190
7953
8045
8120
8021
7910
7876
7995
8168
8465
8514
8502
8578
8646
8659
8696
8930
9147
9377
9338
9170
8981
8670
8425
8236
8141
8010
7924
8115
8268
8361
8038
7577
7358
7156
7180
7150
6973
6965
7034
7148
7396
7512
7692
7929
8078
7999
7916
7850
7728
7675
7618
7717
7962
8298
8462
8452
8393
8344
8399
8228
7993
7908
7809
7772
7848
7900
7731
7528
7472
7400
7080
6681
6389
6141
5887
5545
5277
4856
4369
4137
3836
3660
3415
3230
3144
3095
3103
3051
2987
2904
2834
2873
3064
3220
3263
3154
3044
3031
3190
3348
3569
3827
4017
4139
4180
3974
3806
3817
3697
3320
2995
2744
2641
2727
2875
2991
2805
2736
2752
2640
2401
2361
2622
2788
2910
3083
3096
2945
2772
2723
2529
2444
2357
2353
2533
2468
2440
2483
2665
2686
2742
2725
2543
2653
2833
2955
2843
2544
2368
2250
2202
2263
2377
2562
2581
2674
2906
3117
3218
3224
3251
3182
3184
3159
3181
3139
3074
3150
3169
3193
3306
3308
3119
2863
2605
2630
2652
2487
2370
2269
2329
2708
3149
3340
3349
3292
3275
3280
3320
3495
3746
3888
3880
3912
4099
4254
4446
4562
4510
4452
4279
4008
3823
3818
3705
3663
3586
3418
3269
3067
2903
2815
3042
3169
3091
3287
3513
3798
4110
4206
4160
3934
3594
3380
3205
3311
3598
3699
3809
3789
3745
3798
3798
3567
3454
3469
3550
3646
3754
3711
3496
3192
2861
2996
3309
3435
3566
3655
3729
3775
3740
3740
3749
3838
3897
4005
3928
3827
3758
3819
3806
3641
3473
3320
3561
3923
4053
3893
3666
3574
3552
3538
3451
3342
3345
3403
3567
3695
3783
3903
4062
4031
3962
3896
3850
3845
3801
3790
3607
3481
3449
3337
3324
3521
3797
3729
3580
3681
3597
3650
3896
4179
4357
4744
5242
5462
5400
4926
4634
4402
4237
4262
4154
4136
4338
4410
4310
4406
4452
4501
4706
4684
4739
4893
5112
5292
5197
5181
5129
5046
5072
5099
5120
5168
5183
5100
5140
5223
5166
5097
4802
4607
4719
4666
4642
4630
4317
3952
3538
3124
2970
2904
2932
3198
3474
3623
3637
3362
3155
2993
2898
3065
3559
4102
4312
4509
4694
4669
4725
4837
4727
4764
4914
4980
4758
4432
4087
3772
3592
3674
3804
3747
3757
3751
3730
3585
3418
3344
3475
3458
3444
3496
3622
3734
3799
3958
3903
3873
4011
4122
3997
3761
3407
3223
3205
3273
3161
2998
2904
2784
2707
2577
2388
2217
2331
2378
2591
2863
3038
2945
2713
2754
2856
2986
3004
3042
3025
3029
3043
2922
3028
3336
3274
3263
3365
3230
3178
3168
3144
2923
2737
2418
2118
2194
2290
2234
2137
2208
2302
2509
2844
3003
3025
2925
2941
3028
2994
2941
2702
2463
2141
1861
1658
1540
1685
2149
2359
2396
2496
2502
2580
2688
2756
2672
2630
2634
2892
3046
3322
3506
3563
3534
3591
3715
3484
3377
3586
3984
4370
4839
4959
4846
4625
4442
4324
4257
4027
3697
3559
3640
3543
3344
3233
2884
2663
2369
2324
2489
2530
2385
2129
2033
1992
2072
2172
2448
2567
2356
2259
2233
2076
1817
1728
1513
1220
961
968
1019
897
752
759
833
659
521
276
193
294
362
210
-19
-234
-521
-607
-404
-315
-394
-522
-613
-803
-1146
-1327
-1414
-1319
-1248
-1045
-705
-662
-831
-886
-915
-934
-827
-685
-664
-689
-694
-686
-666
-458
-285
-264
-207
-423
-614
-762
-955
-1274
-1413
-1267
-1073
-911
-912
-796
-580
-190
186
394
644
838
1085
1481
1483
1500
1740
1666
1679
1707
1571
1545
1724
1906
2044
2109
2259
2524
2553
2433
2132
1681
1340
945
586
364
229
297
449
369
193
310
506
706
573
431
214
-156
-256
-185
-80
143
440
318
260
233
239
168
11
-116
-170
-34
15
150
180
275
418
289
229
318
264
23
-14
298
659
804
763
662
711
1132
1391
1498
1674
1819
1813
1644
1487
1386
1406
1494
1605
1620
1381
1030
1140
1215
1196
1361
1405
1216
920
741
396
69
-25
-29
38
90
95
-130
-441
-488
-478
-446
-357
-336
-249
59
155
-6
11
59
-10
74
466
792
984
1234
1588
1650
1384
958
614
750
1028
1138
1082
1142
1182
1151
964
720
622
640
706
814
779
749
930
1110
1324
1412
1397
1133
874
469
212
310
384
431
288
100
0
101
82
-50
14
-117
-163
-69
25
41
126
509
595
671
818
647
110
-306
-655
-773
-559
-505
-693
-887
-908
-877
-707
-799
-928
-818
-954
-932
-654
-396
-177
73
357
347
326
445
359
314
476
540
664
680
781
910
993
1003
1059
1159
1059
1097
1057
968
927
967
858
829
723
559
481
457
512
660
793
653
434
48
-233
-507
-732
-986
-1119
-896
-380
-15
61
265
489
570
438
248
126
146
248
192
39
135
272
349
406
445
469
476
333
395
346
79
131
246
326
113
-199
-386
-493
-534
-467
-523
-805
-1122
-1220
-1261
-1434
-1613
-1607
-1612
-1808
-1936
-1984
-2018
-2003
-2054
-2274
-2225
-2180
-2242
-2058
-1729
-1538
-1428
-1332
-1158
-1061
-1070
-938
-987
-997
-1030
-1078
-968
-763
-554
-372
-161
-118
-115
123
463
758
775
513
495
369
299
442
563
764
842
999
1203
1176
878
706
538
469
523
437
578
618
595
611
525
466
443
286
121
12
-36
10
-78
-132
-255
-417
-353
-214
-235
-153
-19
-184
-164
-12
23
175
182
94
134
193
400
774
1002
1142
1379
1481
1435
1351
1214
1111
1127
1127
956
837
768
712
885
1176
1354
1341
1186
969
894
978
1014
973
941
849
731
666
390
-98
-380
-232
-89
-195
-423
-489
-335
-136
107
196
151
121
196
301
329
207
5
-77
-27
5
-100
-202
-264
-324
-398
-633
-824
-720
-597
-761
-1014
-1174
-1183
-987
-875
-1031
-1411
-1579
-1303
-859
-648
-606
-528
-284
137
223
198
271
387
579
609
619
645
534
607
650
436
439
444
280
205
210
119
37
209
279
198
-5
-377
-402
-345
-412
-353
-356
-312
-209
-253
-297
-292
-260
-128
-64
-12
87
167
287
383
626
965
1143
1042
864
790
638
611
684
772
785
648
642
693
665
508
354
379
263
-11
-32
226
595
776
899
1003
812
630
603
761
1099
1537
1739
1792
1738
1708
1964
2197
2296
2282
2375
2389
2227
1874
1776
1877
1881
1935
1834
1791
1622
1466
1421
1509
1646
1523
1411
1424
1499
1404
1335
1443
1517
1376
1429
1518
1493
1642
1647
1539
1593
1758
1811
1820
1615
1379
1251
1230
983
661
481
23
-322
-437
-360
-159
-86
-224
-397
-564
-705
-757
-733
-541
-422
-357
-154
-39
-22
-23
-168
-252
-220
-9
499
895
1195
1501
1454
1285
1149
1000
843
724
640
625
730
805
751
682
813
743
555
573
525
464
576
700
773
754
722
857
1039
1148
1212
1192
1079
1107
1311
1609
1978
2224
2400
2340
2137
1911
1690
1470
1179
1062
864
754
744
770
925
993
943
910
868
760
754
745
851
1064
1219
1476
1634
1724
1927
2293
2627
2815
2842
2941
3099
3153
3425
3673
3770
3692
3527
3460
3359
3150
3065
2973
2858
2871
2850
2603
2474
2556
2505
2576
2844
2917
2899
3037
3190
3449
3650
3725
3793
4050
4039
3820
3748
3629
3733
3760
3602
3605
3649
3646
3716
3624
3451
3300
3274
3270
3307
3870
4373
4544
4621
4979
5378
5394
5306
5205
5225
5271
5235
4955
4718
4699
4994
5329
5403
5504
5630
5749
5938
6129
6205
6369
6563
6690
6753
6816
6858
6847
6667
6586
6594
6439
6275
6227
6302
6259
6242
6136
5940
5839
5782
5729
5665
5792
6037
6157
6095
5911
5713
5520
5456
5593
5706
5802
5766
5660
5539
5532
5738
5835
5999
6004
5902
5650
5363
5205
5115
5084
4982
4970
5028
5314
5402
5295
5174
5192
5290
5235
5051
4832
4920
5088
5202
5410
5692
5825
5882
6087
6151
6003
5873
5716
5527
5500
5472
5232
5058
4855
4696
4307
3959
3802
3719
3980
4239
4382
4369
4382
4326
4487
4561
4392
4380
4306
4271
4302
4315
4357
4416
4593
4734
4692
4617
4343
4073
4092
4131
4193
4379
4665
4960
5147
5267
5273
5209
5042
5054
5191
5042
4733
4526
4435
4268
4000
3917
3787
3576
3420
3191
3042
2764
2409
2262
2142
1943
1935
2027
2028
1928
1764
1604
1499
1345
1148
1181
1332
1367
1375
1501
1580
1362
1284
1345
1324
1407
1465
1478
1380
1183
983
845
710
473
189
-10
-64
-64
-136
-141
-88
-92
-282
-477
-643
-778
-784
-972
-1210
-1456
-1540
-1559
-1590
-1787
-2142
-2339
-2342
-2298
-2431
-2594
-2880
-3043
-3040
-2978
-2920
-2946
-3192
-3440
-3549
-3732
-3833
-3859
-3836
-3982
-4215
-4236
-4251
-4372
-4473
-4561
-4588
-4680
-4800
-4985
-5078
-5074
-5092
-5059
-5115
-5213
-5226
-5106
-4935
-4830
-4818
-4699
-4529
-4511
-4572
-4503
-4584
-4777
-4923
-4990
-4961
-4955
-4958
-4983
-4905
-4869
-4964
-4944
-4993
-5115
-5177
-5437
-5532
-5459
-5370
-5529
-5665
-5652
-5726
-5839
-5985
-5920
-5859
-5736
-5628
-5445
-5180
-5105
-5073
-5138
-5237
-5296
-5432
-5262
-5127
-5186
-5254
-5325
-5431
-5513
-5420
-5236
-5122
-5168
-5270
-5503
-5526
-5513
-5568
-5574
-5366
-5335
-5516
-5737
-5960
-6210
-6575
-6673
-6564
-6439
-6338
-6196
-6101
-6064
-6192
-6415
-6651
-6817
-7167
-7450
-7558
-7777
-8040
-8137
-8215
-8321
-8343
-8348
-8325
-8378
-8481
-8866
-8999
-9030
-9048
-8993
-8856
-8597
-8570
-8472
-8351
-8156
-7896
-7609
-7382
-7162
-7098
-7082
-6950
-6938
-6831
-6766
-6835
-6946
-7193
-7327
-7379
-7428
-7352
-7268
-7223
-7475
-7898
-8340
-8552
-8372
-8188
-8211
-8231
-8227
-8359
-8496
-8474
-8465
-8750
-9025
-9082
-8979
-8840
-8713
-8561
-8345
-8331
-8449
-8584
-8581
-8421
-8232
-8189
-8260
-8217
-8247
-8235
-8297
-8158
-8007
-7853
-7754
-7734
-7698
-7831
-7974
-8129
-8232
-8333
-8251
-8050
-7903
-7723
-7509
-7416
-7160
-6818
-6497
-6190
-6124
-6007
-5821
-5730
-5710
-5800
-5649
-5389
-5292
-4949
-4598
-4367
-4317
-4239
-4036
-3837
-3672
-3562
-3487
-3453
-3411
-3618
-3814
-3973
-4046
-4117
-4158
-4159
-4134
-4043
-3926
-3900
-3866
-3797
-3974
-4068
-4228
-4438
-4525
-4537
-4376
-4105
-3928
-3931
-4081
-4043
-4012
-4145
-4258
-4180
-4079
-4105
-3947
-3812
-3838
-3917
-4077
-4141
-4139
-4237
-4045
-3885
-3776
-3610
-3408
-3120
-2975
-2863
-2823
-3009
-3174
-3091
-2920
-2713
-2531
-2330
-2192
-2184
-2258
-2153
-2014
-1970
-1736
-1645
-1631
-1426
-1186
-1020
-947
-781
-733
-908
-1047
-1257
-1605
-1665
-1478
-1359
-1339
-1488
-1744
-1807
-1653
-1445
-1177
-1004
-827
-888
-990
-1100
-1169
-898
-591
-264
-6
238
564
609
433
364
281
238
357
506
488
555
610
659
697
710
716
547
345
209
258
371
469
571
875
1121
1285
1416
1205
774
530
482
443
557
768
893
894
1022
1165
1194
1375
1521
1625
1856
1975
2102
2200
2074
1929
1963
2068
1971
1921
1984
1937
1860
1855
1757
1666
1714
1713
1711
1398
1154
1024
901
997
1074
1286
1356
1279
1211
1108
1061
1053
1003
914
874
809
776
835
764
790
782
602
347
-12
-313
-538
-680
-759
-812
-872
-925
-1208
-1565
-1868
-2262
-2397
-2295
-2221
-2186
-2182
-2147
-2258
-2366
-2261
-2173
-2065
-1824
-1632
-1473
-1468
-1503
-1486
-1362
-1116
-984
-902
-942
-789
-625
-537
-393
-253
-199
-308
-440
-432
-356
-374
-335
-360
-306
-253
-359
-441
-577
-815
-879
-845
-750
-718
-749
-742
-605
-417
-271
-10
8
13
41
11
-147
-266
-146
122
513
657
758
897
1006
1047
1007
1102
1245
1284
1183
1108
1036
1115
1132
1138
1251
1194
1103
902
912
1011
1255
1574
1879
2277
2497
2489
2380
2443
2488
2576
2670
2827
2932
2887
2835
2731
2606
2374
2141
1951
1916
2072
2191
2210
2310
2364
2340
2195
2032
2173
2385
2886
3443
3668
3745
3600
3432
3136
2767
2426
2076
2102
2276
2420
2464
2356
2360
2427
2439
2550
2926
3320
3615
3738
3650
3558
3571
3726
3937
4098
3978
3686
3483
3264
3146
3212
3424
3677
4002
4168
3955
3766
3775
3779
3740
3683
3781
4167
4436
4683
4929
5120
5014
4771
4679
4529
4548
4695
5013
5300
5457
5643
5854
6028
5936
5848
5753
5586
5705
5788
5842
5972
6312
6862
7192
7256
7156
7151
7269
7431
7670
7728
7695
7827
7867
7893
7806
7770
7784
7636
7269
6938
6866
6700
6737
6699
6540
6453
6317
6285
6346
6387
6505
6689
6771
6864
6819
6805
6702
6578
6714
6756
6638
6568
6752
6940
6938
6988
7058
7073
7089
7098
6993
6904
6979
7002
7048
7001
7009
7027
6966
7149
7427
7597
7766
7832
7639
7422
7136
6970
6867
6899
7052
7039
7085
7070
7019
6908
6875
6833
6608
6654
6787
6958
7093
7163
7275
7355
7344
7407
7419
7254
7168
7169
7378
7403
7417
7347
7268
7166
6821
6672
6385
6249
6278
6055
5963
5992
5930
5789
5721
5844
6081
6208
6262
6343
6366
6259
6151
6168
6104
6071
6006
5920
5759
5482
5244
5113
4901
4764
4923
5076
5092
5035
4765
4457
4330
4096
3977
3754
3589
3515
3236
3151
3149
3160
3304
3431
3456
3253
3120
3173
3238
3260
3016
2699
2523
2408
2222
2109
2021
1908
1820
1782
2088
2562
2914
3315
3369
3167
3118
3010
2947
2984
2976
2956
2989
2971
2752
2462
2417
2244
2009
1814
1602
1364
1287
1270
1126
1172
1325
1619
1624
1485
1342
1145
1133
1170
1039
1052
1196
1281
1590
1774
1924
1985
1783
1702
1850
2104
2276
2408
2508
2610
2742
2744
2615
2572
2769
2877
2919
2880
2568
2436
2488
2551
2595
2576
2472
2240
2112
2067
2014
2123
2283
2390
2664
3000
3289
3565
3713
3580
3420
3346
3473
3623
3487
3476
3555
3473
3327
3230
3075
3091
3079
3106
3112
2894
2696
2575
2498
2410
2454
2610
2871
3153
3200
2913
2577
2220
2126
2160
2136
2197
2251
2350
2384
2433
2505
2538
2612
2594
2696
2747
2773
3088
3269
3365
3251
3204
3376
3519
3666
3807
3969
4068
4112
3900
3506
3263
3149
2962
2770
2732
2768
2737
2785
2711
2556
2580
2657
2856
3062
3221
3583
3960
4190
4408
4388
4415
4473
4462
4410
4310
4171
4037
4018
4013
3955
3659
3519
3495
3555
3530
3236
2984
2752
2552
2418
2416
2590
2775
2684
2491
2350
2178
2230
2239
2222
2370
2610
2985
3272
3512
3873
3979
3758
3754
3816
3730
3567
3366
3416
3662
3726
3731
3682
3762
3900
3904
3947
3903
3743
3881
4079
4091
4261
4420
4658
4688
4603
4803
4953
4806
4376
4077
3975
4019
4166
4350
4400
4290
4044
3759
3709
3492
3188
3011
3024
3091
3107
2942
2745
2768
2680
2635
2671
2874
3028
2753
2441
2149
1771
1536
1383
1219
1234
1257
1109
1010
1077
1242
1084
723
366
145
37
-123
-381
-783
-1105
-1508
-1810
-2090
-2154
-2253
-2332
-2311
-2483
-2505
-2561
-2623
-2636
-2332
-2302
-2413
-2337
-2092
-1988
-2115
-2000
-1811
-1478
-1232
-1287
-1537
-1642
-1643
-1550
-1430
-1214
-1118
-1240
-1417
-1618
-1807
-1880
-1758
-1661
-1828
-2021
-2168
-2540
-2620
-2623
-2697
-2565
-2479
-2769
-3152
-3501
-3673
-3669
-3796
-3568
-3376
-3341
-3606
-4100
-4626
-5244
-5507
-5530
-5295
-5079
-5042
-5278
-5498
-5617
-5717
-5756
-5713
-5610
-5614
-5660
-5671
-5629
-5617
-5442
-5288
-5382
-5501
-5478
-5225
-5009
-4963
-4653
-4440
-4456
-4455
-4353
-4380
-4201
-3947
-3834
-3681
-3404
-3171
-3188
-2907
-3030
-3275
-3263
-3138
-3167
-3155
-3056
-3133
-3128
-3191
-3133
-2958
-2842
-2864
-2757
-2723
-2680
-2655
-2789
-2740
-2694
-2665
-2518
-2353
-2353
-2443
-2242
-2092
-2267
-2470
-2661
-2953
-3059
-3038
-2989
-2660
-2492
-2496
-2659
-2626
-2577
-2756
-2814
-2723
-2492
-2389
-2497
-2378
-2152
-2424
-2839
-3042
-3362
-3769
-3705
-3588
-3696
-3756
-3713
-3509
-3332
-3403
-3431
-3386
-3315
-3390
-3642
-3773
-3916
-3861
-3808
-3751
-3494
-3386
-3269
-3182
-3321
-3464
-3530
-3363
-2715
-2196
-2109
-2221
-2556
-2742
-3041
-3240
-3445
-3694
-3613
-3466
-3296
-3290
-3454
-3680
-3771
-3670
-3567
-3498
-3357
-3238
-3318
-3371
-3353
-3455
-3422
-3293
-3126
-2986
-2852
-2853
-2997
-2824
-2726
-2982
-3133
-3071
-2965
-2675
-2445
-2591
-2728
-2688
-2610
-2704
-2722
-2792
-3020
-3145
-3272
-3281
-3228
-3120
-3151
-3130
-2999
-2917
-2802
-2735
-2641
-2725
-2902
-2925
-2794
-2559
-2218
-1775
-1471
-1367
-1131
-726
-569
-724
-1009
-1357
-1694
-1968
-2207
-2337
-2339
-2266
-2248
-2474
-2594
-2659
-2740
-2685
-2699
-2532
-2435
-2478
-2238
-2128
-2213
-1987
-1712
-1595
-1554
-1539
-1402
-1453
-1539
-1626
-1691
-1508
-1419
-1201
-992
-1051
-983
-1017
-1346
-1608
-1740
-1688
-1547
-1587
-1615
-1750
-1822
-1888
-2159
-2510
-2623
-2662
-2629
-2353
-2243
-2195
-2236
-2190
-2295
-2501
-2625
-2439
-2224
-2167
-2031
-1831
-1725
-1780
-1762
-1978
-2319
-2483
-2425
-2399
-2260
-2286
-2315
-2309
-2531
-2624
-2862
-3084
-3246
-3542
-3698
-3816
-3801
-3844
-3916
-3814
-3724
-3601
-3582
-3567
-3650
-3688
-3527
-3460
-3514
-3609
-3621
-3486
-3464
-3671
-3815
-3954
-4032
-3889
-3761
-3624
-3564
-3451
-3487
-3757
-4006
-4095
-4005
-3973
-4019
-4049
-4056
-3806
-3537
-3582
-3822
-4232
-4449
-4308
-4073
-4198
-4384
-4381
-4264
-4161
-3878
-3704
-3701
-3535
-3471
-3475
-3202
-2758
-2527
-2066
-1644
-1716
-1910
-1669
-1307
-1131
-1125
-1110
-903
-838
-844
-899
-876
-667
-484
-322
-117
-26
50
329
686
875
800
678
612
488
508
491
453
526
582
717
757
750
710
634
462
206
61
92
124
185
250
301
399
337
459
543
486
507
457
423
539
859
1261
1564
1768
2021
2181
2394
2395
2433
2726
2784
2900
3254
3699
3904
3956
3962
3938
3897
3847
3575
3477
3377
3117
3169
3369
3656
3773
3749
3719
3807
3792
3955
4172
4300
4447
4496
4561
4620
4767
4865
4931
5017
5098
5007
5014
4875
4684
4879
5139
5504
5795
5959
5932
6005
6110
6392
6543
6373
6290
6020
5775
5576
5419
5018
4721
4335
3950
3692
3492
3379
3050
2918
2771
2605
2402
2279
2268
2280
2213
2311
2504
2670
2818
2708
2803
2902
2942
3025
3127
3162
3036
2972
2966
2906
2751
2551
2527
2611
2528
2441
2305
2066
1847
1641
1640
1716
1770
2041
2197
2151
2184
2193
1991
1445
1227
1322
1406
1520
1565
1598
1476
1266
849
570
489
704
1049
1414
1852
2191
2337
2249
2003
1872
1870
1713
1695
1539
1292
1021
830
679
583
479
335
397
528
584
597
459
294
348
485
699
833
889
786
576
331
266
171
117
334
426
584
890
1191
1208
990
926
979
1073
1265
1389
1490
1657
1625
1520
1656
1808
1814
1916
1993
2061
2059
2110
2202
2202
2296
2378
2238
2094
2225
2341
2547
2789
3040
3230
3260
3231
3131
2936
2934
2916
2781
2813
2806
2863
2925
3005
2901
2633
2430
2316
2369
2506
2599
2608
2661
2700
2789
2831
2758
2712
2648
2549
2311
2198
2157
2046
2053
2092
2108
2031
1879
1761
1687
1957
2363
2370
2392
2446
2293
2034
1800
1632
1591
1559
1505
1550
1492
1645
1763
1957
2198
2232
2394
2804
3325
3415
3313
3415
3557
3485
3437
3222
3037
3168
3114
2860
2916
3095
3277
3490
3643
3724
3531
3475
3407
3224
2968
2781
2799
3041
3148
3000
2952
3029
3187
3283
3247
3189
3146
3015
2934
2831
2858
3043
3256
3344
3169
2855
2734
2769
2463
2275
2453
2654
2727
2757
2936
2985
2883
2822
2852
2934
2937
2891
2930
2976
2943
3008
3119
3088
2922
2815
2814
2799
2935
3251
3478
3488
3244
3166
3274
3160
2960
2958
2995
2929
3078
3148
3139
3161
3151
3038
2850
2618
2570
2623
2421
2205
1863
1644
1582
1579
1436
1585
1866
1941
1981
2007
2290
2521
2910
3288
3540
3736
3898
4101
4355
4637
4669
4531
4629
4810
4711
4709
4690
4616
4583
4786
5029
5059
5025
4793
4508
4287
4344
4586
4936
4971
4873
4917
4948
4774
4365
4200
4194
4454
4974
5249
5316
5302
5148
4993
4652
4423
4284
4216
4136
3958
3984
4064
4097
3972
3736
3599
3613
3590
3557
3509
3520
3581
3802
4011
4189
4357
4352
4485
4560
4622
4563
4565
4513
4408
4455
4426
4365
4138
4016
3833
3750
3681
3501
3224
3051
3010
2914
3133
3234
3276
3418
3507
3566
3649
3727
3771
3613
3414
3397
3580
3834
3862
3658
3379
3240
3138
2991
3043
3452
3719
3941
4001
3798
3433
2966
2630
2447
2264
1899
1671
1588
1577
1360
1110
899
743
685
793
1210
1439
1530
1768
1867
1785
1786
1827
1866
1837
1703
1620
1556
1443
1478
1500
1507
1629
1789
1836
1863
1871
1636
1462
1448
1348
1268
1490
1805
1911
1814
1813
1686
1488
1433
1607
1851
1970
2111
2147
2170
2229
2381
2563
2598
2544
2639
2778
2966
3052
3064
3069
3377
3630
3602
3663
3673
3772
3868
4013
4111
4091
3978
3886
3677
3443
3448
3593
3598
3638
3819
3746
3677
3696
3587
3422
3130
3044
2942
2742
2587
2490
2620
2581
2565
2159
1498
1046
881
859
872
930
748
587
479
390
360
348
245
-5
-80
-70
-226
-519
-701
-673
-524
-346
-301
-170
-267
-558
-802
-873
-694
-577
-728
-832
-952
-1377
-1741
-2007
-2036
-2173
-2288
-2033
-1815
-1642
-1517
-1595
-1744
-1848
-1808
-1652
-1617
-1489
-1264
-1243
-1282
-1444
-1511
-1215
-764
-372
-241
-147
116
295
292
205
34
244
512
553
388
110
-98
-236
-301
-557
-742
-776
-827
-944
-1084
-1279
-1195
-831
-662
-635
-430
-473
-370
-216
-457
-530
-437
-114
227
353
536
906
1150
1324
1357
1258
1066
840
527
283
353
513
497
325
145
-156
-337
-565
-842
-1043
-977
-947
-1047
-1124
-1190
-1198
-1423
-1562
-1570
-1524
-1755
-1903
-1901
-1888
-1859
-1969
-2057
-2106
-1968
-1748
-1636
-1644
-1699
-2022
-2118
-2295
-2372
-2290
-2553
-2748
-2658
-2146
-1773
-2018
-2211
-2088
-2039
-2031
-1940
-1614
-1557
-1601
-1596
-1483
-1378
-1175
-1057
-930
-638
-451
-192
-51
-80
-245
-397
-675
-729
-690
-695
-982
-1229
-1428
-1456
-1145
-1183
-1452
-1598
-1721
-1908
-1967
-2045
-2344
-2728
-2625
-2230
-1818
-1617
-1614
-1727
-1811
-1944
-2133
-2251
-2020
-1568
-1368
-1090
-836
-815
-1087
-1347
-1412
-1157
-798
-474
-341
-415
-543
-498
-339
-394
-424
-462
-554
-704
-818
-919
-938
-856
-645
-324
-178
-102
0
-162
-526
-732
-971
-1154
-1217
-1086
-761
-545
-512
-782
-820
-617
-441
-261
-361
-557
-607
-698
-605
-273
46
173
75
-107
-382
-584
-332
-16
-157
-202
-221
-39
-116
-431
-685
-996
-1049
-1270
-1619
-1846
-1978
-1980
-1866
-1791
-1539
-1340
-1446
-1650
-1736
-1859
-1947
-1845
-1883
-1872
-1697
-1468
-1557
-1669
-1606
-1775
-1738
-1572
-1261
-1099
-1337
-1471
-1552
-1561
-1616
-1620
-1579
-1590
-1693
-1800
-1883
-2045
-2243
-2464
-2645
-2604
-2418
-2432
-2399
-2118
-1768
-1598
-1489
-1527
-1700
-1718
-1688
-1744
-1790
-1885
-2026
-2052
-1978
-1945
-1904
-1760
-1566
-1488
-1555
-1561
-1457
-1171
-1043
-1013
-1116
-1192
-1143
-1218
-1426
-1583
-1613
-1762
-1923
-2105
-2234
-2291
-2325
-2297
-2213
-2293
-2645
-2967
-3137
-3232
-3264
-3346
-3296
-3429
-3414
-3345
-3446
-3444
-3385
-3360
-3339
-3259
-3401
-3656
-3653
-3540
-3401
-3169
-3050
-2897
-2862
-2883
-2901
-2972
-3185
-3269
-3110
-2945
-2911
-2812
-2750
-2795
-2655
-2569
-2513
-2424
-2204
-2223
-2166
-2185
-2322
-2301
-2402
-2362
-2359
-2239
-2178
-2117
-1911
-2212
-2671
-2732
-2750
-2951
-3100
-3040
-3088
-3253
-3448
-3488
-3419
-3479
-3563
-3604
-3388
-3199
-2927
-2628
-2483
-2494
-2648
-2565
-2269
-2101
-1998
-1830
-1701
-1603
-1509
-1393
-1384
-1266
-1240
-1354
-1381
-1211
-1162
-1229
-1246
-1288
-1410
-1589
-1754
-1939
-2024
-2300
-2531
-2619
-2778
-2538
-2051
-1800
-1613
-1551
-1400
-1421
-1483
-1466
-1471
-1335
-1320
-1343
-1298
-1193
-954
-730
-658
-693
-809
-805
-892
-1081
-1104
-1149
-1125
-1187
-1040
-870
-993
-1031
-1023
-1112
-1496
-1707
-1647
-1460
-1303
-1191
-1045
-1040
-1105
-1201
-1369
-1401
-1114
-742
-545
-538
-510
-624
-795
-878
-908
-950
-1081
-1176
-1448
-1760
-2041
-2111
-2200
-2198
-2271
-2246
-2247
-2587
-2825
-3055
-3192
-3308
-3292
-3263
-3185
-3070
-3149
-3377
-3307
-3045
-2906
-2636
-2703
-2913
-2985
-3083
-2914
-2877
-2904
-2793
-2412
-1985
-1816
-1776
-1756
-1647
-1808
-1979
-1823
-1420
-1239
-1332
-1364
-1048
-899
-929
-810
-583
-522
-620
-541
-362
-243
-450
-529
-607
-747
-857
-940
-875
-564
-369
-520
-461
-424
-414
-373
-363
-562
-832
-1006
-1023
-1040
-1095
-1215
-1255
-1116
-1062
-1221
-1512
-1560
-1429
-1324
-1273
-1443
-1248
-1084
-1232
-1288
-1307
-1293
-1342
-1102
-765
-642
-636
-600
-788
-1054
-1265
-1353
-1273
-1148
-1009
-986
-1048
-954
-910
-1107
-1129
-1327
-1764
-1873
-1996
-2465
-2937
-3077
-3249
-3531
-3794
-3825
-3945
-4331
-4776
-5199
-5390
-5648
-5833
-5767
-5659
-5741
-5765
-5846
-6006
-6350
-6802
-7084
-7075
-6873
-6764
-6580
-6440
-6471
-6680
-6834
-6914
-6896
-7200
-7385
-7186
-7156
-7167
-7116
-7123
-7022
-6769
-6360
-5891
-5503
-5254
-5263
-5209
-5136
-5046
-4789
-4628
-4405
-4326
-4392
-4589
-4526
-4740
-5258
-5512
-5538
-5367
-5323
-5187
-5074
-4892
-5002
-5290
-5604
-5843
-6004
-5961
-5516
-5203
-4826
-4800
-5013
-4840
-4622
-4393
-3995
-3781
-3525
-3307
-3506
-3720
-3841
-3892
-4050
-4078
-3861
-3722
-3554
-3114
-2758
-2545
-2199
-1983
-2128
-2283
-2188
-1985
-1999
-2011
-2102
-2251
-2419
-2370
-2359
-2117
-1674
-1324
-1198
-1226
-1225
-1280
-1228
-1107
-775
-694
-821
-1033
-1280
-1721
-2000
-2076
-2037
-2161
-2225
-2333
-2505
-2519
-2532
-2230
-2343
-2383
-2456
-2373
-2176
-1913
-1667
-1445
-1082
-826
-631
-716
-916
-846
-762
-826
-878
-1068
-1039
-955
-850
-914
-1140
-1261
-1203
-1244
-1340
-1388
-1344
-1277
-1307
-911
-542
-287
-217
-330
-400
-610
-638
-547
-237
-22
108
165
-104
-316
-573
-485
-431
-513
-499
-519
-494
-432
-507
-567
-896
-1318
-1552
-1811
-2034
-2328
-2682
-2943
-3222
-3261
-3084
-3109
-3315
-3718
-3975
-4054
-4134
-4404
-4380
-4033
-3603
-3194
-2948
-2707
-2602
-2594
-2725
-2554
-2182
-1928
-1693
-1542
-1493
-1474
-1474
-1426
-1344
-1095
-787
-632
-512
-444
-110
185
165
251
380
486
580
661
652
637
723
801
898
1037
1186
1095
953
818
976
928
569
411
459
505
381
150
-114
-458
-594
-588
-693
-884
-1067
-953
-1042
-1199
-1628
-1756
-1722
-1867
-1910
-2124
-2120
-2103
-2158
-2259
-2176
-2130
-1967
-1519
-1058
-774
-590
-310
-389
-480
-517
-464
-339
-54
-9
-109
68
128
241
373
699
1061
905
714
414
81
-38
78
16
27
0
-304
-744
-990
-970
-1048
-947
-839
-793
-869
-1022
-1202
-1238
-1177
-1178
-1161
-1039
-947
-720
-522
-444
-538
-455
-226
-11
249
524
890
1037
1352
1298
1038
794
571
690
769
909
739
474
324
270
221
86
37
1
217
245
-151
-648
-927
-1124
-1109
-824
-548
-462
-311
18
-99
-481
-787
-914
-1083
-922
-558
-206
-219
-650
-1023
-1333
-1559
-1619
-1085
-739
-493
-437
-589
-862
-945
-1034
-910
-658
-685
-823
-788
-847
-1294
-1637
-1762
-1698
-1622
-1501
-1420
-1321
-1081
-1028
-820
-735
-600
-593
-375
-279
-316
-471
-936
-1260
-1479
-1507
-1542
-1406
-1168
-860
-853
-1122
-1456
-1750
-1789
-1951
-1846
-1950
-2212
-2473
-2715
-2897
-3258
-3381
-3219
-2651
-2296
-2388
-2310
-2382
-2505
-2712
-2825
-2801
-2771
-2431
-2283
-1990
-1608
-1392
-1400
-1482
-1320
-1218
-943
-515
-57
122
18
-232
-428
-386
-444
-592
-539
-421
-478
-626
-875
-1006
-1122
-1138
-1075
-1207
-1382
-1617
-1765
-1906
-2115
-2395
-2583
-2600
-2449
-2622
-2825
-2635
-2220
-2102
-2118
-2036
-1959
-1664
-1347
-1240
-1057
-735
-588
-507
-532
-504
-637
-697
-681
-736
-622
-348
-94
-263
-542
-809
-953
-1137
-1369
-1302
-1086
-872
-790
-992
-1299
-1484
-1705
-1799
-1665
-1601
-1447
-1306
-1347
-1580
-1601
-1705
-1912
-1986
-1805
-1625
-1259
-819
-780
-924
-1015
-1026
-1094
-1065
-1044
-1153
-1187
-1544
-1987
-2000
-1577
-1092
-592
-321
-495
-635
-857
-1081
-1183
-1175
-1112
-1130
-937
-932
-956
-737
-983
-1292
-1590
-1517
-1454
-1475
-1243
-908
-608
-759
-733
-521
-286
-83
353
667
982
1153
1368
1291
1226
1313
1229
1352
1385
1327
1211
1009
968
839
661
850
1113
1460
1703
1781
1737
1660
1490
1359
1303
1194
1090
1287
1529
1570
1722
1557
1408
1233
996
817
546
593
644
726
837
713
653
646
889
915
1021
963
657
607
432
420
477
531
810
974
982
877
991
1196
1343
1542
1653
1630
1527
1260
1053
872
941
1021
950
949
1045
1132
886
599
457
253
217
259
470
640
404
381
311
417
682
958
1015
945
882
900
949
937
877
862
950
1056
1116
1382
1512
1674
1839
1986
2173
2221
2189
2233
2308
2269
1973
1722
1655
1450
1154
923
522
292
448
567
831
886
935
1261
1240
1248
1130
980
1245
1546
1564
1565
1635
1674
1651
1471
1059
838
619
433
425
480
486
591
836
1103
914
808
928
909
808
643
548
614
539
715
773
679
527
333
112
-137
-171
-162
-119
22
91
48
285
433
352
224
9
-324
-604
-904
-985
-911
-757
-568
-642
-622
-441
-364
-559
-1013
-1224
-1226
-1374
-1426
-1524
-1632
-1790
-1834
-1787
-1750
-1809
-2002
-2147
-2294
-2347
-2490
-2554
-2777
-2783
-2897
-2953
-2864
-2745
-2552
-2220
-2104
-2109
-2123
-2020
-1917
-1853
-1726
-1693
-1794
-1812
-1942
-2132
-2403
-2554
-2745
-3019
-3359
-3637
-3565
-3485
-3297
-3079
-3042
-3207
-3312
-3218
-3090
-2953
-3077
-2976
-2872
-2558
-2200
-1960
-1825
-1943
-1827
-1713
-1644
-1605
-1707
-1487
-1282
-918
-935
-1054
-850
-530
-350
-438
-561
-590
-571
-606
-410
-388
-328
-367
-572
-605
-611
-304
2
420
946
1470
1673
1721
1942
2004
1984
2184
2192
2113
2139
2068
2077
2046
1841
1862
1789
1699
1564
1379
1025
743
763
801
643
333
179
-46
-316
-603
-672
-649
-624
-656
-873
-962
-1011
-1117
-988
-1081
-1110
-1183
-1174
-1015
-876
-734
-678
-792
-832
-743
-661
-458
-185
-100
-144
-60
-57
-71
-105
-274
-242
-78
-36
-139
-146
-118
66
179
241
349
434
449
361
282
98
-38
-179
-282
-378
-318
-228
-222
-279
-341
-488
-468
-395
-440
-212
-83
-47
-94
-158
31
-75
-428
-532
-297
-125
-242
-153
61
86
309
487
394
709
955
791
859
969
925
945
1133
1098
1037
874
908
