490
113
-552
-1156
-1369
-1373
-1339
-1179
-1048
-720
70
983
1539
1123
579
256
-118
-852
-1256
-905
-980
-980
-525
146
-48
-342
-217
-233
-518
-990
-1400
-1925
-2290
-2380
-1816
-1130
-171
361
854
795
247
312
132
437
732
561
572
689
656
733
1240
1619
1690
1369
740
707
701
575
335
335
1437
2484
2553
2395
2743
2986
3203
4250
4723
3979
3267
2471
1758
1567
1444
1067
1041
1371
1521
1597
1939
2265
1920
1097
236
7
364
493
475
630
672
617
258
309
753
512
-41
11
623
868
855
875
991
802
533
445
703
436
-354
-606
-553
-387
-115
-329
-1196
-1970
-2776
-3001
-2945
-2767
-2858
-3366
-3327
-3112
-3077
-2547
-2556
-3559
-4144
-4238
-3918
-3213
-2634
-2917
-3348
-3750
-4504
-4755
-4536
-4260
-3755
-3868
-3732
-3512
-4489
-5587
-5426
-4709
-4337
-3477
-2801
-2344
-2135
-2147
-2400
-2511
-2476
-2607
-2141
-1799
-1774
-1794
-2175
-2527
-2335
-2188
-2297
-1860
-1391
-1613
-1281
-414
211
480
-7
-459
-435
-754
-713
64
877
1914
2526
2538
2100
1373
1026
900
1096
1317
1215
1537
2284
3106
3875
4362
3749
2626
1727
529
101
375
1197
2307
3369
3860
3970
4510
4774
4896
4395
3840
3631
3267
2907
3070
3721
4518
4967
4675
4249
3884
3103
1942
1410
972
547
160
43
42
61
272
631
1301
1617
1573
1323
1373
539
-765
-1045
-696
-672
-700
194
931
884
1088
1436
1538
1499
1450
1841
1867
418
-913
-1524
-2104
-2164
-1875
-700
552
1014
190
-829
-1357
-2010
-2976
-3421
-2953
-2333
-1722
-1471
-1332
-1344
-1402
-1595
-1478
-1168
-1299
-2029
-2113
-2114
-2078
-1473
-957
-351
260
659
693
991
1232
1372
933
-316
-1181
-1534
-2052
-2203
-1866
-1583
-1321
-836
-442
-154
-3
-124
-524
-869
-356
633
1559
2052
2955
4065
4396
4062
3160
2795
3296
3564
3631
4191
4975
5008
4483
4212
3950
3545
2653
1401
623
395
251
234
431
415
99
-80
-177
-615
-872
-927
-1313
-1517
-1170
-350
-205
-855
-1942
-2592
-1890
-1597
-1562
-1266
-956
-1251
-1936
-2329
-2746
-2761
-2619
-2561
-2275
-1863
-1757
-1801
-1557
-887
-652
-1015
-1280
-1705
-1898
-1931
-1767
-1449
-1108
-955
-1379
-2014
-2627
-2704
-2717
-2944
-2590
-1983
-1277
-235
-352
-596
311
1337
1582
1005
328
71
-459
-1195
-1545
-1284
-757
-486
467
1165
1949
2016
1364
842
504
616
309
576
1140
1142
890
614
584
636
-306
-945
-829
-353
518
763
547
155
201
1135
1694
1329
1391
2002
2203
1502
1028
1264
1617
1555
1725
2355
2113
1361
1569
2351
2589
2904
3984
4655
4307
3925
3036
1785
724
895
1603
2035
2478
2504
2504
2568
2487
2038
1239
481
-14
-181
477
810
712
580
658
430
298
432
259
93
-424
-549
-597
-442
-312
-723
-1232
-1896
-3168
-3785
-2964
-2509
-2699
-2202
-1777
-2390
-3519
-4096
-3756
-3922
-4728
-5034
-4563
-3464
-2612
-2500
-2611
-3539
-4627
-5110
-5360
-5442
-5711
-5585
-4918
-4141
-3840
-4072
-3701
-3392
-3579
-3495
-3333
-3061
-2666
-2487
-1925
-1337
-1867
-2450
-2276
-1989
-2187
-2276
-2331
-2016
-1984
-2155
-1458
-1108
-606
-345
-88
329
514
559
905
1218
1164
1037
600
512
572
636
864
1565
2211
2377
2013
1279
450
104
658
1399
1949
2134
1323
240
242
1221
2637
3816
4386
4162
3041
2379
2358
2412
2356
2167
2137
2114
1880
1238
670
480
875
1126
1689
1993
2354
2777
2692
2446
1830
1729
1860
2075
2120
2346
2926
2738
1457
125
-435
48
231
694
1868
2645
2673
2618
2212
940
-67
-577
-595
-535
-588
-268
-4
-211
-256
-409
-614
-641
-712
-1163
-727
220
467
330
160
102
687
1628
1839
1342
994
497
-370
-369
222
690
796
777
687
720
210
-337
-499
-389
-23
-53
-77
-373
-1106
-1797
-2494
-2698
-2122
-1040
-287
-574
-1491
-2612
-3086
-2489
-1500
-618
78
502
199
45
71
-342
-678
-1298
-1338
-1587
-1615
-1093
-467
-114
-172
-191
-345
245
931
1272
870
893
1575
1205
459
847
1039
1354
1915
1913
1823
1539
1377
1128
399
-194
193
432
523
1318
2521
2438
1920
1701
1779
1702
1738
1954
757
-401
-621
145
976
1497
1390
694
-211
-1364
-1873
-1952
-1888
-1173
-652
-601
-208
443
737
443
-497
-1431
-1728
-1700
-875
503
1375
1444
743
89
-389
-593
-549
-138
342
427
379
438
551
-89
-1263
-2692
-2930
-2165
-1137
-858
-868
-1019
-1187
-738
-367
-149
-519
-1136
-1860
-2271
-2576
-2183
-1263
-341
114
446
668
302
280
-29
-885
-1405
-1463
-796
372
1176
2274
3106
2472
1242
155
-420
-463
-357
-93
238
482
324
-57
-31
-503
-932
-493
-346
-261
-543
-677
487
1967
2884
3014
2896
2834
2712
2463
2145
2022
1992
1651
1249
1284
1721
2350
2343
2330
1977
1208
632
90
60
170
778
1510
2092
2651
2783
1629
-94
-744
-786
-769
-460
167
293
340
843
763
8
-730
-1380
-1196
-990
-1084
-1012
-1309
-2499
-3759
-4069
-4279
-4360
-4446
-4274
-4080
-3723
-3379
-3873
-4755
-5498
-5763
-5673
-5705
-5018
-3829
-2859
-1375
-243
-526
-1142
-1321
-1706
-1653
-957
-91
163
110
-207
-337
-454
-1044
-1523
-2440
-3172
-2923
-1624
-649
-635
-1266
-1988
-2332
-2900
-3853
-4711
-4998
-4424
-3447
-2708
-1823
-1684
-2373
-2804
-2591
-1870
-983
-257
-43
380
525
110
-432
-710
-198
300
648
966
586
306
728
1296
1720
1395
596
-216
-836
-245
608
1263
2063
2247
2424
2799
2661
2018
1505
1556
1960
2384
2510
3299
4602
5379
5984
5780
5072
4283
3688
3253
2800
2568
2319
1892
1399
1141
674
343
570
671
523
566
787
793
497
377
167
287
607
649
718
1001
1418
1505
1362
1569
1742
1407
1825
2341
2845
3371
3522
3532
3195
2262
960
264
126
122
102
405
1036
929
286
-546
-1419
-1983
-2355
-2417
-2802
-2600
-2289
-1804
-1338
-847
-355
-7
-57
-771
-891
-1029
-1201
-918
0
790
1161
696
171
-397
-719
-899
-980
-600
-555
-727
-687
-979
-1520
-1807
-2389
-2226
-1626
-417
1143
1954
2598
2955
2965
2356
1567
877
165
344
866
1622
2179
2083
2105
2111
2092
2177
1794
1432
1699
1873
986
-163
-389
-317
294
1095
1501
2055
2095
1641
813
-188
-695
-1112
-1504
-1752
-1646
-1288
-748
-183
365
861
597
-454
-2057
-3571
-4025
-3612
-2505
-1754
-895
165
880
1815
1801
924
-136
-1162
-1507
-1158
-1327
-1497
-1156
-1072
-1424
-1401
-1123
-1363
-1735
-1650
-1350
-1079
-603
-399
-327
-501
-859
-1104
-477
-519
-1036
-1070
-1349
-862
-638
-953
-479
52
73
-5
-165
-244
-368
169
361
279
-379
-1564
-2123
-2307
-1806
-1038
-160
781
1067
735
777
993
841
55
-97
-6
277
608
664
1113
866
323
-105
-382
-433
-17
852
1230
1129
1541
1431
551
-253
-1062
-1534
-1740
-1301
-922
-307
-312
-490
88
-137
-374
-526
-526
91
958
1980
3512
5000
6251
6470
5874
5269
4541
3896
3472
2975
2639
2787
3094
3403
3496
3532
3208
2581
1959
1271
601
317
-30
-26
151
360
469
352
-84
-645
-939
-1279
-1707
-2280
-2349
-2133
-1689
-774
52
161
-659
-2261
-3249
-3686
-4096
-4390
-3929
-3037
-2111
-1492
-1393
-1357
-2101
-3055
-3827
-3914
-3903
-3950
-4127
-4457
-4785
-4643
-4275
-4447
-4467
-4696
-5508
-6189
-5610
-4690
-3865
-3346
-3226
-3124
-3082
-3162
-3144
-3274
-3272
-2886
-2588
-2480
-2756
-2570
-2575
-3130
-3437
-3293
-3054
-2775
-2269
-1670
-1148
-352
-4
-357
-735
-812
-624
-418
-283
298
1391
1828
1582
1335
1839
2207
1811
1438
1530
1817
2025
2037
2282
2517
2153
2139
2730
2681
2723
3162
3552
3820
4002
4307
4877
4592
4114
3745
3086
3022
2871
3577
4272
5345
6122
6307
5543
3577
2002
1391
1119
501
494
901
1236
1465
1656
1646
1523
1040
637
-176
-784
-827
-204
668
1112
1283
1425
1238
454
52
193
624
611
777
1126
1079
755
757
914
698
256
-76
-165
-615
-1464
-1840
-1499
-601
-292
-793
-1382
-1694
-1885
-2573
-3014
-2800
-1769
-872
-347
12
431
927
550
57
31
40
-234
-386
-224
-1
488
1176
2098
2101
1183
104
-1506
-2855
-3669
-3731
-2806
-1632
-451
419
574
364
11
-1178
-2074
-2380
-2698
-1932
-1224
-599
499
1079
1531
2130
2946
3482
2945
2175
1363
1179
1388
1755
2799
3250
2989
2782
2823
2660
2183
2010
2038
1784
1197
469
27
-440
-424
111
827
1594
1534
865
337
-187
-845
-538
563
1549
1406
871
727
427
202
231
180
-161
-39
-127
-249
-124
196
207
-476
-1102
-891
-463
-546
-394
-175
-16
-701
-1653
-2236
-2155
-1989
-2009
-1411
-880
-873
-485
286
629
901
425
-35
-120
-764
-1464
-1515
-1262
-1368
-1502
-1028
-444
-35
355
552
-66
-1548
-1942
-1696
-1690
-1602
-1215
-595
-373
-418
-359
-829
-1861
-2860
-3377
-2694
-1786
-463
1046
1835
1588
853
-94
-845
-896
-749
-118
724
1472
2169
2467
2177
2767
2941
2100
1239
1053
1129
1214
1773
2170
2724
3039
3167
3565
3480
2702
2664
3046
2931
2196
1623
833
376
224
-479
-914
-663
-380
-144
426
443
184
-76
17
456
571
-62
-319
-195
62
411
858
1995
2844
2832
2659
2247
1832
1761
1598
1429
773
572
934
1038
716
-110
-1092
-1468
-1419
-1308
-1459
-2056
-2186
-2690
-3392
-3510
-3576
-3611
-4125
-4451
-4262
-3897
-3221
-2669
-2288
-2327
-2847
-3579
-3596
-3287
-3194
-3384
-3771
-3311
-2521
-2335
-2157
-1497
-1320
-1940
-3128
-4256
-4412
-4199
-3618
-2693
-1968
-1848
-2420
-3159
-3731
-4030
-4298
-4292
-3830
-2826
-1625
-670
-403
-1032
-1720
-2036
-2412
-2586
-2208
-1515
-1411
-1361
-824
-439
-59
786
1130
660
690
635
664
707
571
599
463
308
531
757
1145
1347
1290
1396
1417
1294
1260
1540
1470
946
244
-238
-173
857
1592
1856
2163
2533
3054
3272
3545
3716
3629
3950
4493
4685
4512
4427
4416
4088
3652
3306
2871
1917
1441
1090
511
260
401
556
600
214
-354
-499
-1215
-2016
-1993
-1937
-1617
-807
-306
557
1273
1519
1998
2448
2638
2233
1429
1142
533
433
1522
1999
1633
1669
1995
2077
1984
1847
1765
1109
542
482
549
26
-634
-1032
-1055
-1501
-1827
-1807
-2105
-1931
-1700
-1435
-880
-164
454
919
1173
1685
2014
1882
1513
1189
1091
805
584
1340
1804
1980
2327
1920
1425
804
-184
-1021
-1188
-1362
-1177
-533
56
170
-540
-1349
-2028
-2648
-3209
-3712
-3437
-2680
-2281
-1128
272
741
1096
1809
2042
1586
1075
709
396
337
1065
1971
2525
2982
3003
2176
1312
857
899
1181
1535
1884
2139
2126
1579
1079
160
-374
-557
-783
-1199
-1482
-954
-301
216
274
319
340
291
162
-87
-217
-79
378
703
742
1140
1216
732
325
-28
-69
358
879
739
32
-583
-209
1
-162
-127
-871
-1735
-2566
-2607
-1491
-714
-303
133
365
501
440
25
-503
-873
-1285
-1612
-1819
-2034
-2085
-2555
-2466
-1576
-1312
-1586
-1681
-2078
-2520
-2668
-2825
-2984
-2749
-2228
-2380
-2748
-2800
-2687
-2324
-1748
-1816
-2047
-2365
-2547
-1828
-1326
-705
172
118
-220
-447
-476
-184
-111
-225
-235
-356
-827
-1125
-802
-442
-356
96
512
779
904
873
812
839
794
605
711
702
939
1706
1938
2186
2643
2846
2929
2820
3242
3314
3170
3104
2917
3129
2882
2817
3399
3192
2846
2736
2424
2275
2573
2730
2546
2713
2692
2616
2235
1732
1456
1287
1759
2374
2449
2679
2468
2235
2027
1568
1522
1342
1033
479
-66
-446
-409
-977
-1904
-2200
-2417
-2748
-2986
-3199
-2845
-2279
-2477
-3130
-3671
-3695
-3479
-3263
-3474
-3654
-3640
-4071
-4168
-4004
-3893
-3706
-3901
-4083
-4121
-4201
-4562
-4931
-4815
-4182
-3582
-3765
-4132
-4178
-4233
-4284
-3655
-2506
-1574
-1316
-1460
-1553
-1689
-1694
-2204
-2686
-2673
-2270
-1628
-1039
-546
-481
-808
-1231
-1343
-1489
-1426
-1538
-1378
-739
-599
-797
-562
-304
-719
-1261
-1677
-1608
-979
-149
332
556
563
463
518
942
1397
1522
2188
2905
3008
3159
2947
2161
1359
725
137
-130
422
1226
1782
2287
2694
2742
2646
2178
1629
1623
1620
1807
2674
3094
3076
3231
3286
3325
3347
2767
2277
2168
2248
2722
3121
3138
2659
2315
2005
1954
1965
2090
2208
2348
2831
3141
2758
1717
797
185
-65
168
414
239
234
714
1394
2051
2180
1971
1449
442
-258
-823
-724
57
806
1083
1694
2279
1707
1252
873
50
-683
-1283
-1604
-1503
-1019
-886
-842
-144
-15
-589
-1521
-1836
-1871
-2234
-2853
-3342
-3467
-3472
-3180
-2879
-2115
-1473
-1347
-1139
-703
-303
-419
-895
-1150
-1276
-946
-62
784
1433
1812
1509
894
494
16
-757
-1591
-1636
-1000
-265
473
935
602
286
129
-59
-350
-486
82
819
1760
1935
1813
1999
1888
1419
1650
2320
2518
2727
2986
3075
2899
2999
3305
2911
1865
1083
455
24
-493
-150
342
301
625
675
527
469
236
-120
-200
-685
-888
-695
-407
-319
-274
189
898
1228
869
671
465
92
-734
-1300
-1009
-363
105
671
1014
1042
1431
1719
490
-1344
-2030
-2075
-2034
-1565
-782
-710
-909
-1379
-1707
-1843
-1887
-2038
-2259
-2327
-2293
-1836
-719
609
1005
1158
1136
451
-165
-691
-1065
-1050
-1281
-706
127
535
791
742
277
-252
-520
-805
-481
10
985
1854
2195
2590
2457
2080
1323
-103
-1139
-1426
-1032
-387
130
599
743
926
705
-213
-1240
-1653
-1529
-1062
-757
-778
-299
-22
-223
-225
16
193
-27
-586
-1065
-1269
-943
7
1276
1538
1392
1600
1630
1575
1411
1024
611
505
354
413
992
2008
2842
3441
3602
3422
2620
1527
1183
612
-111
-184
404
888
650
-29
-988
-2047
-2877
-3033
-3044
-2895
-2597
-2398
-2273
-2551
-2873
-3278
-3351
-3280
-3412
-3352
-2868
-2141
-1008
-509
-1051
-1712
-2245
-2728
-2782
-2330
-1741
-944
-476
-237
-47
-166
-661
-1052
-1548
-1869
-1584
-746
423
1622
1567
410
-167
-625
-1342
-1926
-2216
-2573
-3248
-3519
-3120
-2797
-2842
-3028
-3011
-3182
-3049
-2556
-2101
-1893
-2099
-2392
-2624
-2599
-2388
-1846
-1423
-1125
-882
-738
-419
-282
-586
-1164
-1512
-1768
-1846
-1198
-96
1006
1332
1514
1688
1498
1830
1958
1820
1722
1771
2338
3116
3985
4201
3863
3259
2696
2778
2742
2565
2500
2167
1587
1282
979
662
687
857
1460
1834
1693
1866
2140
2149
2258
2671
2837
2784
3152
3245
2967
2791
2515
1506
317
187
237
445
1348
2139
2132
2247
2573
2250
1583
749
45
-331
-632
-657
-40
422
106
-429
-193
0
-37
169
378
556
163
-70
239
495
13
-380
-258
-102
-482
-1220
-1456
-1260
-779
-547
-410
-491
-924
-1559
-1881
-1572
-1533
-1635
-922
-587
-780
-625
-372
-464
-760
-914
-906
-391
45
432
707
853
680
648
1038
965
708
848
1372
1848
2141
1994
1829
2434
3329
3645
3500
3442
3621
3680
3811
3428
2969
3384
3169
2549
2534
2659
2607
2385
1632
1137
807
351
104
-104
-154
-244
-143
-264
-559
-542
-961
-1092
-588
-807
-1275
-1445
-1269
-1079
-920
-909
-867
-1159
-1610
-1557
-1560
-1497
-1665
-2032
-2129
-2067
-2163
-2338
-2690
-2872
-2719
-2687
-2084
-993
-549
-581
-1330
-2526
-3160
-3096
-2630
-2563
-3284
-3342
-2714
-2163
-1749
-1312
-760
-359
-121
14
-27
-178
449
969
1124
1253
1802
2229
1793
1495
1219
781
693
521
173
-310
-715
-748
-536
-614
-1042
-751
-437
-499
-273
224
152
-206
-932
-1700
-1722
-1457
-1022
-289
409
329
410
392
-419
-1105
-1329
-1252
-919
-676
-326
200
770
1162
855
417
200
59
-453
-192
600
1135
1358
1166
996
793
477
372
592
540
779
863
749
656
840
868
1299
1913
1757
1985
2220
2391
2306
2545
3385
3965
3687
3080
2771
2028
1528
1722
2005
1926
1677
1359
588
-59
-154
-220
-695
-893
-740
-606
-652
-317
184
423
285
-304
-543
-645
-536
-418
-206
-284
-796
-1360
-1343
-1164
-1645
-1947
-2405
-2662
-2701
-3055
-3636
-3452
-3210
-3596
-3613
-3518
-3429
-3475
-3020
-3008
-3588
-3689
-3440
-3888
-4515
-4266
-3654
-3016
-2537
-1957
-2040
-2855
-3597
-4026
-4543
-3970
-3012
-2451
-1755
-1266
-1452
-2146
-1871
-1286
-1529
-2107
-2300
-1995
-1716
-1895
-1724
-1669
-1655
-1682
-1875
-1816
-1541
-1270
-728
-207
-236
376
1119
1197
420
23
32
1
-103
410
1439
1990
2030
1388
928
196
-637
-742
102
618
1131
1823
2055
1679
1188
1182
803
460
961
1930
2835
3817
4394
4697
4454
4038
3737
3727
3421
2855
3226
3789
4030
3995
4026
3613
2463
1002
-152
-767
-623
433
1262
1806
2140
1805
1148
1145
1094
994
1233
1373
1580
1986
2422
2141
1670
1475
2050
2527
3176
3326
3247
2485
1015
329
-824
-834
-46
749
1337
1548
1631
1270
664
121
-55
-134
-526
-582
17
762
995
722
487
-32
-531
-948
-1021
-1098
-1372
-748
-225
163
713
1068
1124
558
-36
-527
-601
-612
-585
-328
-15
-621
-1712
-1993
-2250
-2461
-2324
-1715
-1340
-1144
-1049
-1847
-3059
-4243
-4648
-4079
-3418
-2884
-1828
-344
732
1381
1950
2365
2232
1726
1587
1626
1549
2244
3807
5198
5611
5666
5620
4954
3918
2936
1956
684
-26
-175
159
943
1591
1814
1637
1200
428
15
-433
-663
-1476
-2344
-2006
-1610
-1047
-523
-147
-97
12
281
387
125
-225
17
365
363
670
1205
1160
729
296
486
519
-56
-128
212
-317
-1307
-1642
-1533
-1096
-698
-804
-1052
-1243
-1638
-1320
-650
-369
-560
-1549
-2100
-2037
-2165
-2073
-1995
-2294
-2513
-2344
-1900
-1577
-889
-255
74
-350
-923
-901
-1470
-1716
-1611
-1410
-1602
-1649
-874
-628
-545
-907
-1031
-932
-1588
-1495
-338
781
987
1207
1950
1990
1693
2014
2470
2292
1836
1985
2593
2735
2278
1977
2262
2589
3026
3862
4439
4263
3760
3190
2049
1074
1043
1129
836
474
733
1209
1410
1522
1357
1218
545
40
-189
-656
-205
784
1699
2131
1931
1006
-4
-683
-1151
-1612
-1863
-1292
-336
697
1076
1101
1323
1327
918
717
681
741
884
606
611
1066
1279
1014
931
732
-269
-1361
-1928
-2141
-1892
-1158
-1163
-1632
-1945
-2379
-2477
-2591
-2964
-3391
-3802
-3933
-3949
-3864
-3626
-3130
-2872
-3342
-3670
-3993
-4157
-4239
-4187
-4418
-4393
-3947
-3732
-3403
-3148
-2967
-3371
-3544
-3404
-2906
-2316
-1833
-1688
-1849
-2115
-2116
-1744
-1457
-1612
-1875
-2078
-2753
-2877
-2490
-1796
-1220
-949
-643
-186
309
1011
1290
716
-2
-34
431
319
-71
312
871
494
-65
11
188
-305
-891
-690
-225
-209
321
1402
1854
1379
990
847
821
589
353
362
229
581
1237
1529
1355
1636
2015
2367
2719
2610
2267
2566
3010
3484
3878
3823
4135
4229
4170
3857
3234
2525
2137
2079
2159
2300
2925
3743
3994
3755
3347
2287
1137
125
-518
-95
420
785
1128
1620
1877
1990
2293
2748
2591
2613
3176
3535
3323
3327
3150
2909
2270
1397
1194
438
-487
-829
-793
-1070
-753
-131
239
-17
-581
-1125
-1486
-1917
-2307
-2530
-2711
-2516
-2446
-2836
-2786
-2317
-2579
-2719
-2188
-1323
-480
188
494
1123
1451
899
240
-27
309
380
117
280
481
637
939
691
65
-206
-701
-1674
-2210
-2643
-3626
-4359
-4448
-4483
-4255
-3651
-2820
-1820
-1060
-1104
-1470
-1544
-1432
-1375
-967
217
1873
3035
3422
4550
5324
4881
4069
3559
3278
3141
3518
4114
5013
5385
5398
5524
5206
4562
3961
3299
2146
902
327
46
-147
-138
160
690
977
1416
1768
2023
1849
1669
1612
859
-58
-962
-1400
-1822
-2137
-1776
-1021
-815
-1217
-1090
-504
-798
-1717
-2720
-3351
-3154
-2883
-3016
-2576
-1653
-1541
-1659
-1747
-2064
-2904
-3325
-3529
-3684
-3219
-2345
-1742
-1922
-1981
-1483
-998
-823
-944
-1209
-1627
-2284
-2686
-2508
-2230
-2321
-1914
-1183
-713
-728
-715
-372
-516
-597
-647
-1122
-1555
-1276
-786
-909
-1028
-1274
-1401
-1288
-1121
-538
302
695
907
1468
1323
1236
1353
1227
987
463
424
572
1106
1327
1188
1373
1212
527
-374
-190
433
540
1052
1677
1507
628
254
265
-406
-1181
-1433
-1156
-695
158
911
1186
1499
2051
2218
1960
1587
1196
1108
1253
1533
1633
1723
2009
2428
2395
2125
2315
2275
1726
1955
2388
2374
2232
2135
1975
1559
1105
761
1164
1963
2321
1996
1385
737
529
815
979
963
943
705
105
-404
-349
-601
-1082
-1177
-1347
-1623
-1880
-2494
-3090
-2655
-2266
-2542
-3007
-2901
-2607
-2590
-2755
-2822
-2841
-3090
-3534
-4396
-4532
-4367
-4562
-4221
-3703
-3294
-3140
-3344
-3776
-4269
-4423
-5049
-5030
-4609
-3959
-3259
-3421
-3037
-2753
-3292
-3775
-3888
-3602
-3053
-2969
-2955
-2283
-1505
-1901
-2423
-2431
-2212
-1876
-1861
-1921
-1500
-941
-721
-965
-988
-418
-414
-252
173
126
-276
-3
347
258
425
704
560
-195
-808
-698
-478
-337
424
1169
1545
1958
2190
2037
2163
1470
525
424
513
718
1337
2186
2832
3190
2653
2178
2463
2360
2292
3048
3392
3020
3302
3930
3905
4307
4868
4722
4184
4398
4397
3590
3181
3339
3143
2762
2524
1938
1696
1248
752
566
780
763
510
822
1203
1170
1231
1677
1968
1555
1259
1636
1814
1837
2298
2941
3520
3684
3577
3284
2420
1664
1374
1315
1393
1651
1931
2038
1950
2158
1755
504
-1120
-2379
-2919
-3108
-2939
-2413
-1985
-1513
-940
-872
-835
-807
-1008
-1488
-1730
-1726
-1314
-658
59
615
795
719
956
1420
1489
1338
1112
307
-498
-823
-979
-1090
-1714
-1945
-1968
-1993
-2623
-2912
-2697
-2531
-2020
-1458
-800
-664
-473
-572
-970
-1229
-1158
-602
29
407
550
489
530
1148
2273
2718
2360
1712
578
-11
-178
-429
-26
1143
1994
2282
2209
1783
876
-374
-894
-622
-181
94
607
1386
1688
1928
2011
1802
1193
401
119
-77
-384
25
829
926
548
486
1170
1293
960
1300
1447
874
353
-203
-753
-934
-969
-384
248
331
361
112
169
98
-524
-949
-1356
-2036
-2902
-3099
-2865
-2130
-1384
-960
-644
-921
-1685
-2138
-2036
-1494
-810
-702
-355
-303
-360
-623
-904
-711
-1155
-1229
-1165
-1677
-1815
-1990
-2046
-1586
-1033
-253
110
266
-17
-313
-279
-141
329
675
775
1054
1381
1065
988
610
61
164
253
676
1634
2497
2692
2633
1941
1014
272
-213
-65
204
887
913
531
646
1194
1742
1750
1610
1389
1203
739
260
471
1141
2059
2827
3173
3185
3373
3833
3317
2318
1847
1491
1203
1617
2493
3114
3132
3025
2667
1680
406
-1004
-2385
-2900
-2396
-1654
-789
-490
-918
-1270
-1918
-2639
-3095
-3384
-2949
-3027
-3127
-3207
-3162
-2511
-1778
-1748
-2645
-3520
-4054
-4054
-3863
-3495
-3271
-3272
-3254
-2600
-2447
-2251
-1979
-1740
-1616
-2205
-2412
-2841
-3194
-3061
-2793
-2622
-2601
-2299
-1557
-1281
-1378
-1511
-1757
-2258
-2751
-2796
-3017
-3627
-3686
-3295
-3015
-2833
-2526
-2407
-2302
-1674
-1006
-345
-92
535
1415
1734
1882
1673
1420
1118
322
-424
-233
127
526
1264
1266
796
704
358
-677
-1302
-1638
-1326
-276
913
1889
2446
2670
2678
2638
2189
1815
1661
1760
1696
1792
1664
1642
2102
2227
2341
2291
1984
1190
286
-200
-445
-968
-854
245
1385
2030
2354
2692
2512
1849
1269
1753
2504
2415
2570
3123
3314
3043
2453
2211
2092
1744
1468
1191
1662
2518
3233
3610
3625
3800
3554
2669
1692
936
521
604
789
973
1369
1582
1635
2040
2060
1499
651
336
516
105
-12
-200
-390
17
204
378
160
-892
-1986
-2464
-2233
-1777
-966
-778
-539
455
855
546
-146
-492
-864
-1133
-1356
-1957
-1863
-1656
-1845
-1898
-2082
-2076
-2039
-2152
-1689
-1169
-1351
-1114
-23
967
1326
1648
1797
1384
701
254
531
1052
1209
1612
2091
2237
2170
1914
1823
1526
1890
2306
1849
1151
1566
1715
980
978
1295
1165
308
78
103
-251
-349
-157
-295
-319
-398
-1184
-1730
-1709
-1256
-589
-246
114
419
5
-666
-573
182
665
1192
1264
680
205
-220
-310
-425
-774
-1026
-1233
-1530
-1529
-1261
-1731
-2311
-2028
-1581
-1940
-2093
-1488
-1130
-915
-971
-1586
-1981
-1653
-1049
-1035
-1586
-2194
-2460
-2035
-1578
-1169
-821
-901
-861
-346
179
669
935
1028
537
-614
-939
-401
160
35
-260
-496
-664
-725
-749
-723
-932
-932
-494
134
449
449
408
507
285
-247
-826
-825
-869
-1512
-1699
-1147
-109
492
417
-382
-1457
-2346
-3095
-3224
-2663
-1839
-556
641
1526
1796
1708
2135
2397
2410
1922
1298
1178
1527
1987
2551
3476
4094
3818
2908
1776
787
13
-183
421
971
1666
2923
3523
3296
3271
2753
1883
1206
271
-195
113
438
705
1057
871
878
1072
1104
984
424
123
107
432
885
912
518
564
900
901
657
698
619
253
-83
-434
-510
-659
-1285
-2017
-2217
-1938
-1392
-1923
-2761
-2970
-3256
-3169
-3159
-3267
-3652
-4386
-4696
-4871
-5139
-4856
-4317
-3963
-3701
-3885
-3909
-4239
-4669
-4737
-4670
-4645
-4736
-4782
-4811
-4393
-3763
-3333
-2923
-2377
-2451
-2795
-3270
-3184
-2168
-1228
-1173
-1216
-875
-900
-817
-697
-736
-1092
-1841
-1800
-1587
-1766
-1788
-1957
-1544
-1077
-633
450
1507
1617
1284
1259
1345
1425
1774
2073
2295
2732
3030
3187
3043
2533
2058
2176
2238
2099
2162
2541
2440
2080
1807
1733
1783
1609
2125
2745
2923
2997
3239
3166
2664
2464
2777
3311
3796
4028
4341
4446
4487
4128
3048
2120
1574
1531
1919
2080
1981
2075
1692
1012
825
1173
1487
1530
1054
870
782
527
679
362
27
235
387
262
533
1005
987
734
990
976
938
1240
690
-74
-751
-1241
-1592
-1102
-275
-240
-455
-408
-488
-1069
-1653
-2019
-1736
-1286
-1072
-830
-286
223
328
-13
-366
-887
-721
81
66
-269
107
300
210
1162
1760
1623
1594
1796
1715
1493
1055
647
448
109
-470
-1177
-1247
-846
-1314
-1869
-1513
-1919
-2274
-1750
-1441
-1405
-1334
-1420
-1552
-1877
-1971
-1688
-845
280
1014
1537
1915
2508
2890
3124
3258
3213
3442
3488
3017
2945
3042
3095
3287
3588
3767
3696
3228
2702
2364
1397
670
429
426
1356
1629
750
344
-253
-841
-1664
-2381
-2260
-2056
-2341
-2376
-1595
-975
-641
-671
-792
-1206
-1133
-776
-399
-19
-77
-451
-1470
-1824
-1656
-1276
-888
-789
-709
-827
-1162
-1633
-2094
-3016
-3715
-3260
-2571
-1773
-576
-263
-741
-1589
-2036
-2150
-2170
-2294
-2505
-2096
-1660
-1005
-453
-242
-51
-119
-697
-1073
-1239
-798
-147
-120
-304
-330
-312
-286
-95
-288
-653
-1100
-1418
-2193
-2534
-1933
-1095
-575
-555
-436
-308
133
708
1085
1125
1014
566
87
-155
268
812
1357
1991
1977
1342
307
-81
-59
565
1399
2118
2996
3435
3117
2655
2444
2156
2012
2051
2708
3419
3638
3309
2689
1434
116
128
123
-308
-347
183
1099
2148
2672
2037
746
-155
-194
102
456
853
857
463
-31
-330
48
775
1150
1518
2003
2287
2408
2728
2437
1861
1547
948
873
650
-247
-972
-745
-299
177
526
85
-592
-1420
-1756
-2035
-2565
-2693
-2845
-3187
-3474
-3903
-3918
-3151
-2284
-1666
-1594
-1433
-1433
-2172
-2965
-3695
-4252
-4446
-4457
-4214
-3802
-3374
-3434
-4042
-4543
-5203
-5616
-5267
-4401
-4167
-4203
-3932
-4095
-4550
-4434
-4014
-3665
-2611
-2125
-2540
-2363
-2198
-1760
-893
-587
-510
-842
-691
-64
617
494
372
421
-74
-90
418
647
437
417
-81
326
787
642
985
1654
1489
1051
903
269
-485
-685
374
1783
2724
2608
2433
2268
1289
62
-629
-433
361
1108
1926
2555
2953
3512
3916
4106
3708
3698
4178
4279
4169
4109
4758
5474
5705
5487
4778
4129
2847
1627
1478
1495
1452
1854
1932
1405
264
-973
-1777
-2358
-2469
-2080
-1390
-821
-64
172
356
874
1264
1803
2314
2509
2887
2658
2279
1902
1508
1948
2167
2359
2237
1874
1312
900
366
-94
-582
-1226
-1373
-1698
-1803
-1603
-1482
-917
-896
-1565
-2184
-2588
-2715
-2522
-2371
-2134
-1038
301
1465
1807
1646
1727
1908
1501
1047
498
156
100
843
1677
1414
1117
917
506
194
-485
-1244
-1265
-1305
-656
-43
106
-362
-1225
-2566
-3466
-3182
-2792
-2539
-2335
-1951
-1812
-1922
-1391
-337
534
1160
945
671
471
561
806
709
1164
2252
3223
4062
4604
4304
3279
2316
2456
2821
2905
2509
1801
1059
989
1760
2606
3005
2390
1530
493
-414
-974
-653
-409
-685
-593
-211
141
252
-19
-558
-326
257
616
254
66
561
633
518
155
-674
-630
-359
-267
-801
-1852
-1884
-2178
-2901
-2641
-1632
-1879
-2590
-3036
-3123
-2249
-1661
-1312
-1182
-1308
-1741
-2233
-1904
-1085
-934
-1184
-1246
-1311
-1092
-1140
-1594
-1804
-2096
-2237
-1943
-1698
-1334
-1364
-1711
-2282
-2646
-2695
-1802
-394
505
1392
403
-1223
-2336
-2719
-1904
-1236
83
1158
1234
1291
1211
714
-250
-319
68
101
501
1217
1060
153
-607
-980
-1156
-1348
-869
-210
190
421
692
603
470
575
352
-207
-499
48
1054
1556
2013
3022
3716
4328
4384
4097
4190
3932
3323
3078
3365
3712
4035
4422
4249
3602
3115
2899
2837
2863
2749
2692
2727
2352
2391
2597
2490
2420
2078
1244
942
911
559
917
1500
1771
1513
811
316
266
517
445
59
-443
-1153
-1631
-1591
-1407
-1364
-1468
-1860
-2231
-2722
-3334
-3914
-4674
-5694
-5883
-5112
-4882
-4579
-4240
-4034
-4035
-4512
-5194
-5593
-5557
-5290
-4926
-4865
-4467
-4531
-4600
-4159
-4180
-4677
-5308
-5508
-5707
-5551
-5291
-5530
-5427
-5180
-4550
-3624
-3033
-2662
-2896
-2903
-2902
-3153
-3137
-2967
-2806
-2644
-2670
-3132
-3397
-2618
-1407
-495
161
298
701
895
758
880
1350
1109
354
202
442
1111
1856
1890
1115
347
23
405
1079
2107
3178
3904
4022
3713
3531
2936
2668
2731
2495
2553
3052
3904
4431
4308
4201
4333
4491
4653
4546
4570
4664
4638
4907
5411
6007
6326
5928
5306
4396
3561
3674
3707
3943
4081
4058
3814
3052
2512
2410
2155
1782
1353
414
-297
-390
49
110
-456
-974
-852
-133
-49
-993
-1680
-2121
-2313
-1743
-560
616
840
659
1054
1425
843
-430
-1170
-1025
-447
836
2062
2296
1900
1305
184
-790
-1606
-2611
-3082
-3159
-3240
-2969
-2316
-1677
-922
-509
-644
-1044
-1356
-1715
-2629
-3387
-3239
-2601
-1569
-860
-93
575
548
161
-765
-1149
-1846
-2605
-2891
-2352
-1220
-103
840
1415
1917
1572
1070
84
-1042
-1710
-1794
-1614
-1231
-236
789
1123
614
72
-116
-30
351
506
202
88
609
1511
2093
2517
2297
1804
1209
1273
2063
2402
2420
2502
2686
2556
2289
2265
1957
1415
1519
1226
851
457
-93
-514
-412
168
515
883
1192
1075
153
-530
-872
-1063
-1449
-1495
-871
-152
380
783
658
-23
-412
-944
-1803
-2409
-2088
-1805
-1327
-926
-181
242
-16
-354
-1334
-2816
-3808
-3881
-3187
-1628
-765
-77
-487
-1384
-1379
-1892
-2975
-3109
-2968
-2944
-2473
-1167
173
247
389
671
503
105
218
417
275
-315
-301
227
17
89
379
-275
-956
-732
-852
-1213
-858
6
629
764
479
498
1028
1131
1205
982
400
-110
28
287
591
1088
1512
2091
1710
1140
1117
1029
584
755
1049
1553
2043
1997
2363
2391
1788
886
-100
-926
-1202
-1170
-334
1114
1893
2164
2279
2143
1790
1051
60
-1021
-1317
-625
432
1445
1818
1979
2563
2934
2932
2410
1600
1246
845
767
458
116
-320
-493
-141
-310
-584
-1000
-1645
-2568
-3322
-3211
-2667
-2381
-2532
-2852
-2708
-2945
-3615
-3804
-3820
-4231
-4515
-4509
-4252
-3431
-2796
-2317
-2027
-1832
-1552
-1542
-2097
-2307
-1915
-1827
-2224
-2209
-1805
-1898
-1391
-671
-644
-934
-1180
-2082
-2900
-3277
-3506
-3075
-1837
-759
-287
-316
-1350
-2027
-2304
-2448
-2611
-2466
-2611
-2916
-3124
-2861
-2688
-2220
-1008
-235
292
-2
-539
-920
-1091
-1200
-944
-890
-810
-887
-1094
-1600
-1910
-1657
-1333
-932
-430
325
915
1941
2742
2970
2570
1980
1590
1377
1283
1685
2302
2715
2624
2317
2448
2814
2938
2962
3002
2471
2223
2449
2559
2147
1844
2030
2088
1798
1306
1169
1813
2574
3235
3750
4265
4501
4393
3611
2467
1805
1134
1079
1467
1521
1298
1245
1348
1502
1508
2146
3259
3776
3529
3135
2658
2258
1852
1238
1231
1541
1729
1394
346
-510
-958
-991
-752
-1163
-1363
-855
-311
-144
-50
-418
-1114
-1489
-1934
-2536
-3076
-3430
-3335
-2777
-2109
-1548
-941
-715
-982
-1089
-855
-632
-581
-469
103
705
643
37
-480
-696
-929
-803
-1163
-997
-683
-1659
-2414
-1936
-811
-127
45
201
471
681
719
659
327
163
394
241
-197
-159
196
639
2104
3735
4321
4416
4292
4029
3805
2907
1961
1915
2413
2447
1835
1169
990
766
75
-114
-50
107
347
110
-811
-1513
-1826
-1721
-811
-389
-1064
-1728
-2014
-1974
-1498
-1013
-569
-242
-405
-660
-981
-1549
-1139
-190
488
1074
1429
1182
675
431
-172
-1009
-1711
-2156
-2630
-2987
-2724
-2046
-1176
-278
91
-186
-1123
-2099
-2789
-2826
-2796
-2645
-1720
-960
-766
-902
-660
-239
104
251
522
611
380
521
1297
1657
1608
1533
1319
1105
486
269
453
538
582
848
1043
766
310
7
-62
-521
-1018
-1331
-1371
-1640
-1616
-898
-354
-323
-288
216
-186
-580
-854
-1201
-1493
-1453
-885
-105
473
262
17
-277
-736
-570
255
873
1273
1553
1479
1006
849
917
1432
1558
1168
877
432
-99
-382
80
301
366
158
188
304
-82
-566
-696
30
822
1358
1491
1776
2202
2164
2055
2165
2191
1576
897
698
743
1177
1861
2277
2579
2510
1966
1383
989
445
6
-55
-70
311
812
1693
1956
1254
108
-1342
-1849
-2269
-2702
-2516
-1915
-923
-202
-310
-896
-1497
-2357
-3360
-4206
-4404
-3835
-3192
-2780
-2534
-2403
-2665
-3403
-4029
-4599
-5204
-5574
-5249
-5017
-4597
-3940
-3888
-3009
-2399
-3068
-3616
-3768
-4066
-3679
-3301
-2753
-1941
-1834
-2101
-2283
-1835
-1731
-1824
-2056
-2080
-1869
-1925
-1968
-2305
-2596
-2480
-2703
-3245
-3417
-3199
-2534
-1871
-1433
-266
733
1037
798
244
-231
-792
-1030
-807
467
1438
1729
2278
2870
2988
2182
1579
1543
1672
1896
1856
2025
2390
2821
3049
2678
2233
2216
2609
2886
3450
3851
3619
3644
4219
4197
3535
3387
3213
2869
3021
3137
2549
2520
3205
3089
2912
2681
2257
2122
1359
637
152
242
1126
2265
3053
3594
4607
4624
3853
3005
1981
1487
1338
966
966
1478
1985
1682
895
448
620
1467
1971
1503
1134
905
338
-49
-174
196
296
126
364
443
-6
-318
-333
203
766
445
-146
-482
-928
-798
-309
-258
-824
-1927
-2246
-1661
-896
-339
367
857
733
426
667
978
654
135
-707
-1670
-2112
-2522
-3005
-3468
-4082
-4327
-4093
-3826
-3290
-2425
-2385
-2815
-3393
-3383
-2938
-2966
-2626
-2185
-2369
-2380
-1591
-564
254
500
848
784
683
1300
2135
2989
3451
3400
3852
5082
5605
5082
3804
2591
1503
846
426
565
1031
1623
2141
1897
1616
555
-803
-1375
-989
33
1146
2067
2476
1641
320
-552
-1170
-1205
-530
614
1752
2637
3337
3125
2208
1442
189
-1279
-1746
-1813
-1300
46
561
443
474
253
-677
-1266
-1442
-1582
-1628
-1336
-846
-1074
-1007
-755
-910
-860
-703
-912
-1266
-1507
-1420
-979
-550
51
463
63
-481
-877
-1352
-1643
-2075
-2486
-2583
-2450
-1997
-1274
-849
-1007
-1443
-2184
-2742
-2741
-2513
-2543
-2575
-2544
-2352
-1444
-1026
-1640
-2413
-3121
-2684
-2176
-1965
-1269
-360
41
392
1433
2090
2882
3061
2830
2492
2037
1607
1863
2497
2943
3456
3528
4133
4693
4401
3903
3340
2833
2607
2135
1834
2094
2944
3606
3924
4322
3844
2489
1508
861
4
-488
-714
-519
274
1048
1289
635
220
313
-185
-726
-438
-174
-312
-36
134
334
1184
1939
2149
2515
2247
1787
1498
707
-147
-487
-458
-754
-833
-1333
-2344
-2824
-2453
-2598
-2617
-2249
-2323
-2312
-2344
-2384
-2571
-2720
-2400
-2450
-2846
-2830
-3410
-4414
-5072
-4722
-4322
-4030
-3250
-2437
-1989
-1929
-2225
-2902
-3228
-3830
-4324
-4351
-3979
-3520
-3503
-3332
-3532
-3561
-3411
-3663
-3795
-4110
-3803
-3090
-2297
-1321
-856
-769
-1026
-1658
-2194
-2515
-2591
-2342
-1537
-258
735
1408
1821
2443
2647
2258
2029
1546
1162
1669
2252
2027
1804
1501
717
579
378
-55
456
844
1098
1326
1573
1359
1033
1014
860
792
649
527
800
1681
1720
1585
1607
1406
1483
1822
2126
2847
3388
3281
3519
3598
3063
2216
1946
2137
2459
2662
2733
2465
2000
1419
1086
1130
1396
1888
1900
1677
1684
1734
1456
1281
767
-207
-591
-990
-1872
-1843
-907
313
1772
2886
3701
3613
3046
2841
2356
1816
1651
1708
1707
1650
1806
2043
1889
1477
1072
577
698
1234
1403
1353
401
-854
-1558
-1330
-1058
-1690
-1968
-2042
-2406
-2718
-3290
-3991
-4118
-3481
-2662
-2059
-902
402
991
610
153
225
517
617
385
324
506
566
499
150
-130
-476
-1144
-1390
-1660
-1856
-1566
-1208
-1691
-2061
-1978
-1732
-1885
-2616
-3084
-2956
-2550
-2671
-2867
-2032
-698
-59
540
1205
1714
2097
2520
2549
2627
2620
2665
2836
2398
2003
2142
2354
2745
3080
2461
1841
1092
615
514
715
1224
1966
2385
1743
829
-74
-397
-537
-320
-106
-252
-472
-621
-492
-458
-5
194
-96
-243
-210
-697
-924
-629
-1078
-1297
-270
689
618
-11
-1128
-1783
-1751
-1371
-832
-382
-460
-924
-1560
-2076
-1795
-1717
-1659
-1385
-1328
-1368
-1587
-1981
-2248
-1995
-1445
-474
-187
58
192
-749
-1225
-1475
-1997
-2136
-2112
-2136
-1168
-536
-572
-666
-358
-221
-414
-721
-1335
-1753
-2213
-2215
-2228
-1452
-517
-424
-487
-195
298
-38
-805
-866
-801
-767
-377
-339
-406
-261
-79
100
201
564
802
587
422
325
384
510
1040
1513
1726
2242
2573
2531
1934
1051
745
555
474
1175
2042
3223
3906
3642
3525
3490
3297
2738
2465
2314
2714
3576
4195
4528
3948
3146
2643
2322
1959
1641
1688
2253
2154
1896
2471
2931
2884
2352
1373
460
469
165
-212
370
1103
1217
1080
1182
1400
1254
797
369
-285
-951
-1710
-1880
-1900
-2389
-3487
-3730
-3267
-3194
-3262
-3764
-3926
-3532
-3272
-3748
-3714
-3398
-3549
-3792
-3732
-3948
-3906
-3630
-3895
-4443
-4883
-4982
-4814
-4655
-4577
-4105
-4327
-4592
-4487
-4248
-4119
-4173
-4570
-4468
-3582
-2933
-2426
-2108
-2093
-2315
-2475
-2508
-2031
-965
-481
-843
-1165
-899
-152
-434
-460
129
194
-62
-91
-84
-366
-405
-183
499
1324
1705
1485
1475
1629
1365
1346
1470
1142
892
927
1081
1148
1425
1344
1057
852
349
250
682
1544
1988
2015
1567
842
334
-73
-14
290
544
946
1165
729
668
1041
903
1044
1958
2473
2561
2788
3093
3279
3303
3120
2984
2557
1748
2230
2736
2781
2886
2973
3500
3534
3416
3175
2323
997
-403
-1396
-1037
-330
104
764
1387
1675
1949
2224
2258
2230
2236
2059
1345
1537
1998
2336
2504
2345
2124
2162
2439
2667
2585
2202
2109
2799
3214
2744
2043
1641
1624
1252
632
-180
-361
-379
-481
-489
-540
-831
-1192
-1677
-1421
-1101
-1780
-2688
-2650
-1871
-1659
-1212
-621
-170
2
-57
-694
-1127
-978
-795
-1357
-2178
-2018
-2075
-2627
-2520
-1396
-59
735
876
176
-1525
-3638
-4737
-4388
-3665
-2957
-2273
-1217
55
468
-86
-435
-382
-306
-17
492
1454
2140
2005
1757
1487
931
177
422
1406
1477
1732
2908
3503
3204
2327
1185
333
-704
-868
-18
431
1187
2092
2202
1529
382
-485
-1176
-1964
-2537
-2216
-1582
-709
528
1377
1392
382
-753
-1245
-1231
-1402
-751
398
1088
1147
1023
990
951
890
691
283
-215
-314
-130
488
914
555
-356
-412
-393
-1180
-1987
-2432
-2223
-1945
-1735
-1012
-183
-235
-1199
-2334
-2768
-2573
-2043
-1096
-273
-268
-465
-269
301
801
569
-245
-885
-1366
-1459
-1298
-1036
-496
-234
220
864
1049
759
565
59
-359
-233
285
958
1378
1357
1004
668
364
438
336
262
302
245
-140
-151
286
656
1141
1408
1271
1017
548
-229
-650
-676
-480
-275
551
1137
1174
966
366
-272
-217
133
254
1135
2373
3314
3657
3337
2665
1907
791
117
44
293
866
1510
2221
2447
2274
1833
741
-221
-883
-1470
-1471
-549
346
-373
-1833
-3088
-3407
-2843
-1902
-1071
-774
-715
-666
-713
-826
-1061
-1648
-2750
-3978
-4047
-3099
-1818
-777
-142
-186
-1173
-2543
-3356
-3704
-4265
-4313
-3655
-2889
-1705
-247
426
492
-115
-1223
-1765
-2253
-2875
-2659
-1807
-1037
-956
-1186
-993
-873
-1118
-1825
-2515
-2898
-2675
-1844
-754
-505
-1068
-1800
-2580
-2784
-2403
-2067
-1422
-471
-431
-124
-95
-617
-1260
-1667
-1848
-1842
-1602
-1082
90
501
413
124
-595
-1133
-1047
-296
864
1842
2983
4282
5421
5668
4264
2225
552
-332
-272
1083
2768
3614
3531
2957
2464
1561
779
308
302
597
1020
1626
2020
2335
2386
2109
1699
1199
567
552
1036
1687
2044
2434
2701
2485
2341
3141
4059
3501
2773
3238
3853
3631
3401
2859
2144
1096
350
347
418
786
1474
1884
1459
884
259
-150
-176
-260
235
975
1345
1475
679
-191
-915
-1625
-1975
-1644
-1090
-488
387
933
1311
1455
1364
347
-1015
-1882
-1929
-1907
-1453
-957
-1194
-1165
-1028
-1203
-1605
-1024
-495
-554
-469
-394
-835
-1255
-1178
-795
-175
-139
-980
-1150
-1070
-1605
-1287
-406
208
236
27
172
352
-65
-651
-465
137
672
819
312
546
947
1083
1036
1605
2806
3424
3315
2905
2900
2537
2143
1694
1711
1628
1463
1150
636
280
-36
-385
-935
-834
-613
-354
379
1072
2030
3006
2728
1937
474
-875
-2154
-2670
-2291
-1590
-258
472
1383
2056
1674
625
-816
-2406
-2872
-2376
-1799
-1318
-419
602
523
-494
-500
-139
-775
-1755
-2730
-2956
-2412
-1503
-1226
-763
-228
-117
-254
-304
-816
-1635
-1970
-2192
-1753
-793
-16
619
611
162
613
1047
731
171
139
-482
-1142
-1002
-884
-622
-157
-293
-668
-662
-930
-987
-1027
-1405
-1480
-1012
-1092
-1586
-1230
-655
-1146
-2020
-2077
-2003
-2677
-2653
-2049
-1632
-1616
-1698
-957
-498
-645
-724
-195
435
343
633
1276
1643
1733
1401
1462
1145
306
715
1876
1812
1125
870
1510
2407
2409
2237
2139
1574
476
-235
-101
180
652
1254
1917
2364
2961
3806
3513
2594
1749
2111
3218
3685
3564
3101
2206
1668
1773
1842
1702
1349
1503
1316
990
724
298
-85
-473
-665
-329
599
875
673
1190
1548
1092
794
776
764
84
-1078
-1610
-1379
-1361
-1881
-1910
-1774
-2202
-2932
-3466
-3556
-3180
-3013
-2800
-2302
-3422
-4972
-5635
-6097
-6533
-6754
-5932
-4938
-4262
-3794
-3709
-3753
-3649
-3498
-3571
-3706
-4040
-4240
-3333
-2102
-1306
-945
-907
-935
-1500
-2197
-2591
-2600
-2351
-2044
-1583
-1006
-941
-1114
-931
-845
-1136
-1450
-1592
-1749
-1636
-1268
-950
-535
98
162
129
405
373
446
1060
1877
2586
2798
2206
1600
1819
1948
1454
1961
3189
4094
3807
2663
1713
1492
1589
1498
2477
3415
3516
2856
2532
3165
3686
4065
4077
3738
3326
2996
2942
3222
2980
2347
2248
2491
2368
2204
2209
1418
787
965
995
923
472
-48
67
109
-416
-953
-647
93
427
915
1745
2008
1119
-356
-1549
-2127
-1597
-1282
-1432
-573
538
1353
1932
2332
2012
845
-299
-1022
-516
135
353
628
641
340
-340
-598
3
368
240
391
581
111
-1132
-1706
-2071
-1623
-16
1234
1993
2635
2608
1718
1696
2191
1901
1541
1436
1202
1897
2299
1381
582
538
595
665
-192
-1234
-1793
-2527
-2423
-1763
-850
-520
-1269
-1864
-1945
-2614
-3175
-3041
-2158
-1437
-1246
-874
-1005
-1052
-948
-716
476
1884
2381
2206
2064
2413
2701
2932
3212
3858
4311
3974
4098
4826
5205
4583
2885
1472
1197
415
-239
388
884
851
851
291
-525
-1275
-2136
-2990
-2871
-2474
-2526
-1913
-1078
-1208
-1432
-1071
-783
-168
-396
-914
-689
-103
341
404
265
298
540
410
-59
-642
-1098
-873
-317
-241
-643
-791
-562
-343
135
169
-443
-1495
-2075
-2412
-2447
-1740
-844
-740
-1341
-1996
-2295
-1864
-2012
-2093
-1739
-1553
-1099
-349
-195
-947
-2282
-2781
-2236
-1565
-1240
-1344
-1206
-879
-962
-1356
-1275
-1004
-1321
-1312
-692
-750
-1022
-726
-175
-135
-101
166
104
-472
-335
344
484
481
1056
1992
1710
1194
1791
2763
2808
2737
3100
3360
3064
1857
937
1510
2550
2311
1819
2439
3006
2672
3013
3524
3680
3841
3326
2809
2455
2162
1251
197
-177
285
1667
2339
1787
1576
1334
89
-521
-838
-1466
-2088
-2454
-1602
-220
198
626
913
427
-182
-1101
-1555
-1544
-1462
-1639
-1093
188
769
413
109
317
169
-268
-346
168
-78
-1427
-2211
-2133
-1416
-919
-1154
-1605
-2397
-3338
-3654
-2860
-2138
-2213
-2747
-2346
-1931
-2292
-2432
-3071
-4004
-4943
-5893
-5965
-5378
-4384
-3198
-2127
-1317
-1532
-1809
-2283
-2983
-3727
-3936
-3624
-2977
-1646
-1134
-1183
-1460
-1927
-2074
-2271
-2757
-2553
-1593
-1243
-1938
-2170
-1829
-1558
-1001
-882
-1244
-1555
-1590
-1937
-1422
-338
240
936
1044
781
277
-55
-270
-176
831
2516
3818
3634
2841
1868
1202
1014
423
569
1631
2976
3535
2803
1878
863
237
171
898
1320
1178
1257
1615
1927
2325
2687
2778
3268
3180
2787
2764
2782
3160
4209
4918
5224
5396
5372
5005
3982
3070
2531
1897
1787
2356
2104
1430
794
-207
-1088
-1296
-798
119
974
1174
895
449
-500
-760
-917
-1282
-460
189
-75
-944
-1201
-863
-667
-334
370
1582
2401
2553
2047
1446
687
-177
-448
-113
274
111
371
933
803
-344
-1560
-2072
-2421
-2636
-2400
-1611
-1122
-1538
-2312
-2446
-1658
-948
-993
-1163
-1343
-1771
-1293
-611
252
1273
2104
2563
2092
1343
216
-737
-1404
-1531
-1512
-807
264
198
-172
-248
-920
-1765
-2148
-2882
-2904
-1802
-849
-865
-784
-21
646
1430
2192
1905
984
698
872
782
809
1463
2349
3442
4241
3834
2841
2276
2185
2131
2288
2930
3168
2448
1734
1322
674
176
207
346
529
779
918
983
689
270
-510
-1036
-1465
-2204
-2096
-1544
-1272
-1250
-824
-296
-37
-351
-600
398
591
-834
-1492
-1423
-1198
-214
391
-287
-835
-1204
-1944
-2106
-2254
-2652
-2683
-2764
-2676
-1260
452
1281
815
-706
-1735
-2184
-2242
-2126
-1801
-1546
-1274
-604
-177
284
316
153
-613
-714
180
27
-188
-822
-1245
-1620
-1619
-823
-746
-919
-1650
-2489
-2657
-2658
-2749
-2590
-1503
-15
602
267
-140
-118
-476
-1270
-1591
-679
512
540
585
1053
254
-1261
-2072
-2219
-1429
-628
482
1163
1249
1567
1507
957
-36
-700
-1163
-1452
-1019
395
1507
1910
1758
2497
3268
2962
2509
2664
3382
3538
4182
4587
4474
4053
3274
2714
2443
2306
2881
3009
2606
2648
2405
2682
3357
3534
3086
2350
1679
1318
1033
701
704
1141
1263
1365
1604
1319
809
10
-802
-960
-569
-301
-357
-594
-657
-968
-1392
-1222
-990
-875
-1021
-1563
-2619
-3573
-3673
-3761
-3925
-4030
-3808
-3394
-2885
-2704
-2812
-3195
-4449
-5089
-5507
-5486
-5372
-5136
-4597
-3882
-2958
-3129
-4151
-4995
-5672
-5809
-4352
-3102
-3052
-2871
-2353
-3105
-3943
-3796
-3256
-2937
-3352
-3839
-3977
-4015
-3704
-2955
-2479
-2174
-1853
-1317
-1014
-1021
-984
-550
7
-29
70
871
1514
1594
1317
1251
1778
2045
1819
1748
2131
2228
1631
1375
1606
1871
1817
1274
1328
2358
3411
3731
3209
2461
1568
1330
1532
1783
2887
3491
3290
2828
2605
2635
2450
2872
3539
3668
3856
4335
4340
4055
4172
3877
3887
4458
4311
3617
3275
3555
3665
3375
3255
2843
1627
391
-423
-837
-1541
-2289
-1599
155
1201
1659
1319
-138
-1399
-2030
-2946
-2547
-1078
-390
705
1558
1763
1705
1764
2129
2069
1852
1370
133
-802
-819
-309
670
1855
1982
1232
911
690
472
137
-409
-769
-941
-495
-579
-1279
-2268
-3291
-2989
-2317
-2174
-2174
-2034
-1847
-1933
-1829
-1514
-1721
-2112
-1934
-1768
-1964
-1551
-1287
-1123
-1238
-1373
-804
-169
162
451
934
1046
856
334
66
-45
-523
-641
-199
59
151
297
766
992
995
1454
1689
1263
388
55
110
521
1340
2294
2894
2941
3045
2926
2240
1155
450
332
1038
1565
1528
1294
864
676
597
726
764
675
571
858
1069
646
-21
-501
-721
-1078
-1449
-1359
-892
-840
-1084
-916
-620
-746
-1243
-1530
-1063
-398
318
493
-229
-876
-1352
-1682
-1603
-1076
-656
-256
261
599
946
569
-223
-878
-1214
-585
306
711
277
-672
-1996
-2595
-1949
-1340
-1401
-1918
-2343
-3191
-3628
-2910
-1702
-444
-748
-1376
-1585
-2087
-2055
-2124
-2328
-1811
-401
692
1439
1186
696
537
-110
-390
288
1618
2661
3326
3152
2853
2368
1623
1024
966
1328
1692
1914
1854
2081
2247
2216
2441
2602
2133
1883
1742
1602
1391
1412
1461
1174
838
667
884
879
994
1417
2133
2524
2705
2318
1962
1583
1026
750
-365
-772
-411
329
1277
1495
1446
1079
236
-671
-724
-173
-210
-324
-212
-437
-574
-384
-304
-310
-662
-384
153
756
947
98
-437
-917
-1105
-1127
-826
-895
-1510
-2614
-3462
-3639
-3593
-3657
-3895
-4077
-4411
-4268
-4347
-4402
-3938
-3328
-2764
-2378
-2382
-2541
-2567
-2386
-2354
-1836
-1093
-718
-724
-700
-620
-754
-414
356
869
726
622
491
71
-629
-889
-1092
-1107
-1362
-1869
-2178
-2871
-3256
-3657
-4201
-4707
-5055
-4932
-4042
-2991
-2409
-1771
-1154
-1487
-2163
-1964
-1662
-1220
-457
-395
-871
-951
-326
666
1163
1092
1061
1082
1066
778
1135
1729
1502
948
390
-125
-491
-865
-1437
-1087
-32
1535
3034
3312
3042
3248
3547
2962
2007
1316
1464
1638
1732
2177
3013
4077
4636
4480
4124
3691
2687
1768
995
417
468
930
1607
2242
2481
2910
2920
2241
1315
1167
1389
1122
1300
1500
1676
1464
1459
1805
1542
1324
1520
1624
1542
1064
963
1279
1275
1590
2729
3259
2720
2116
1087
-348
-1451
-1904
-2274
-1765
-819
-67
306
266
336
-102
-936
-1496
-1809
-2061
-2206
-2357
-2337
-2274
-2009
-1461
-803
-207
182
-11
-523
-1156
-1570
-1738
-1914
-1329
-776
-547
-197
97
80
-3
-96
-374
-167
293
715
706
258
198
130
-42
750
2104
2220
1587
960
372
-427
-842
-174
722
1327
1608
1563
953
567
131
382
1037
1617
2046
2009
1918
1474
916
92
-310
-690
-860
-998
-915
-238
373
741
1060
929
63
-643
-866
-994
-1486
-1784
-1820
-1162
-271
658
1398
1754
1306
1
-1461
-2667
-2529
-2281
-1819
-1083
-720
-645
-848
-1158
-1478
-1308
-985
-533
59
66
-464
-1058
-1279
-1105
-1035
-799
-677
-876
-1126
-499
536
782
409
-237
-462
-224
-451
-820
-832
-1020
-891
-383
211
459
-109
-773
-524
-136
-220
-224
131
403
222
-133
-374
-464
-457
-278
-374
-467
-28
-66
19
12
-67
-385
-822
-113
263
330
283
120
-212
-357
-668
-488
-165
509
1035
765
1182
1357
1091
913
1053
925
862
399
531
1014
1425
1749
1243
123
-761
-788
-593
-445
-931
-1328
-1275
-668
-331
70
1183
2405
3597
3746
3317
3552
3511
3134
2663
2305
2281
2080
1871
2097
2070
1846
2101
1807
1149
967
842
140
-264
-879
-1127
-722
-554
-1075
-2194
-3173
-3950
-4261
-3945
-2943
-2296
-2106
-1895
-1684
-1892
-1844
-1809
-1752
-1414
-1030
-459
-438
-429
-740
-644
-372
-1082
-1530
-1587
-1870
-2112
-1731
-1364
-1705
-2575
-2821
-2717
-2827
-2548
-2280
-2479
-2662
-2456
-2124
-2001
-2106
-1778
-1378
-908
-711
-1063
-1480
-1681
-1673
-1735
-1407
-1506
-2290
-2729
-2541
-2594
-3292
-3423
-2916
-1896
-1208
-519
68
19
696
1367
1386
651
-283
-1232
-1866
-1746
-1276
-552
-8
141
56
-118
290
693
593
739
1338
2237
2531
1851
630
382
744
825
1171
1401
1592
2118
2657
3165
3732
4313
4597
4574
4657
4652
4417
3894
3633
3562
3389
3566
3529
2739
1948
1824
1540
1649
1622
1496
2032
2514
3366
3053
1887
754
-197
-681
-668
-857
-488
520
933
1263
1406
1370
1226
1321
1521
2143
2148
1648
1018
910
748
214
100
100
417
393
-65
-557
-1199
-1913
-1941
-1579
-925
-303
214
301
54
-471
-922
-1379
-1412
-1329
-1633
-2027
-1762
-765
-182
-30
-116
16
-496
-953
-1520
-1988
-1727
-1320
-1204
-1107
-1242
-1448
-1579
-1439
-596
-353
-684
-1239
-1297
-1389
-1654
-1944
-2894
-3402
-2994
-2264
-1196
-230
243
29
-591
-583
-208
248
936
1975
2172
1942
2784
4249
5120
4914
4467
4416
4335
3971
3413
2816
2817
2592
2469
2501
2584
2659
2644
2051
1493
1425
1071
455
-141
-285
-1013
-952
-811
-363
504
597
472
427
-8
-855
-778
-432
173
381
233
195
162
-397
-1113
-1417
-1615
-1789
-1579
-254
702
461
396
342
-192
-831
-1362
-1029
-901
-917
-785
-678
-959
-1579
-1880
-1867
-1335
-775
-323
70
320
24
-259
-837
-1209
-1237
-1597
-2349
-2803
-2747
-2884
-2349
-1603
-826
-715
-1288
-2066
-2396
-2571
-2161
-886
-230
-261
-1059
-1024
-1268
-1925
-1709
-630
532
701
915
1195
1383
1335
930
896
1140
1136
1422
1286
768
686
772
1294
2330
3073
3609
3917
3430
2845
2503
2443
2479
2926
3427
3571
3521
4166
4775
4016
3139
2452
1570
916
813
810
775
274
172
773
967
291
32
563
322
26
218
679
638
253
242
349
363
303
340
449
268
-133
-288
-734
-832
-438
293
1033
1067
872
334
-411
-1276
-1825
-1807
-1912
-2998
-4057
-3702
-2899
-2254
-2009
-2169
-2881
-3984
-5048
-5794
-5409
-4624
-3734
-3315
-3520
-3247
-3223
-3347
-3697
-3814
-3609
-3465
-3212
-3172
-3000
-2945
-2776
-2596
-2250
-2146
-2230
-2265
-2549
-2350
-2020
-2037
-1772
-1589
-2111
-2311
-2025
-1697
-1389
-1041
-734
-338
-482
-806
-936
-1075
-617
-342
168
735
694
463
486
647
387
229
-293
-940
-1040
-329
621
1639
2709
2588
2150
1771
1765
2014
2128
1956
1748
1532
771
563
1194
1807
2530
3266
3379
2865
2262
1827
1315
1172
1173
1532
1794
1816
2536
3012
2827
2699
2408
2446
2212
1662
1567
2108
2783
2862
2360
1471
761
-157
-872
-987
-787
-305
711
1041
1198
974
195
-627
-1853
-2420
-2301
-2078
-1674
-717
252
1024
1315
1093
874
552
254
331
875
1233
578
519
1276
1688
1916
1986
2193
2320
1893
1231
829
509
-255
-928
-365
683
1087
925
646
-237
-1621
-2269
-2630
-2673
-2406
-2250
-1706
-750
260
583
413
456
414
294
-74
-618
-425
341
513
320
550
929
1006
640
664
843
543
-77
-1123
-1914
-1420
-767
-109
631
971
1330
1288
735
-308
-957
-798
-240
828
1859
2168
1892
779
10
49
500
1522
2431
2710
2305
1821
1610
1856
2675
3154
2814
1939
1410
1408
1160
1158
546
-343
-948
-1641
-2083
-2211
-1883
-1240
-782
-505
-540
-854
-1293
-1790
-2021
-2200
-1916
-1478
-804
-363
-298
99
328
355
247
122
8
-440
-1021
-1761
-2486
-2137
-1189
-458
-103
-339
-427
-625
-660
-742
-1006
-1211
-1694
-2138
-2561
-2533
-2114
-1297
-1117
-1371
-1253
-1359
-1510
-1622
-2030
-2453
-2709
-2572
-2061
-1331
-436
546
1010
698
67
-472
-699
-1140
-1610
-1299
-308
-92
-185
337
832
714
446
-65
-807
-1474
-1648
-1659
-1285
-408
-379
-750
-688
467
1398
1541
815
366
436
-248
-487
-273
325
1049
988
617
1014
1368
1128
1127
1533
2286
2886
2857
3306
4496
4693
4673
5420
5583
4791
3831
3292
3386
3792
3555
3359
3224
3289
3305
2678
2188
1579
1365
1452
1798
2200
2401
2369
2092
2053
2095
1527
683
55
-513
-348
216
-93
-892
-1060
-674
-428
-780
-1762
-2766
-3102
-3069
-3401
-3821
-3716
-3944
-4382
-4703
-4802
-4334
-3816
-3357
-3021
-2999
-3273
-3763
-4828
-5639
-5731
-5638
-5232
-4872
-4724
-4555
-4560
-4883
-5039
-4861
-4861
-5229
-5245
-4776
-3979
-3647
-3798
-3389
-2595
-2160
-2591
-3211
-3294
-2685
-2032
-1516
-1108
-1052
-785
-645
-783
-317
222
293
-129
-1008
-1558
-1508
-1186
-208
451
1051
1698
1717
1732
1810
2179
2207
2448
2827
2883
2780
2781
2800
2650
2558
2050
1333
1254
1469
1648
1646
1575
1497
1670
2482
3573
4377
4375
4045
3219
2348
2014
2154
2263
2319
2498
2408
2110
2433
2650
1673
856
555
125
164
1127
2423
3762
4266
3906
3022
2052
1088
495
699
1108
1306
770
400
715
1058
761
885
1441
1481
964
233
105
516
1031
1248
1285
1168
-4
-1408
-2228
-2503
-1916
-1197
-723
-341
-210
-285
-40
123
163
-700
-1826
-2015
-1068
619
2028
2637
2949
3297
2488
814
-263
-403
-562
-693
-784
-515
167
691
1440
1642
865
-91
-1223
-2291
-2902
-3168
-3837
-4222
-4066
-3574
-2689
-2226
-2382
-2731
-3141
-3223
-2482
-1830
-1725
-1994
-1995
-1704
-927
-369
150
550
499
906
1318
1601
2100
2842
3106
2908
2166
1521
1477
2160
2968
3437
3641
3092
2208
1179
653
1035
1797
2114
1714
1199
715
167
-159
-530
-601
6
1045
1499
1796
2133
2021
1975
1290
255
-250
263
554
549
956
1539
1912
1866
1585
1116
684
136
-731
-1666
-1727
-1036
-345
-327
-112
151
-446
-1427
-2148
-2150
-1973
-2010
-1511
-363
490
1194
1207
895
244
-933
-1462
-887
-643
-728
115
742
1008
1528
1578
495
-683
-2060
-3200
-3527
-3424
-3125
-2434
-1645
-1201
-959
-1371
-1628
-1604
-1822
-1972
-1782
-1886
-1663
-535
562
1705
2164
2256
2557
1696
366
-98
-44
212
1266
2238
3044
3574
2907
2132
1936
1438
532
82
-169
-21
254
800
1589
2490
3067
2828
2430
1832
891
36
-206
-280
-380
57
1267
2487
3234
3447
2930
1972
906
174
351
528
252
297
934
1322
1010
972
749
-140
-728
-1208
-1431
-859
-12
994
1279
574
-500
-1186
-1426
-1525
-994
-195
467
664
235
46
-203
-950
-888
-792
-994
-1102
-1184
-1471
-2402
-3764
-4790
-4712
-4547
-3897
-2900
-2356
-2062
-2055
-2391
-3037
-3783
-4160
-4292
-4151
-3556
-2866
-2158
-1136
-17
89
-656
-1744
-2617
-2624
-1930
-1235
-569
-269
43
90
-858
-1767
-2277
-2717
-3416
-3383
-3071
-3085
-3111
-3296
-3315
-3777
-4081
-4128
-4160
-4271
-4554
-3743
-2254
-1410
-921
-646
-1055
-987
-641
-414
292
1239
2124
2660
2777
2209
1267
1051
944
705
845
625
177
96
549
686
698
1050
1105
1339
1844
2328
2571
2074
1331
1110
1566
1948
2360
3377
4642
5258
5242
5508
5622
4977
3940
3678
3685
3892
4367
4794
5640
5306
4025
3180
2307
855
-41
-768
-2188
-2647
-2449
-1935
-779
49
486
1140
900
-132
-392
-473
-724
-309
434
1545
2237
2222
2571
2660
2377
1795
1357
1070
674
344
139
313
700
1069
1299
824
28
-635
-1785
-2646
-2811
-2957
-3297
-3799
-3379
-2290
-1276
-95
648
805
-33
-1440
-2517
-2348
-1844
-1375
143
1539
2119
2087
1744
1268
655
-178
-1132
-1532
-1069
-751
-270
85
162
551
406
224
458
667
691
361
-187
-325
-2
211
489
1041
1497
1715
1827
2417
2417
1579
1052
486
-348
-750
-604
-385
-247
-34
642
1102
1351
1057
-36
-924
-1154
-1501
-1580
-1026
-829
-858
-717
-471
-506
-872
-945
-695
-652
-667
-897
-723
-771
-603
-6
-237
-796
-803
-347
-233
-325
-321
-317
-718
-481
391
1204
1596
2115
2655
2733
1981
603
309
652
961
1209
1306
1358
1319
836
641
703
662
595
718
458
-680
-1650
-2096
-2068
-1522
-99
1292
1388
431
-842
-1825
-1984
-1780
-1656
-2063
-2702
-2693
-2024
-1243
-1153
-1059
-829
-930
-1176
-1488
-1381
-581
-109
-208
-273
-154
-166
-556
-634
-292
64
325
-81
-1061
-1658
-1736
-1676
-1321
-593
-159
388
814
1087
1248
723
147
146
352
580
441
175
-107
-573
-248
339
919
946
558
423
798
1342
1834
2512
3101
3771
3985
3911
3992
4374
4694
4054
3385
3181
3353
3771
4130
3889
3362
2970
2499
2219
2139
2401
2187
1777
1430
910
192
-500
-1236
-1863
-2428
-2969
-3285
-3933
-4380
-4499
-4780
-4844
-4629
-4538
-4620
-4808
-4927
-4878
-4158
-3175
-2804
-2880
-3196
-3978
-4376
-4416
-4496
-3898
-2923
-2253
-1894
-1864
-2033
-2887
-3641
-3588
-3896
-4359
-4251
-3602
-2980
-1962
-1330
-1555
-1437
-976
-1033
-1351
-1501
-1714
-1764
-1618
-1299
-1153
-1155
-833
-908
-1688
-1655
-1049
-978
-683
-308
169
330
149
21
-755
-1104
-964
-551
-256
-423
-407
-134
131
198
220
638
1206
1998
2669
2726
3031
2878
2425
1889
1822
2043
1597
1117
932
903
1285
2085
1942
1579
1590
1361
941
582
1389
2450
3390
4373
4636
4396
3221
2246
1973
1560
834
769
1254
1856
2174
2000
2152
1666
650
-148
-540
-383
-80
-110
-516
-1077
-850
-445
-454
-692
-751
-566
-251
174
323
782
1747
2269
1707
1202
740
-180
-1049
-822
-268
179
956
1839
1893
1207
767
592
761
877
892
678
540
763
942
978
1670
1647
812
30
-963
-1923
-2129
-1384
-258
795
1609
1791
1007
342
-229
-594
-529
-178
-284
-800
-1308
-1096
-943
-949
-1025
-1604
-1636
-1750
-2426
-2660
-1948
-1535
-1155
-1026
-970
-465
-384
-669
-435
350
1462
1488
940
1180
945
713
848
1307
2010
2242
1938
2321
3314
3363
3363
3773
3707
3370
2616
2115
1870
1818
1812
1818
1520
1205
891
-338
-1430
-1807
-1740
-1972
-1944
-1953
-1716
-1198
-235
673
417
-343
-998
-1396
-2082
-2515
-2432
-1107
77
965
1795
1645
1481
742
-863
-1963
-2175
-2764
-2575
-1527
-278
687
923
787
113
-626
-1680
-2181
-2193
-1856
-1021
-63
662
887
815
862
1143
875
-431
-1398
-1068
-412
-98
158
264
62
274
315
255
-98
-420
-930
-1721
-2306
-2162
-1331
-303
671
965
1285
1298
709
-394
-964
-488
-688
-739
205
1066
2011
2508
2661
2308
1958
1467
698
284
157
11
98
302
245
530
912
1512
1751
1041
683
1049
943
1491
2131
2754
3035
2838
2354
1550
1058
825
932
606
468
1035
1734
1802
1732
1398
544
-209
-377
-668
-1198
-1472
-1227
-1239
-1940
-2273
-1992
-1293
-1056
-673
27
463
699
529
257
-63
-400
-871
-966
-211
478
969
1621
2178
2021
1740
1328
588
-134
-746
-1263
-1862
-1824
-1671
-1428
-1277
-1718
-2586
-3448
-3571
-3740
-4300
-4902
-4752
-4024
-3398
-3119
-3128
-2593
-2046
-1627
-1403
-1693
-1690
-1356
-1508
-2118
-2414
-2183
-1434
-149
816
1347
1478
614
-540
-1132
-1859
-2488
-2210
-1940
-1219
-599
-959
-1512
-1814
-2544
-3322
-3285
-2101
-1076
-1096
-657
-502
-725
-1289
-1860
-2378
-2893
-3187
-2840
-1545
-452
-18
-439
-991
-1227
-1427
-922
-463
-54
497
522
882
1390
1459
1482
2002
1932
961
558
839
506
606
1310
1946
2098
1872
2111
2523
2788
2946
2973
2626
2910
3543
3903
4501
4877
4070
3570
4172
4317
4006
4453
4281
3192
2349
1129
36
-411
-395
-11
-236
310
1283
1675
1187
442
-7
-1040
-1758
-2183
-1273
-417
226
749
1108
1626
1476
1038
1244
1371
1137
1498
2290
2701
2322
1628
574
619
1105
1020
872
626
203
-216
-598
-984
-2189
-3082
-3214
-2494
-1543
-1556
-1698
-874
537
816
554
-156
-1438
-2153
-2037
-1663
-846
-594
-735
-631
74
506
-180
-786
-307
318
126
-255
-286
-164
-176
-405
-1165
-1995
-2558
-2765
-2797
-1825
-637
1
-123
53
479
883
1626
1704
1304
1413
1527
828
1500
2561
2830
2725
2650
2588
2282
2473
2723
2874
3257
3106
2080
1295
731
791
1797
2386
2317
2271
2059
1418
1257
859
195
-698
-1277
-1812
-2433
-1658
-829
-527
-650
-445
-586
-1201
-1080
-589
-1223
-1625
-1457
-1382
-1297
-981
-594
-959
-987
-807
-579
-189
330
506
211
-383
-770
-1319
-1406
-866
-630
-433
-297
-145
56
93
54
-445
-1260
-2040
-1968
-1136
-1191
-1560
-1637
-1658
-1372
-1074
-583
-682
-1312
-1762
-1740
-1457
-1089
-684
-719
-357
-575
-700
-408
203
57
-782
-1357
-1434
-1138
-200
952
1269
481
264
604
286
369
-123
-315
-996
-602
-411
-365
211
724
1730
1984
2264
2404
2118
1046
-916
-2126
-1926
-1279
-259
241
282
71
524
1244
1724
1703
1446
1210
1046
1738
3108
4096
5121
6268
6662
6260
4882
2957
1558
1549
2005
2418
2540
2751
2568
2388
2206
2125
1546
1004
788
170
-77
526
1566
1982
2532
2970
2707
1775
1199
604
362
-239
-1122
-1604
-1436
-596
-858
-1749
-2271
-2221
-2618
-3196
-3818
-4266
-4315
-4359
-4510
-4400
-3489
-3104
-3075
-3002
-3121
-3871
-4998
-5453
-5693
-5794
-5889
-5327
-3960
-3305
-3813
-3635
-3405
-3521
-3949
-4778
-4311
-3157
-2193
-2298
-2697
-2719
-2355
-1915
-2783
-3858
-3876
-3896
-3636
-3056
-2602
-2373
-2451
-2068
-2203
-1816
-1069
-1320
-698
-87
-113
17
190
519
1014
1824
2354
1765
865
210
364
1117
1146
1172
1520
1475
497
-295
-439
-650
-980
-914
-306
231
-113
-675
-512
413
1522
2514
3559
4126
4613
4905
4798
4187
3300
2571
2658
2727
2919
3030
3325
3672
3424
3595
3444
3171
2583
1988
2430
3251
3912
4419
4039
3389
2376
1527
954
495
-2
-228
-261
103
1291
1575
959
537
558
631
529
-176
-474
-273
463
947
1421
1609
1138
442
-362
-560
-836
-1262
-1282
-574
527
1881
2359
1374
474
351
235
-210
-285
-428
-894
-671
-372
185
728
1096
638
168
138
-411
-1325
-2124
-2493
-2819
-2384
-1739
-1416
-953
-175
-258
-360
-466
-488
-815
-1241
-1732
-2419
-2192
-1982
-1329
-172
1041
1132
539
-549
-1991
-3025
-3415
-3085
-1922
-639
854
2051
2892
3703
2845
1859
1229
1316
1388
1121
579
114
879
1831
2263
2087
2466
2505
1397
423
-224
-338
337
471
336
-45
-356
-321
-719
-468
28
364
572
336
254
841
1591
1545
751
-27
-474
-3
674
1167
1689
1368
630
346
175
-397
-978
-1163
-1425
-2060
-2347
-2222
-1583
-1073
-533
-21
-20
-431
-1093
-1109
-959
-481
254
511
4
-440
-512
-584
-560
-166
563
1248
1589
1653
810
-1062
-2172
-2406
-2104
-1419
-645
-781
-1245
-1353
-1513
-1590
-1659
-1461
-1324
-925
-361
-54
-46
96
867
1661
1556
1540
1638
973
1075
1216
1700
2494
2760
2875
2743
2621
2953
3625
3595
2900
1988
1770
1725
1550
1742
2038
1711
1416
1361
1477
1512
982
270
-455
-494
37
1190
1952
2352
1897
839
87
-783
-765
-45
511
584
828
751
603
1161
1455
1017
527
41
-707
-555
-84
33
258
597
601
405
472
3
-683
-1316
-2029
-1692
-1313
-1484
-1641
-1434
-1013
-279
221
-184
-890
-2214
-3245
-3654
-3353
-3233
-3430
-3390
-2808
-2859
-3357
-3649
-3824
-3840
-4292
-4160
-4428
-4376
-3884
-2655
-1742
-2090
-2179
-2322
-2369
-1995
-1694
-1731
-1572
-1163
-513
51
951
1587
1913
2338
1521
18
-1455
-2524
-3233
-3800
-3539
-2361
-1043
-614
-869
-1765
-2426
-3028
-3104
-2035
-1774
-2175
-2322
-1792
-1747
-1769
-1302
-787
-72
416
355
65
205
197
401
620
1061
2015
2337
1774
1246
877
472
428
-89
-906
-1313
-1911
-2592
-2076
-907
-51
1197
2575
2747
2350
2062
1354
654
123
5
29
563
1646
2300
2515
3374
4218
3732
3311
2938
2712
2742
2564
1790
761
547
1022
1134
946
1318
1248
780
24
-470
-222
-45
49
366
376
-63
-391
-463
-10
715
1653
3001
3377
2782
1991
1842
2209
2029
1907
1475
1474
1661
1766
1957
1697
900
84
-697
-1106
-1043
-771
-794
-1234
-1431
-1426
-855
-42
441
93
-324
-1283
-1293
-836
-909
-905
-911
-814
-406
483
461
174
-141
-825
-1547
-1191
-457
159
790
737
883
957
-104
-1249
-1781
-1554
-848
-133
583
1117
1622
1239
488
421
940
1654
1673
1618
2250
2014
1241
673
635
962
764
648
512
668
872
1014
1384
1336
453
-500
-937
-715
-122
624
1472
1712
1476
743
625
639
51
-454
-776
-392
630
1858
2351
2308
2037
1735
1075
248
-435
-1069
-1559
-1756
-1382
-1057
-1090
-1004
-301
49
147
-225
-627
-928
-1306
-1388
-1362
-1588
-1300
-875
-710
-739
-1111
-1101
-1775
-1869
-1751
-1175
-1021
-1319
-949
-521
351
1007
1332
942
515
173
-227
-479
-849
-1043
-1135
-1173
-1074
-1638
-1700
-1202
-895
-876
-431
338
396
93
-546
-631
-837
-1316
-1625
-1480
-1180
-1124
-817
-274
244
653
917
814
750
329
-289
-353
130
986
1770
2054
1771
950
303
-95
-575
-113
206
331
611
1090
1479
1011
640
185
-306
-546
-187
-97
-50
121
91
107
604
1175
1097
991
1440
1864
1697
2127
2743
2773
2405
2557
2936
3355
3157
2480
2048
1834
1656
1508
1995
1970
2103
2438
2317
2530
2864
2139
813
161
135
-181
-1163
-1808
-1912
-1704
-1211
-727
-674
-1106
-1613
-2575
-3884
-4534
-4382
-4036
-3841
-3298
-3123
-2849
-2484
-2355
-1826
-1981
-2975
-3947
-3981
-3699
-3345
-2995
-2709
-2323
-2165
-2198
-2139
-2374
-2497
-2492
-2232
-1458
-1194
-999
-1090
-1848
-2715
-2971
-2963
-2746
-2336
-1867
-1857
-2258
-2536
-2643
-3451
-4416
-4172
-4019
-3929
-3334
-2605
-1861
-1241
-942
-871
-981
-1017
-1442
-1626
-1436
-1013
-429
167
808
1574
2125
1624
708
-144
-199
243
349
176
191
268
821
1160
1512
2186
2165
1443
842
437
211
1021
2098
2596
2752
3033
3438
4181
4988
5208
4756
4618
4938
5132
5182
5318
5374
5458
5145
4947
5063
4696
3604
2159
841
265
421
418
879
1265
1236
1047
895
259
-686
-1323
-1294
-1380
-1451
-1341
-1231
-155
1193
1578
1436
1614
1362
765
423
700
1107
1507
1869
1884
1689
1649
575
-302
-588
-705
-673
-1109
-1008
-864
-552
-391
257
807
714
-2
-1615
-3013
-3019
-1751
-581
350
762
367
-38
-222
-64
-135
-715
-1316
-1566
-604
313
420
-109
-995
-1616
-1811
-1668
-1069
-484
-352
-837
-1360
-1774
-2566
-2352
-1915
-2043
-2248
-2133
-1767
-1384
-819
-262
479
1214
1445
1503
1608
1687
2241
2901
3502
3546
3356
3511
4343
4953
4378
4022
3687
3382
3212
2717
1755
826
365
-117
-681
-450
49
-265
-433
132
429
654
638
-495
-1520
-1493
-733
186
1040
1532
1744
1790
1997
1565
936
378
-188
-617
-924
-524
392
1250
1220
570
-601
-2184
-3980
-4212
-3511
-2527
-1383
-562
-66
417
768
538
659
-7
-753
-925
-1251
-811
41
633
1571
1803
1424
651
51
-786
-2060
-2580
-2827
-2449
-1787
-857
-204
-460
-1264
-1609
-1860
-2623
-3282
-3569
-3453
-3290
-2433
-1153
-341
-304
-564
-1151
-2066
-2277
-2549
-2209
-1042
-305
889
2132
2839
2576
1680
751
-388
-1240
-1342
-98
1470
2854
3445
3120
2693
2248
1927
1559
1730
1860
1933
2354
3439
4873
5458
5566
5371
4942
4018
3060
2346
1999
2183
2823
3590
4215
4597
4082
3496
2728
1355
-443
-1679
-1802
-1183
-545
17
1306
1876
1336
694
417
158
-282
-381
10
440
897
1100
1131
1268
927
270
-51
-244
-699
-1156
-1445
-1678
-2195
-2468
-2656
-2813
-2754
-2839
-3231
-3293
-3342
-3440
-3476
-4193
-5075
-5156
-5026
-5074
-4250
-3499
-2735
-2276
-2485
-2771
-3340
-3608
-3998
-4179
-3778
-3010
-1832
-859
-13
170
-344
-999
-1870
-2800
-3088
-3152
-3334
-3038
-2784
-2628
-2471
-2451
-2571
-2700
-2360
-2204
-2716
-2980
-2773
-2089
-1223
-825
-1101
-1382
-1249
-1060
-792
-701
-531
-53
460
1344
1871
2190
2328
2338
2139
1367
1362
1476
1259
669
868
1562
1652
1964
2322
2744
2729
2266
1635
1214
478
-65
155
381
1058
2167
3038
3110
2728
1943
1350
1329
1468
1862
2631
3785
4775
4908
4615
3901
2969
2411
2171
1944
1277
1142
1304
671
-408
-1151
-1145
-901
-734
9
432
216
2
-151
-197
-206
-14
-145
-664
-1074
-852
-348
106
660
1367
2073
2994
3294
3041
2469
998
38
-320
56
848
1890
2351
1755
1012
-25
-498
-470
-1009
-1868
-2005
-1312
-965
-1342
-1663
-1524
-1076
-668
-442
-519
-654
-847
-1327
-1479
-1565
-1351
-783
-209
640
1170
1530
1594
1785
1629
1179
688
-39
-561
-917
-1605
-1869
-1175
-519
-191
-229
-204
-553
-624
-1318
-2550
-2767
-2478
-2121
-1296
-451
252
702
626
552
335
382
630
1200
1513
1465
1324
1414
1214
1390
2578
3255
3460
3139
2661
2031
1353
1144
1810
2691
2841
2278
2019
2063
2152
2125
1966
1579
219
-692
-746
-489
-395
-163
93
119
-471
-1190
-1449
-1776
-2056
-1824
-738
334
1020
1288
874
37
-730
-1583
-2274
-2174
-1511
-1012
-956
-686
-47
41
393
503
-188
-548
-1050
-1734
-2484
-2621
-2150
-1644
-1166
-842
-881
-1100
-1190
-1152
-748
-911
-1130
-741
-825
-782
-621
-1068
-1620
-1948
-2035
-2055
-1938
-2022
-1471
-890
-1274
-1409
-1256
-1339
-2166
-2466
-2058
-1955
-1885
-1440
-438
247
180
-374
-817
-1063
-1195
-1117
-964
-525
-54
317
1068
2635
3998
4352
3818
2511
1476
926
596
673
764
824
923
965
742
1139
2023
2413
3134
3760
3653
3644
3889
3708
3718
3981
3834
3594
3452
2852
2248
2053
1762
1689
1382
924
890
994
876
299
-237
-190
267
534
713
926
1147
1067
636
570
817
600
561
1294
1838
1862
1293
639
162
195
88
39
-65
-660
-1198
-1809
-2135
-2407
-2583
-3241
-3853
-4360
-4925
-5141
-5065
-4605
-4060
-3768
-3722
-3845
-4395
-5146
-5734
-6160
-6492
-6154
-5337
-4116
-3348
-3084
-3033
-3338
-3785
-4416
-4538
-4205
-3698
-3628
-3448
-2909
-2393
-1794
-1742
-2559
-3236
-2875
-2307
-2037
-1398
-553
-117
123
45
-475
-969
-1336
-2065
-2157
-1784
-1454
-453
269
537
1245
1354
311
-559
-1177
-1068
-396
156
432
735
1089
1099
1088
1067
853
740
430
-92
295
1309
2424
2894
3065
3090
3080
3456
3645
3633
3657
3333
2377
2025
1922
1867
1944
2098
2141
1975
2141
2063
2166
2448
2392
2354
2708
3270
3402
3335
3439
3351
3331
3159
2682
2353
2154
2104
2362
2406
1536
537
55
-131
-125
-136
-195
-207
-652
-1320
-1286
-654
-189
377
1397
1833
1642
767
-587
-1846
-1941
-1349
-1095
362
2080
2678
2401
2266
2563
2637
1676
352
-562
-653
-18
415
1292
2298
2409
1942
1158
223
-453
-963
-836
-509
123
701
603
-23
-1034
-1512
-1212
-958
-1246
-1907
-3008
-3730
-3953
-3701
-2767
-2027
-1501
-782
-445
-765
-979
-902
-651
-114
234
556
1291
1899
2573
3022
2631
1926
1570
1298
695
608
1026
1530
1703
1304
890
1042
1575
1991
1160
-363
-1483
-2162
-2105
-1811
-962
-183
145
51
-556
-1321
-2165
-2214
-2068
-1908
-529
1018
2083
2967
3309
2451
630
-1193
-2236
-2124
-1329
-165
979
1328
1498
1785
1658
1691
1178
37
-631
-1080
-1097
-549
164
1593
2445
2332
1864
1316
872
545
254
114
147
241
960
1046
540
47
-401
-1103
-1857
-2452
-2666
-2346
-2432
-2769
-2719
-2221
-1124
-399
-1012
-1736
-2191
-2583
-2449
-1924
-1196
-554
-373
-243
255
139
-856
-1839
-2491
-2782
-2734
-2246
-1792
-741
185
344
251
361
782
1218
1193
1026
1120
1146
1577
1842
2600
2941
2442
1906
1437
1224
878
668
832
1090
1167
1295
1711
2490
3246
3165
2276
1118
-60
-1008
-1154
-646
180
1276
2168
3190
4169
4368
3263
1974
1150
567
430
377
655
1917
2866
3287
3550
3353
2953
1969
753
-123
-62
536
1483
1844
1506
1243
1153
592
-286
-466
-745
-994
-1277
-1587
-1897
-2073
-1656
-1541
-1822
-2198
-3045
-4042
-4514
-4750
-5422
-5822
-5313
-4321
-3939
-4448
-4245
-3991
-3678
-3133
-3226
-3308
-3379
-3158
-3075
-2826
-2172
-1429
-699
-164
-197
-344
-233
-264
-451
-909
-841
-635
-288
-233
-628
-1519
-2308
-2316
-2458
-2866
-3282
-3351
-2630
-1991
-1847
-1773
-2189
-2928
-3816
-3736
-3375
-2772
-2311
-1844
-1070
-309
401
352
-117
-568
-763
-1487
-1718
-1103
-31
1033
1815
1815
1518
1051
1009
762
474
686
248
239
240
826
1659
2632
2690
2316
2557
2808
3115
2909
2444
1874
1736
1707
1515
2083
3156
3948
4145
3916
3619
2911
2503
2261
1693
1248
1323
1743
2250
2484
2208
1548
1013
790
364
289
569
843
1197
1304
1618
1879
1867
1394
269
-412
-273
474
759
1066
1859
2320
2297
1883
1306
789
300
-208
-816
-1080
-687
76
451
665
443
163
9
-884
-1951
-3110
-3563
-3039
-1722
-1007
-589
-235
-529
-1404
-2028
-1839
-1691
-1776
-1929
-1557
-1430
-1490
-1316
-595
56
538
537
85
-461
-913
-706
-496
-194
-145
-201
-235
-302
-130
375
1040
1729
2295
2018
1033
225
-47
159
323
673
1554
2164
2019
1763
1732
2210
2613
2058
1782
2149
2649
3087
3281
3127
2457
1233
44
-280
-267
-387
-138
108
119
-67
171
469
111
-260
-328
-389
-455
37
601
498
-208
-494
-892
-2298
-3182
-2786
-2142
-1319
-147
335
216
376
423
-110
-804
-1148
-1265
-1679
-2213
-2179
-1334
-336
364
808
739
-158
-1129
-1961
-2666
-2528
-1908
-864
-233
15
589
1065
966
815
705
-250
-1136
-1527
-1099
-303
168
572
226
-303
-432
-352
-297
-701
-1152
-1238
-830
-147
233
-153
-785
-884
-845
-677
-627
-546
-349
-776
-778
-559
-469
-686
-716
-195
-7
-463
-1068
-929
-541
-459
-370
152
638
965
1098
1416
2017
2527
2356
1700
1135
1396
1993
2078
1851
1845
1667
789
-235
-868
-736
-876
-398
625
1405
1934
2457
3230
3505
2865
2046
2083
2321
2320
2041
1937
3243
4435
5000
5432
4887
4453
3711
2822
2031
1363
983
342
125
189
91
-276
-680
-1093
-1439
-1517
-1714
-2302
-3105
-3537
-3141
-2916
-2650
-1833
-1434
-1249
-1168
-1880
-3268
-4516
-4991
-4729
-4078
-3098
-2426
-1955
-1671
-1846
-2542
-3361
-3714
-4377
-4961
-4897
-4390
-3648
-3011
-2907
-2940
-3298
-4079
-4474
-4281
-3780
-3660
-3367
-2394
-1828
-1819
-1825
-1787
-1793
-2040
-1701
-1432
-1418
-1534
-1496
-1216
-1201
-967
-392
-537
-1474
-1897
-2149
-2127
-2018
-1656
-359
774
760
279
-447
-966
-1058
-1342
-1660
-1416
-853
-461
-261
330
1037
1019
591
372
904
1839
2111
1825
1995
2510
2666
2168
1955
1680
1904
2604
2377
1864
1387
739
478
1023
2020
2971
4140
4928
4989
4795
3909
3150
2384
1666
1365
1486
1924
2325
2071
1612
1182
790
903
929
643
402
465
541
773
888
753
398
134
122
241
123
-227
-252
321
800
1074
1528
1568
797
-135
-369
223
831
1260
1535
1874
2024
1549
954
-18
-682
-1009
-469
416
994
1520
1710
994
91
-42
-590
-1573
-1867
-1344
-512
411
922
1085
935
237
-1011
-1836
-1826
-1767
-1490
-699
-566
-293
161
-259
-1072
-1565
-1607
-1717
-1056
-24
319
567
640
-143
-559
-476
-821
-1509
-1592
-1482
-1203
-362
824
1891
2022
1816
1471
1452
1660
1675
2133
3018
3896
4852
5349
5544
5665
5273
4077
2743
2159
1686
907
717
909
1319
1710
1784
1767
1327
945
434
36
-222
-579
-957
-935
-808
-1519
-2069
-1929
-1453
-1032
-806
-740
-1065
-1189
-1252
-1118
-773
-274
-231
-924
-1564
-1982
-1686
-1483
-1197
-446
-359
-750
-1347
-1910
-2074
-1768
-1510
-1305
-763
-1049
-1048
-546
-22
343
118
-542
-1523
-2047
-1969
-1968
-1383
-927
-812
-151
-196
-468
-1268
-2038
-2190
-1487
-268
491
121
-292
-323
-1018
-727
-180
29
128
-715
-1814
-1595
-382
15
-490
-1406
-1361
-971
-741
-694
-953
-1067
-1521
-1232
-234
601
710
586
118
-438
-834
-599
-191
415
1338
1795
2169
2399
2560
2405
2156
2124
2224
2039
2528
3393
4166
4373
4101
3724
3357
2943
2212
1470
998
1319
1650
1478
1206
1115
687
214
-154
-510
-663
-188
315
678
890
1387
2293
2227
1158
727
1401
1775
2141
2880
3536
3272
2857
2304
1809
1859
1635
980
832
1013
748
289
-185
-608
-1433
-2401
-3262
-3878
-3864
-3270
-3389
-3493
-3757
-4232
-4108
-3978
-3794
-3750
-3893
-3841
-3818
-3764
-3417
-3473
-3871
-4133
-3696
-3265
-2739
-2218
-2252
-2650
-2839
-2765
-2433
-2290
-2768
-2446
-2197
-2072
-2209
-2531
-3045
-3866
-4471
-4881
-4203
-3609
-3124
-2374
-1771
-1619
-1903
-1692
-1788
-2150
-1797
-1662
-1398
-859
-766
-945
-614
-242
-40
447
623
1196
2153
2430
1941
1747
1238
638
418
725
1385
1897
2543
2943
2845
2652
2393
1840
1563
1015
535
802
956
907
1119
1562
2539
3235
3309
2879
2492
1625
635
438
578
1547
2829
4269
5692
6372
6094
5204
4353
3694
3062
2840
2495
1938
1711
1597
1281
927
650
672
263
-247
-426
-848
-714
-136
-76
-69
396
609
220
-322
-638
-224
736
1081
1238
1814
2680
2645
2681
2108
939
477
421
624
230
-110
83
503
730
899
741
193
-805
-1908
-2625
-2769
-2957
-2866
-2274
-1456
-1094
-1437
-1871
-2536
-2867
-2591
-1869
-1266
-1289
-1639
-1637
-1457
-1111
-785
-837
-536
-454
-1129
-1473
-1735
-1652
-810
-395
-161
430
344
-484
-1701
-2092
-1402
-1180
-1448
-1845
-2142
-1642
-1033
-852
-735
-253
902
1760
1990
1671
1516
1688
1652
2026
2838
3485
4050
4549
4606
3885
3063
2940
2751
1842
1343
1476
1474
1715
2534
2933
2282
1621
1094
562
361
145
-151
-714
-879
-703
-627
-225
128
365
214
-230
-987
-1944
-2625
-2792
-2469
-1466
1
1641
2291
1506
505
-429
-1474
-2418
-2761
-2537
-1933
-1802
-1759
-1445
-804
-416
-347
-847
-1338
-1390
-1497
-1488
-1698
-1190
-897
-619
-391
-438
-466
-449
-622
-1120
-1413
-1258
-1049
-1079
-777
-302
-369
-1091
-1257
-1078
-1126
-1616
-2062
-1680
-633
-213
-110
86
68
-751
-1946
-2042
-1803
-1065
240
1713
2998
3440
3029
1775
333
-966
-1706
-2095
-2037
-792
225
925
1527
2054
2777
3015
2239
853
-65
-235
171
1035
1680
2209
2525
1993
1728
1936
1383
729
565
1045
2207
3198
3389
3122
3398
3193
2906
2667
2214
1572
1185
1389
1491
1750
2105
2991
3183
2413
1448
798
364
167
268
76
417
1101
930
352
223
-155
-759
-1270
-1483
-1072
-115
531
108
-765
-1113
-745
-723
-1104
-940
-1309
-2173
-2678
-3123
-3193
-3423
-4106
-4754
-4324
-3492
-2961
-2326
-1139
-1150
-2655
-3547
-4004
-4465
-4497
-4197
-4659
-4834
-4172
-3249
-3253
-3624
-3840
-3251
-2636
-2649
-2623
-2388
-1741
-1934
-2587
-3032
-2379
-1539
-1326
-1868
-2577
-2638
-2284
-2444
-2686
-1830
-1660
-2135
-2024
-2025
-1699
-1112
-1152
-1078
-874
-1168
-1009
-379
-703
-396
772
731
127
-257
-818
-1442
-1851
-1733
-769
540
1857
2817
2842
1926
953
272
-522
-718
-3
771
1681
2894
4206
5207
4905
3863
2699
1970
1370
869
1215
2070
2913
3685
4310
4478
4142
3201
2742
2768
2475
1775
1429
1448
1606
2228
3114
3978
3981
3476
2534
1301
585
318
573
714
1587
2404
2493
2335
1949
2006
1716
1348
1202
1186
272
-262
204
286
-203
-331
54
-14
-574
-1839
-2680
-2100
-1078
-744
-261
776
1824
2296
1956
1148
412
-471
-1413
-1684
-1810
-1326
169
1461
2649
3099
2517
1669
869
481
-4
-1046
-2226
-1978
-1261
-1229
-933
-565
-529
-908
-1388
-1543
-2252
-3204
-3478
-3067
-1992
-907
-188
-65
-404
-841
-898
-945
-1174
-748
298
1106
1394
1626
1535
983
498
403
603
734
1059
1051
882
1555
2053
2048
1490
1196
859
907
1932
2125
1775
1504
1041
612
666
701
190
-527
-903
-1112
-529
454
1218
1416
717
-234
64
1407
2054
1500
649
-403
-1633
-1599
-989
-187
124
132
-384
-1202
-1218
-1424
-1455
-1172
-1526
-1769
-1568
-1443
-1384
-1392
-526
1131
1858
1866
1465
521
-275
-1160
-1533
-1373
-750
160
951
947
-45
-893
-1349
-1526
-1876
-1776
-1295
-1135
-1116
-802
-622
-734
-926
-1379
-1962
-2183
-1444
-989
-906
-473
-347
-682
-1087
-1348
-1143
-962
-950
-724
36
461
222
860
1555
1927
1659
616
698
1876
2594
2676
2373
1617
744
45
-636
-757
208
943
1181
832
315
229
-519
-1311
-1410
-773
-434
14
1214
1907
2244
1750
806
-145
-418
-208
333
1190
1782
2234
2251
2456
2499
1434
78
-590
-1064
-413
-142
-1
1037
1662
1760
1366
962
384
234
362
354
410
715
1250
1612
1876
1801
537
-277
-574
-1143
-1547
-1795
-1783
-2031
-1877
-1413
-1341
-1634
-2004
-2675
-3731
-4490
-5291
-5451
-4446
-3633
-3025
-2614
-2809
-3589
-4237
-4277
-3947
-3398
-3166
-3190
-2733
-1831
-1195
-760
-90
482
1271
2035
2737
2748
1811
736
-202
-563
-592
319
583
232
-574
-1379
-1597
-1950
-2105
-2466
-2917
-3073
-2945
-2571
-1871
-1796
-2367
-3085
-3207
-3185
-3020
-2382
-1724
-1277
-458
395
291
-121
-328
-675
-1241
-1089
-476
157
427
425
665
718
392
71
97
371
470
662
1179
1374
647
203
189
-163
-480
-179
414
1298
2596
3184
3073
2195
1574
1427
1103
1463
2351
3113
3817
3849
3640
3456
3461
3396
2762
1850
1066
784
681
1092
1297
1535
2034
2669
2735
1718
343
-448
-494
-236
576
1711
2882
3479
3360
2719
2510
3091
3381
3232
2667
2296
2571
2943
2797
2600
2869
2631
1963
1575
1356
1089
691
211
-116
-408
-29
513
434
-757
-1991
-2184
-2210
-1941
-1600
-1528
-1413
-1281
-1492
-1199
-687
-805
-703
-270
-413
-277
-405
-872
-840
-507
-661
-1557
-2349
-2914
-2722
-2455
-2489
-2636
-2923
-3050
-2361
-1591
-793
-387
-419
206
346
58
-592
-1688
-1693
-570
722
1677
2443
3383
3279
2336
1751
1767
1450
896
994
1442
1836
1845
1815
1512
1143
622
-199
-855
-1162
-921
-479
14
324
375
405
577
1174
1853
1518
1120
1122
938
416
-285
93
527
251
-247
-467
-498
-272
303
437
215
-62
-111
-49
191
-41
-870
-1803
-2443
-2777
-2938
-2245
-1492
-784
-282
-473
-627
-669
-879
-1330
-1922
-2099
-1579
-1294
-1200
-278
881
1388
1508
1472
885
-313
-1283
-1449
-900
-428
248
768
369
-351
-719
-908
-1406
-1493
-1571
-1646
-1487
-1464
-1564
-1295
-686
-1
174
-178
-530
-726
-1156
-1558
-1233
-855
-410
-230
-114
120
349
181
32
372
783
1329
1938
2180
2654
2808
2664
2643
2630
2349
1796
1384
726
662
509
303
371
562
361
438
494
112
-506
-827
-710
-547
135
1154
2021
2639
3078
3025
2996
2873
3122
3229
3533
4240
4911
5155
5432
5658
5594
4952
3896
3167
2263
1636
826
268
264
362
445
778
847
313
-92
-716
-1399
-1913
-2327
-2416
-2613
-2755
-2821
-3133
-3094
-3148
-3649
-3639
-3788
-3629
-3451
-3257
-2711
-2707
-2421
-2049
-2454
-3322
-3762
-4098
-4610
-4958
-4936
-4462
-3327
-2303
-1997
-1947
-2006
-2632
-3264
-3557
-3624
-3876
-3833
-3246
-3088
-3319
-3406
-2876
-2518
-2576
-2183
-1358
-1003
-943
-1230
-1705
-2049
-2239
-2803
-3115
-3053
-3197
-3091
-2182
-1112
-424
-132
-278
-205
-957
-1505
-1780
-1975
-1569
-830
-362
95
829
779
356
182
450
439
289
241
581
981
1368
2009
2274
1915
1527
1539
965
750
1524
2152
2702
3440
4027
4514
5066
5422
5358
5111
5017
5085
4917
4560
4350
4568
5134
5081
4836
4582
3326
1933
682
-310
-1108
-1459
-928
-189
885
1311
1391
1595
1586
1149
383
-706
-1655
-2120
-1936
-1203
-95
907
1542
2227
2228
1915
1557
1151
737
333
283
211
-81
149
721
1751
1994
1299
741
199
-640
-941
-498
-271
-309
-191
-436
-899
-876
-828
-911
-1434
-1748
-1426
-826
-1336
-1545
-1065
-1133
-1239
-908
-496
-351
-573
-1051
-1591
-1965
-1519
-1048
-612
-335
-374
-540
-485
-150
-258
-671
-905
-1639
-2320
-2120
-1577
-1488
-1956
-1818
-1323
-1008
-891
-958
-1115
-1008
-151
1108
2321
3082
3117
2913
2460
1649
1118
1220
1925
2622
2894
3008
2713
2120
1405
919
748
803
1139
1569
2400
2987
3188
2705
1888
624
-886
-1568
-1533
-1048
-276
461
1023
1147
867
661
213
-383
-521
-5
73
316
591
547
391
406
728
547
75
-209
104
587
287
-288
-456
-704
-942
-555
4
236
469
275
-70
-512
-1310
-1880
-1949
-1764
-1051
-184
334
80
-875
-1976
-2787
-3272
-3134
-2566
-2235
-1813
-1218
-315
185
369
386
-335
-962
-788
-1044
-1315
-885
-177
330
816
1070
623
-77
-796
-1155
-1456
-1289
-623
-304
-161
206
540
841
1338
1331
983
742
311
62
-194
-35
678
1589
1823
1669
1990
1959
1901
2386
2525
2268
2373
2485
2976
3552
3781
3336
2791
2562
2476
2421
1620
963
403
-210
-559
110
1357
1444
937
574
242
-261
-567
-139
207
-17
-100
32
-44
-379
-284
264
1240
2149
3052
3405
2787
1923
852
105
-65
-232
-845
-908
-780
-853
-1243
-1671
-1927
-2280
-2613
-2932
-2681
-2416
-2537
-2858
-3328
-4192
-4919
-4620
-4256
-3810
-3353
-3257
-3060
-3232
-3408
-3440
-3152
-2959
-3061
-2592
-2074
-1722
-1562
-1770
-2285
-2734
-2697
-2536
-2422
-2491
-3258
-3782
-3821
-3613
-3043
-2721
-2017
-1515
-1747
-2209
-2517
-2585
-2800
-3056
-2805
-2443
-1998
-1516
-1391
-735
-250
-108
-574
-1008
-883
-1056
-469
227
378
637
753
1010
1497
1476
1235
1182
989
720
774
1318
1898
2811
3564
3467
3084
2739
2098
1202
691
153
312
1300
2245
2761
3019
2868
2555
2470
2366
2545
2562
2237
2027
2044
1918
1486
2026
2728
2941
3333
3127
3038
2715
2176
1750
1655
1675
1878
2024
1664
1100
505
62
-527
-1223
-1567
-1864
-1732
-744
-427
-436
233
1207
1588
2056
2114
1685
1333
1138
1420
2055
2644
2980
3120
2335
1446
1249
839
742
636
-52
-315
-134
-76
-105
-267
-917
-1518
-2328
-3331
-3931
-3979
-3868
-3491
-2950
-2167
-1258
-660
-719
-866
-209
712
1063
1011
1201
1563
2066
2532
2366
1441
1090
1068
1030
1149
572
-487
-846
-1097
-1572
-1099
-225
153
-140
-571
-1042
-1443
-2037
-2712
-2746
-2332
-1758
-1459
-711
583
1772
2029
1483
617
-32
-309
-369
197
708
1180
1957
2722
2528
2162
1917
1787
2552
3556
4060
3722
2685
1499
722
922
1098
606
350
-244
-975
-1592
-1779
-1285
-204
583
576
213
-104
-355
-432
-366
-648
-494
-168
109
7
-106
-257
-93
85
-106
-382
-153
621
126
-822
-1230
-1297
-1511
-1724
-1698
-1572
-1359
-1513
-1704
-1493
-1656
-1922
-1832
-1663
-1173
-842
-978
-952
-738
-1083
-2191
-3160
-3357
-2816
-2235
-1679
-1349
-1292
-874
-421
-170
-490
-977
-978
-1096
-1442
-1211
-262
715
613
-211
-821
-1624
-2204
-2314
-1964
-1182
-695
-285
-120
125
648
589
535
373
66
-72
-459
-550
-144
324
65
449
1134
1194
1105
700
581
299
-202
-57
798
1335
1417
1301
1795
2393
2600
2655
2758
3251
3625
3672
3834
4258
4392
4123
3878
3687
3406
2986
2317
2157
1896
1882
1867
1710
1855
1720
1970
2308
2387
2200
1800
1940
2517
2340
2215
2068
1789
1623
943
690
969
1468
1551
1701
2207
2140
1564
594
244
-454
-1590
-2311
-2767
-2614
-2506
-2364
-2459
-2906
-3779
-4608
-4781
-4375
-4023
-3719
-3428
-3600
-3700
-3802
-4375
-5012
-5008
-4766
-4679
-4360
-4442
-5248
-5813
-6358
-6490
-5606
-4430
-3594
-3192
-3211
-3487
-3960
-4342
-4306
-4517
-4884
-4471
-3680
-2657
-1959
-2155
-2548
-2941
-2833
-2345
-2068
-1689
-1232
-1177
-1027
-442
-58
-146
-94
-158
-863
-1602
-1582
-702
40
601
1283
1311
1158
1670
1922
1669
1136
264
108
289
1185
2783
3374
3370
3724
4149
4051
3915
3535
3061
2665
1801
1058
1100
1740
2429
2892
3044
2981
2541
2630
2234
1155
817
887
1539
2571
3602
3563
3099
2903
2635
2494
2931
3646
3733
3322
2970
2896
2363
1317
848
414
400
1364
1729
1567
1420
1140
866
853
513
-93
-362
-366
-205
63
250
765
840
182
-328
-307
383
915
893
768
636
807
1094
1349
1833
2225
2200
2162
2400
2328
1960
1602
1321
712
354
226
88
102
-207
-667
-891
-942
-1001
-766
-810
-1393
-1713
-2065
-2418
-2159
-1283
-740
-499
-398
-289
-145
-862
-2216
-3212
-3802
-4200
-3787
-2800
-1585
-536
16
244
228
-204
-659
-744
-624
-523
-554
-809
-757
-849
-1128
-1125
-677
-185
-226
-623
-663
157
784
1231
1349
1002
981
911
190
-31
179
214
643
1447
1376
614
-98
-571
-724
-736
-490
-354
3
159
264
1161
1917
1636
1206
1420
1773
1916
1577
851
749
1168
1476
1944
2425
2743
3081
3129
2791
2031
1360
849
494
313
183
649
1680
2315
2321
2742
3247
3103
1968
216
-1022
-1255
-617
192
200
160
-105
-1145
-1630
-1563
-1549
-1358
-917
-578
-565
-908
-1098
-1007
-1222
-1925
-2071
-1755
-2059
-2592
-2801
-2449
-1897
-1318
-1193
-1394
-1415
-1883
-2078
-1969
-1792
-1228
-144
924
1122
476
328
740
648
610
466
497
239
374
894
1172
1618
1749
1536
1189
1003
863
772
583
380
404
495
481
635
647
654
1207
1960
2045
2269
2322
1984
1708
1188
835
650
996
1188
1628
1726
1141
445
-138
-512
-770
8
1061
1670
2201
2996
3440
3275
2182
858
661
801
816
1043
1002
596
409
-77
-930
-2090
-3018
-3273
-2893
-2595
-2633
-2385
-2645
-3268
-4007
-4573
-5280
-5958
-6441
-6365
-5478
-4710
-3627
-2542
-2341
-2601
-3206
-3683
-3538
-3240
-2411
-1721
-1059
-523
-497
-524
-553
-508
-138
-221
-943
-1594
-2050
-2122
-2151
-2124
-2059
-1485
-725
-81
-242
-1237
-2156
-2946
-3163
-2875
-2533
-2038
-1727
-1936
-1649
-1118
-1055
-1263
-866
92
199
-506
-1202
-1056
-70
794
1181
1174
1170
1311
690
-322
-660
-609
-804
-1027
-654
-190
-29
-106
-183
-5
110
534
1224
1590
1665
1633
2176
2623
2604
2625
2639
2595
2514
2461
2524
2807
2941
2990
2762
2492
2204
1874
2028
2836
3293
2768
2350
2015
1294
1021
800
573
1222
1707
1900
2042
2085
1947
1452
943
734
484
126
292
970
1564
2120
2924
3119
2534
1898
1376
793
946
1231
1522
1993
2033
2058
1551
792
517
937
1215
1203
1019
505
-174
-710
-853
-520
-58
-163
-904
-1794
-2223
-2509
-2664
-2574
-1941
-1342
-1160
-836
-773
-868
-152
-47
-417
-381
-485
-279
10
-537
-1654
-2105
-2476
-2597
-2460
-2141
-1570
-1190
-759
49
509
194
169
84
-286
-436
3
990
1740
2088
2109
1908
1570
894
844
1821
2721
2844
2417
1621
1183
1434
1486
1662
2160
2208
1869
951
-31
-702
-1658
-2025
-1659
-777
-207
-114
-415
-921
-1067
-1003
-607
78
386
-152
-1124
-1746
-1659
-1371
-564
507
1080
851
510
212
-40
-396
-737
-652
-519
-440
65
251
-333
-747
-1116
-1101
-969
-742
-770
-1527
-2286
-2641
-2570
-2232
-1675
-1052
-997
-879
-1134
-1664
-1864
-2160
-2710
-3508
-3710
-3165
-2029
-484
1263
1963
1924
1287
593
130
-412
-1055
-1504
-1397
-1427
