2830
4926
-497
-3809
-1087
-3352
-1424
-4881
-7323
-8175
-8865
-8008
-8902
-12583
-11818
-15399
-14705
-8926
-15276
-8603
-9327
-6870
-531
-2000
-1162
1460
3118
3433
6980
3399
11147
11334
7633
11011
11599
17335
14422
14731
13965
11057
13826
12094
11337
11399
10349
8905
9267
8716
6337
4491
7369
5852
2967
1918
2004
2505
-4117
-6511
-5398
-9584
-9044
-10031
-10833
-13338
-12910
-14695
-16131
-15251
-20527
-10069
-17661
-17681
-8174
-8690
-6740
-2567
-572
436
2141
-84
3952
5209
1801
1288
518
5186
6032
7357
6881
10284
11818
12258
10081
11376
13688
9810
6149
8972
11563
11284
8227
6129
7139
3488
4889
2488
5013
-272
-7688
-5752
-4415
-3554
-9217
-6062
-5971
-7211
-4174
-6665
-9980
-8249
-13621
-3039
-12031
-12426
-8892
-11636
-4468
-4105
44
-941
1485
154
1857
5334
6279
6946
5539
8579
4759
5354
8453
8237
5816
6356
12155
13319
11934
9823
10002
10163
9707
10630
9632
8667
7505
4795
6446
7488
7912
4990
3167
3367
-2075
-1779
-1561
-2719
-4515
-5280
-6483
-6203
-8121
-6554
-10346
-9254
-8893
-13077
-3949
-3389
883
1330
1018
3616
3862
3965
2550
5217
4338
3200
1557
1369
693
1551
1871
-472
1453
610
4418
8182
3023
7570
9040
8003
3134
5876
4720
1496
-334
1568
6619
5425
1759
404
5134
4318
4797
2979
3515
1204
-6000
-5575
-4467
-281
-5521
-7857
-12232
-10412
-6571
-16515
-8453
-3733
-1691
3146
1440
526
-158
2370
1451
3339
4439
4986
3254
2905
5833
5284
4617
2592
305
808
299
-530
-313
3109
1419
762
6824
7494
8268
4984
6223
7602
7622
7151
4638
6556
4153
3324
3781
2964
328
-1980
-4298
-1918
-6066
-6565
-4986
-8994
-8853
-13407
-4845
-10208
-8850
883
-919
3925
4102
2481
2452
3760
4936
5714
6164
8197
5703
5597
2456
73
297
4371
2086
771
501
-403
38
-2036
-1683
-256
4768
3425
3622
3452
3785
6679
4889
6344
5485
4173
1409
3235
4869
5175
3100
-3100
-2899
-3987
-4463
-5115
-5240
-8214
-9558
-15127
-5552
-6701
-12337
-3586
-2526
-114
3089
2148
1686
4822
3757
8034
6738
5078
6253
6959
6932
4764
4665
2743
1541
-558
-1680
-965
-706
-1457
-3213
-2980
-2907
-2662
2990
-1757
-1010
297
-900
5430
-10
897
1597
-653
-819
-2369
-3049
-3440
-2663
-2971
420
-3890
-4753
-5596
-5860
-10320
-4957
-3533
-6529
2049
217
5313
7572
1785
4401
5211
8312
8605
9779
10045
9410
9483
9121
7599
9001
8529
6678
4547
2477
2543
1644
-348
-1593
-3963
-4768
-2944
-2574
-620
-4388
-6837
1476
1311
-409
885
596
2617
2312
3100
2583
-1072
-2345
-613
-1205
-1445
-313
-1741
427
-3970
-2278
588
-6943
2059
1331
462
6905
6849
9728
8893
9036
9105
12217
12124
12293
11801
10730
10783
10925
8594
3752
4203
893
748
-1220
-3749
-5155
-9143
-8164
-4650
-4453
-6993
-10961
-7248
-6170
-9807
-4309
-6065
-8820
-3069
1609
2651
-281
639
644
-6915
-6246
-6419
-5723
-6980
-6088
-5852
-9651
-2624
-9888
-5617
-1225
2073
7311
4489
6422
7130
9266
7917
8959
12208
8488
9040
10271
6933
4725
5385
3584
3231
3499
4657
3161
3113
1707
-242
-1373
-1391
-3735
-4266
-5690
-6335
-7666
-7607
-6787
-7309
-8519
-6502
-600
-5442
-4715
-3616
-4520
-6636
-5053
-3176
-4835
-6196
-7462
-3434
-6014
-2542
-7309
-3278
3584
4297
9111
8982
11060
10399
11404
10763
13754
15226
12459
8141
11160
10939
11817
11735
9950
10566
9789
10464
7813
3474
3803
2651
1617
2039
48
-577
-1820
-5591
-5506
-2237
-4063
-7314
-8740
-7411
-5251
-7682
-9771
-9467
-14043
-10887
-5108
-6218
-8864
-3208
-5923
-3219
-5811
-4911
263
-6783
-1363
4750
10146
11070
12415
11991
12083
13531
15106
16348
15584
15558
14237
14864
10708
12196
12335
10898
11830
9795
7227
6381
6945
4813
4764
1485
799
1532
900
-2700
-4401
-5484
-8507
-8378
-9144
-10914
-11965
-10927
-12510
-10137
-11785
-10045
-6621
-9849
-11191
-4312
-8028
-7816
-6295
-7803
-225
-8812
-5818
-1004
4201
8474
6758
7864
10438
14253
13810
13950
13081
13047
11365
11219
11845
14236
12179
8362
7790
6682
12054
9393
6008
7689
5592
7366
6128
2163
1488
-692
-880
-866
-3846
-3928
-7047
-9812
-9462
-8761
-11112
-15174
-12451
-11755
-11282
-19070
-14017
-12407
-16107
-10916
-2748
-9756
-2509
-4210
-5338
1355
474
6867
5705
9990
11839
14245
16339
16224
18573
17702
15346
16651
16250
15168
14785
11308
10946
9523
11359
8305
6378
6196
4776
6882
3634
2355
388
-1243
-1080
-3424
3
-374
-3829
-5482
-6398
-8753
-7121
-9347
-10520
-14082
-14160
-14110
-14143
-14683
-12817
-18833
-11429
-15827
-16742
-6939
-11217
-2843
-1578
3993
4649
3920
5074
6713
13133
14692
14411
15278
17395
17641
15780
13943
14825
11901
12446
12566
12713
13834
9913
3868
4121
3139
9981
8331
5077
5232
4306
1336
-280
-5903
-5422
-5939
-7469
-8825
-11298
-11630
-14511
-15197
-15148
-16242
-16920
-19772
-19840
-18591
-16407
-16233
-16434
-11294
-19087
-12248
-1250
-9
3700
5301
9011
8152
10640
10985
11127
12856
14961
13782
12218
12658
13953
14242
12275
11801
10527
14269
12154
6756
5945
10596
11273
4496
2258
-212
1843
1856
402
-201
-3099
-3565
-3897
-5579
-5815
-4445
-7047
-9275
-13788
-16148
-16741
-17222
-18634
-18116
-17413
-16378
-17164
-15008
-11758
-16771
-4723
-1481
-1991
4075
4677
7312
10357
12650
14487
14303
12363
15299
14948
17594
18435
15675
17726
17537
16674
16125
16454
14485
10548
8405
8050
10008
7200
1203
983
1220
3825
2532
-951
-848
-3225
-2530
601
-3226
-5987
-7538
-9251
-9623
-11149
-13905
-16262
-20722
-21849
-14417
-14578
-18255
-14264
-19441
-10007
-5717
-5942
1772
-488
1118
6573
5997
9256
11399
11777
12818
12289
11876
10827
18777
12837
10907
12975
14978
16354
13250
9579
9161
9849
7573
6552
3875
3299
4520
4354
3120
-881
-1975
-3331
-1712
-3178
-3836
-5483
-8003
-8625
-9021
-9944
-9919
-11609
-14836
-15128
-16869
-17056
-19434
-14355
-20482
-17404
-13399
-11734
-5103
-6392
-4010
-2416
5473
4768
5830
8525
11153
13168
15241
18239
17310
12657
12653
18135
17904
17593
15817
14759
15206
17056
14492
13774
11864
9996
9383
7261
10928
7951
3484
577
706
2657
2615
-1131
-3002
-4801
-5807
-3982
-9555
-11681
-16158
-17249
-19079
-16443
-21082
-19313
-20595
-23947
-10736
-12728
-9048
-10150
-8666
-129
2920
3644
95
2131
2827
8579
9489
11932
10233
10660
13406
13775
12800
14283
11876
10282
15174
15442
8630
9457
9378
7411
8954
7913
7557
3885
3751
1372
-44
-1349
-2944
-4465
-6548
-6322
-8357
-8829
-9211
-12758
-16440
-16397
-18295
-16808
-21278
-15306
-17460
-21100
-14366
-16169
-9985
-8304
-9141
-3782
-2605
1913
2831
1844
6117
2024
7075
7408
4137
8217
9758
11273
12435
13676
11900
9179
8514
9428
12673
11029
8643
10158
11239
10852
8681
6925
5625
2763
3010
2418
3735
4931
-5912
-8893
-7394
-7233
-6739
-9312
-12345
-10783
-14587
-12425
-14895
-18361
-13238
-21631
-15370
-12331
-9688
-4749
-7865
-6796
-4068
-2522
-2091
613
1116
4287
6108
5398
5747
7594
7276
8385
14525
16565
15014
14410
13569
14142
15009
14749
14354
13870
12796
12040
11654
9623
5928
4295
4606
6115
3853
-110
-4080
-522
-1874
-3559
-4503
-5921
-9151
-8953
-11435
-11301
-16594
-19893
-12577
-19630
-9116
-6993
-7644
-546
-1641
-1229
-3295
1075
4126
5685
4175
-986
-3190
2282
4681
-301
1755
2238
7495
11616
6635
7578
10588
10708
14136
13348
13895
10935
9893
11907
12298
13851
9214
8763
9062
8334
6146
3298
4690
4042
-1280
-3543
-3913
-2884
-4819
-10420
-10349
-10802
-9827
-12630
-7351
-11900
-12177
-4411
-2852
648
-1793
-241
-519
3538
4205
4741
4850
4568
5733
8638
8178
295
4990
6497
5667
6981
4445
5918
7030
6552
5675
8108
11628
7929
7774
8035
7347
8835
7006
5651
3658
1827
6984
6764
5431
-93
-6024
-6705
-803
-3738
-4847
-7625
-7359
-10135
-9154
-13665
-6735
-8874
-13569
-2527
-4041
781
-435
1811
4389
4709
6290
6235
6951
7233
7244
5297
10165
2683
3707
5090
1521
4573
3381
6575
2550
2309
4434
8918
7854
2668
8055
8988
9167
9048
6070
5383
3223
2660
3897
6598
5224
1439
-887
-1448
-3596
-3635
-7642
-7894
-5971
-9674
-8643
-10141
-4895
-4641
-14876
-6774
-3043
-1478
2244
3620
5269
5803
9355
7836
8104
6737
8429
5089
5367
5692
-2256
766
-2659
-1874
506
629
144
659
-71
-298
-8
-12
5991
4838
1802
4781
9991
6420
2348
5080
5579
4486
4806
3116
2808
1303
-303
-536
-2501
-3148
-4024
-8894
-6574
-8788
-5572
-5068
-13069
-3498
-1709
1036
6270
5164
5546
6485
7936
9284
10270
7950
9923
8661
7664
9040
-371
-65
2184
129
26
989
519
3
807
-1169
1003
694
-54
-1322
-3506
-4505
6599
-1890
-5804
6563
2045
3400
3003
3953
992
-3166
-3428
-4020
-3306
-5697
-5691
-6133
-4763
-6254
-7276
-4817
-9950
-7846
-1524
2134
6997
7608
1103
428
5796
8541
11114
9190
7442
7919
13477
12165
2370
1150
4848
195
1873
1864
368
1108
-2006
-3434
-5174
-3059
-4577
-3721
-6230
-6279
-5586
-6568
-3749
-2478
-8467
-7910
109
-2773
-3292
-4066
-2614
-5534
-6804
-7376
-8897
-8825
-8636
-7727
-9144
-2345
-7495
-2625
935
2616
8408
6818
8188
8671
11272
13409
14258
12997
13595
10961
12239
9381
7742
7049
2285
6235
2566
5610
3745
4619
1114
-366
-1669
-3375
-2570
-3947
-6795
-7895
-7241
-6235
-5984
-10536
-5884
-12813
-3247
-7624
-15360
-4541
-6068
-7014
-5867
-5678
-4826
-5682
-7415
-6621
-7940
-1940
-6298
-3603
6109
3722
10194
8283
7575
8916
9721
9814
11802
14213
13710
9793
9581
9866
16278
10529
3861
11941
6268
8125
6332
1032
-1756
-1460
-3413
-172
1510
1276
-421
-2839
-4379
-4828
-2879
-5382
-7525
-8166
-6839
-8105
-5317
-7202
-8884
-11577
-8227
-3229
-5865
-6102
-10747
-9333
-11795
-2177
-8185
-4879
3690
2540
8976
8799
10479
11283
10056
10589
13072
13125
15208
9129
8846
9739
12923
10060
3313
9171
5927
7315
6105
3917
1913
577
1370
-1536
-2570
-4593
-2725
-5495
-7378
-7984
-7809
-9508
-11868
-10957
-13444
-11727
-11757
-13281
-13324
-13421
-9193
-7281
-13369
-12625
-6635
-5900
-8868
-2174
-4376
-5379
2000
2272
6909
11127
11337
10715
13430
14607
17852
19147
19542
14336
14719
15441
13309
17684
9718
6542
6923
6786
9274
8240
4349
3853
4027
3099
5020
2307
-2024
-4337
-9081
-7886
-6637
-8006
-8342
-11015
-11510
-12688
-10539
-12204
-13949
-15183
-14005
-15729
-14813
-14951
-16678
-14009
-18326
-4576
-4997
-8611
1754
2087
6904
9877
12116
11749
15140
16136
16896
18670
17960
19790
19513
19473
16108
19476
13279
9992
14653
11220
11103
9001
7290
4947
3566
3095
2769
2594
1897
-444
-2042
-3564
-6756
-9041
-11156
-7310
-9441
-10215
-11262
-11742
-12046
-14494
-15361
-14209
-14907
-14925
-19238
-16405
-19246
-10804
-9689
-20295
-3238
873
1501
5860
4431
10319
10271
10332
13317
14596
16759
18576
16327
17702
16074
20205
17049
11405
14211
7501
9116
9202
10381
9162
4867
7952
6108
7447
7714
2970
1721
277
2029
-122
-4082
-7284
-9226
-9491
-11230
-9676
-11649
-13353
-16333
-16015
-13826
-15242
-14822
-14113
-17903
-14749
-9475
-14135
-5949
-6844
-5270
7368
8500
9456
11721
14249
14446
16917
19459
20831
19385
19557
16864
16209
22935
13320
16983
17992
15409
14690
10891
11261
9987
9461
8600
7401
6364
4629
2190
2346
1793
-402
-2105
-4838
-6682
-6987
-7858
-10402
-11216
-11973
-14596
-14336
-15232
-14880
-16593
-15502
-18444
-18755
-10601
-14505
-8923
-4151
-5458
3452
4493
-238
3641
9130
7509
11730
12597
17252
17815
14044
14381
16112
22652
18057
13819
19124
17364
17089
16736
15360
14321
10472
4296
5404
8861
8435
3375
-1186
597
-232
2178
-1208
-3243
-4579
-6426
-4076
-8471
-12122
-14780
-14136
-14411
-14027
-19211
-19340
-21917
-22884
-15632
-20436
-9524
-6689
-4823
-4164
-5016
-2269
1725
-2612
-951
7737
12524
18923
12613
14117
16453
15790
18227
14914
7998
15949
13292
14532
16141
13480
14357
12344
11168
10434
9075
5100
5449
3505
2266
1383
51
-24
-1817
-3754
-4890
-4876
-8133
-10545
-11122
-13241
-16692
-18553
-20248
-20393
-14930
-18040
-12834
-15813
-13207
-11940
-9242
-4695
-3714
-1209
-1178
599
5208
7336
9522
12894
12528
12956
19684
18514
12840
13741
10438
15049
12748
11338
13953
13314
11555
7000
8819
7348
8818
7931
6983
6517
1837
-1880
-1433
3165
1434
-7188
-9056
-8239
-9370
-5110
-8921
-9455
-13011
-12388
-11295
-15530
-15052
-19533
-13466
-17447
-16973
-9313
-10630
-3739
149
-2977
-350
5263
4040
4141
7352
7618
8782
6157
7213
7579
10981
18294
8623
9771
14084
14079
12385
8973
14472
11988
7848
7743
8050
8760
9090
8143
5242
3674
1935
-898
-6096
-6022
-6932
-7175
-7387
-8125
-9792
-12687
-11807
-11696
-11584
-15590
-14973
-18988
-13911
-16590
-17488
-9453
-7957
-2287
-7787
-8059
-3762
4365
6174
6157
5704
2444
5864
6191
7084
7739
621
11383
8444
-4288
14794
10745
8288
7113
8603
10466
7231
4339
4365
7793
9338
6874
3886
4579
4086
4306
3155
909
972
-1963
-8839
-7802
-4039
-7165
-10092
-9430
-10062
-11329
-9423
-14028
-11370
-10144
-15476
-5128
-4705
-5841
-4601
-6640
-3370
1875
704
2198
1580
3800
4528
6077
5807
5523
5816
10384
5126
325
6447
5938
8240
10285
12200
10891
8947
9309
6820
5453
4725
5266
4324
5328
3919
2754
355
1555
906
-3324
-4974
-6438
-7175
-6328
-5493
-6462
-13307
-11519
-8289
-16211
-9818
-5522
-15225
-8720
-5519
-9237
-3377
-2154
-637
-1199
59
1392
1816
5511
3729
5854
10115
10937
8173
7723
7272
776
7009
3403
-1337
5494
8019
2409
6244
10871
5931
8455
6803
9765
9242
4355
2113
2936
7773
6942
3122
1090
-73
84
1297
529
303
-5643
-10142
-17558
-10601
-10114
-10417
-10685
-16290
-5770
-4116
563
3596
3704
2239
6821
8485
7140
7995
5915
5168
7372
8909
9448
7102
7835
7205
1477
6961
5396
2727
2339
1815
-3625
326
2649
-2673
-17
4393
6613
3630
3044
2272
6123
5411
5868
3789
3157
3885
1221
3081
924
438
-2324
-4253
-6917
-4894
-7426
-11917
-2177
-12105
-6884
-765
1064
5839
4045
5807
7886
9833
2440
5802
3908
2619
9891
8183
9538
7442
10869
6764
-5587
3148
2601
2366
-1036
-2065
-702
-92
-5101
-5788
-4452
-3804
473
-4424
-1948
1608
4127
3140
2684
3188
2048
77
-1184
2048
-349
254
-5021
-6004
-6966
-5404
-5702
-8948
-1943
-9342
-8018
-3457
886
7769
4861
4009
6820
9308
11183
12233
10796
10054
10404
10369
12011
7621
6495
1145
-4911
2339
1572
1808
296
-2091
-615
-345
-1027
-2646
-3668
-8115
-6741
-2294
-6454
-1270
-7143
-6854
-2243
514
-523
960
-1287
-4188
287
624
-1122
-600
-7808
-6646
-5620
-11275
-2313
-11839
-6112
2775
2500
4496
1664
6342
8067
10176
11846
12641
12883
12964
13113
12962
12105
9489
10663
4268
-1811
4959
1767
5062
3075
1446
1192
59
3070
474
-755
-4344
-3744
-4755
-7924
-7297
-5836
-11350
-6424
1518
-5355
-2585
683
941
-3023
-1271
-1863
-1824
-4595
-4293
-4611
-6992
2870
-7806
327
2359
5404
12335
8876
12366
12111
8276
6537
12399
13131
9453
7029
7975
8437
9096
7129
3604
-2793
2304
4168
2596
233
-2822
-1753
-2787
-2454
-2647
-1026
-1735
-2177
758
-1461
-3143
-3237
-7850
-6164
-7253
-8840
-6948
-7751
-9224
-9056
-1512
-210
-685
-1838
-4038
-7412
-8838
712
-7138
-4047
2880
1770
8341
6671
7111
7699
8697
10171
15200
13036
13828
14755
13058
14370
7537
9906
7120
-2007
2148
1243
-224
4086
2323
1926
-645
-403
-763
-170
-228
211
-2426
-8209
-6415
-5595
-7917
-11322
-10712
-15327
-11505
-9528
-14947
-13861
-7086
-9295
-11555
-8794
-8477
-10056
-6643
2128
-5673
-1414
-1428
-1089
5727
6892
13201
12531
16093
16851
18325
18007
18296
17682
12369
5243
8238
12202
9294
-861
4541
4976
4542
6105
3650
4581
861
3003
1643
1018
472
-3646
-5899
-4081
-1347
-3173
-3571
-6353
-7194
-9020
-7531
-9405
-14738
-9879
-10351
-12889
-11815
-12151
-10682
-10900
-10630
2131
-6935
-5256
6091
783
8214
10116
11661
13601
14889
14359
15238
15277
13647
14543
12755
14805
14176
15436
12152
5102
10598
6492
5342
5169
2503
1999
-1036
768
233
1720
-2198
-3190
-3000
-3810
-3647
-6380
-7386
-7199
-7473
-8154
-7482
-6181
-7719
-10654
-11707
-16757
-12016
-12066
-13223
-14835
-12738
-3273
-12570
-6608
-211
2552
7650
7688
12392
12235
11292
11947
14538
15554
15794
14052
12159
13890
13277
16607
12152
5606
9185
2117
3192
5698
4412
6437
1663
4741
5231
4360
-3706
-2696
-515
-2229
-2063
-5144
-8738
-8705
-10454
-10364
-8840
-9038
-7271
-10316
-12429
-11911
-10754
-11187
-17293
-15436
-14552
-9384
-12891
-11699
-5081
-6554
437
3986
7491
9070
12021
14281
12003
12798
18288
18003
18966
18452
15852
18678
12305
4769
10637
12162
11184
7276
3499
4808
3677
3225
-1850
2716
4995
-1790
-2531
378
-3625
-2480
-2396
-5962
-5977
-9255
-7780
-9303
-7829
-9861
-11404
-9756
-12740
-12072
-13213
-12018
-15760
-12177
-13244
-14197
-7055
-7788
-2403
2758
1965
197
8747
11222
11669
13931
15187
18239
15921
17266
15442
19331
17612
9578
15381
13188
11898
13572
13472
13311
10969
5349
-1446
3492
5850
2496
-3343
-1216
-243
278
16
-3385
-1907
-4164
-7704
-5719
-8212
-10638
-11961
-12206
-13816
-14472
-17295
-11903
-15289
-8013
-10405
-12891
-11340
-9702
-3201
-1465
-2926
-1149
3327
2582
8553
14534
17037
17508
16727
18353
18206
18824
18998
9450
14024
9172
9436
11064
8950
8305
3364
6480
6935
5257
2498
-1770
2411
-1558
-1331
-3081
-1971
-2651
-5139
-6045
-7119
-9077
-7765
-9338
-11116
-11869
-13334
-14801
-14717
-11015
-14265
-7944
-11940
-12534
-3356
-2847
1265
-3467
-2207
3461
5320
7180
5928
5104
11335
12484
9236
15587
14138
14592
12764
7458
12591
7255
7462
13161
12648
8759
6652
7393
5911
6847
6013
4704
3661
3250
-477
-5448
-1933
620
-1670
-3794
-8401
-6501
-4000
-4810
-8105
-8984
-11129
-10688
-10767
-14140
-17546
-10040
-11713
-13632
-9973
-6954
-2120
-2512
-3785
423
-823
2029
3158
3327
6054
6650
9775
10683
10482
10929
13555
8752
12927
13710
12557
13856
10113
12544
11934
11557
10681
9143
7056
6510
7098
6189
4974
4625
4219
232
-2803
-4944
-4860
-6304
-7729
-8237
-9135
-11031
-11505
-11677
-13671
-13797
-18075
-11719
-17276
-16712
-7970
-6842
539
1598
430
3708
5678
6407
7457
4353
4900
7447
8655
8621
8164
6806
7806
7657
12392
6981
9855
13365
7315
10939
10876
14162
9906
7418
9420
10636
12049
7647
5217
4531
5074
4736
2760
1364
2599
-2695
-7846
-4346
-3167
-5778
-14243
-15582
-15709
-15871
-16393
-11128
-11802
-13244
-3011
-5029
-1459
-5234
-3086
-2655
2271
2288
3307
3650
2980
5994
3634
7396
6436
5232
7569
598
3465
8043
8400
8319
4644
11299
11881
9468
10232
9302
9720
8042
8090
7613
5726
4306
1862
271
-400
-554
-2795
-3829
-3488
-5363
-8402
-13143
-13273
-14269
-13795
-15653
-18114
-8645
-13210
-17654
-8767
-7006
-5322
-3069
-6583
-2988
2924
2380
3323
5535
5491
5318
6094
6126
7663
4017
4794
-630
-1377
2017
-1109
1781
2311
3204
10917
7431
2803
10609
4877
3731
7281
7270
6902
5504
1550
3251
6243
4995
3659
1582
-441
-763
-497
-7710
-8987
-9641
-14405
-15519
-18757
-8198
-10953
-18845
-10520
-8774
-597
1356
-484
1763
6107
4394
6486
10495
7239
9454
10250
8202
10300
8851
10853
5169
-757
9554
7765
6350
3331
2544
2830
2326
5842
4471
5784
3784
6833
11142
8960
5237
6859
7248
5028
3446
2297
2197
1222
-1166
-2233
-2176
-3958
-6323
-8862
-7481
-11332
-5192
-10334
-13892
-5572
-7571
-2374
-1347
-2687
-65
2073
1514
2132
7083
8414
4929
9316
11504
9964
11814
10418
9874
5110
8497
7238
4021
4238
3804
2063
1217
3320
3018
3057
1555
2416
6520
1885
1512
2068
-53
2896
3608
4031
3053
-585
-2832
-3038
-476
367
-9644
-11407
-9460
-12677
-5336
-4919
-10466
-2181
-8494
-6265
476
1457
2312
-841
1379
4933
9875
9197
8003
10644
7417
8494
8425
9475
7461
368
5182
6572
6618
6946
6270
518
1708
4267
-1780
-2247
-3384
-4466
-5823
-5923
-1353
565
-1762
-1788
958
43
224
-1672
-2893
-1718
-5925
-4066
-7404
-8753
-9739
-11560
-780
-7603
-5773
2384
-1828
6889
7011
5434
-450
4945
6050
6348
4837
4284
11118
11125
12814
11545
10953
11434
8016
-3668
5851
5906
5446
7309
5052
4799
3005
2871
-2965
680
330
-4047
-4056
-2371
-1418
-1854
-2687
-4878
-5323
-2747
-5587
-6951
-3417
-3313
-4032
-5833
-2766
-4851
-6977
-14227
-5996
-7126
-11883
-3290
-3253
1957
2793
4548
5817
9235
8173
3883
1824
6843
10034
12041
6198
6241
9916
11074
12604
-221
3810
3782
1610
5933
2338
-135
3540
-163
648
1791
34
-4465
-1191
-1130
-2012
-3059
-6884
-6211
-5454
-5100
-6303
-4893
-4696
-6019
-8485
-5302
41
-5720
-5063
-8577
-2176
-3338
-8494
383
629
6029
6757
8064
9861
11504
12584
11165
13444
14871
11600
11849
11594
13079
12105
12498
10717
3708
6906
5898
4861
3933
223
-1739
1386
2870
2389
275
328
553
1161
-2591
-8157
-4800
-5782
-7847
-10522
-12393
-12748
-11752
-11554
-12345
-15401
-9557
-4712
-9581
-9861
-9400
-3956
-9272
-14383
-4694
-99
4420
3934
4759
9504
10653
9416
8090
9217
10724
10926
13094
13863
13574
8020
7732
12455
7977
9281
6307
5467
5815
8726
6584
5581
4209
-888
5586
5842
4218
1775
822
-790
-1501
-2809
-5444
-3767
-7330
-9486
-8635
-11021
-11087
-13321
-14638
-15030
-13746
-14202
-18387
-7700
-8720
-11410
-5388
-2558
3688
5585
5565
4820
10368
11295
14243
14269
15748
16174
17490
17034
16415
15100
16257
14891
3531
2874
8849
8985
9942
7385
8852
5124
3113
3362
4330
2399
-4754
-1044
-1923
-2903
-718
-2054
-4175
-3907
-9559
-13286
-11102
-13612
-12580
-14296
-18493
-17735
-18036
-15050
-18517
-15266
-11995
-18018
-9531
-6594
-2694
1210
2065
2894
7000
12266
13093
11439
12915
16644
15939
16061
13293
12159
11503
13564
6635
9499
11649
6603
3464
1740
5457
2952
381
-2276
-2409
6039
4092
-508
1317
-899
1041
2415
-1075
-2315
-4851
-6268
-10210
-15346
-16921
-12315
-15561
-16040
-17544
-15919
-18544
-16862
-13604
-16889
-9297
-7051
-1167
2226
2681
5793
8835
12436
12139
13473
14716
14847
14988
14681
15551
15442
15313
16594
9460
13460
14508
10972
11307
7832
5909
2828
4755
5528
5813
4533
3642
2479
1051
-1116
-997
-2151
-2289
-2078
-3768
-3434
-5297
-5210
-7645
-6826
-11951
-14216
-13810
-13729
-13990
-13884
-9448
-17970
-9966
-6086
-3585
-31
-1921
3330
8841
9587
7621
14061
13326
14375
13913
14701
17051
15678
13090
16126
11216
10958
12632
7659
13151
8681
12411
11208
11985
5468
-590
-1596
-298
2530
-483
-7092
-2595
-1983
-2833
-3160
-5658
-4555
-6159
-5067
-9282
-10898
-11918
-13488
-14615
-15541
-17113
-12169
-12042
-16201
-10844
-11065
-7152
-4825
-5742
-2617
-41
726
7160
9810
9532
10244
10517
15985
15670
16927
16222
18303
9456
10406
15399
11289
12795
10190
13461
12125
12399
11816
8748
7851
7014
399
-2884
-2593
-3356
-4156
-6648
-5501
-8010
-9394
-11446
-10829
-11331
-11171
-12043
-12323
-13804
-16163
-16768
-18205
-14945
-13193
-15631
-11081
-5041
1307
2047
-5032
-1616
601
2197
7501
9202
6157
9107
13064
9674
10297
10216
15012
9310
5924
13256
11706
13396
8615
9813
11664
11480
7651
3939
5093
4271
5457
2966
3782
578
-5197
-9904
-7809
-5785
-8222
-8390
-9912
-9418
-8059
-8301
-17437
-14509
-14514
-12876
-12322
-9007
-13258
-14423
-12981
-5068
3488
-1946
-2140
287
1567
4872
7554
4479
6263
7851
11328
10084
10621
10150
10643
11488
616
10354
15731
15240
13581
13855
13299
10972
10186
10162
8941
3465
4476
2874
3842
1832
-649
-1331
-3422
-8847
-9470
-10148
-11552
-11409
-13112
-15188
-14599
-14972
-16232
-14785
-18111
-13026
-12899
-12334
-5051
-1213
-418
1084
4808
5278
7837
6692
7816
9488
12135
11126
8855
9454
9629
9510
12427
5862
2396
14653
11623
6467
11931
12826
10821
9139
8795
11049
6327
3999
4274
5292
5758
3129
2276
1760
21
-2047
-5226
-4895
-6073
-11597
-13545
-10485
-8482
-12729
-13644
-13394
-13903
-8980
-12517
-11985
-4220
-1270
2072
4183
4709
3446
6464
8893
7333
8814
10543
8701
10583
8632
9415
7967
4482
290
2159
7383
5181
6329
4391
5543
3209
9026
11953
8245
7250
7814
9668
6642
4288
2967
5753
3737
2333
-766
-4035
-5692
-8193
-6304
-8491
-8611
-11947
-13353
-12628
-12689
-16158
-7649
-10293
-14222
-4128
-1380
2772
3667
5800
7325
9339
9043
6587
10234
14853
14036
14956
12587
7076
5218
7059
8333
-1215
3559
952
2854
4809
2184
3435
3757
8086
4013
2677
6156
6368
3940
2128
3697
4780
468
-1363
-693
346
-326
-1397
-5208
-8788
-9465
-9369
-9437
-11010
-10602
-18618
-10590
-11383
-12157
-4631
-7814
-836
1668
5786
6574
9625
10455
7517
10867
11591
8598
10762
9995
7231
6111
9060
7836
2128
5552
2678
8196
7115
3874
-761
3510
3967
-305
755
-1168
-2423
-136
3657
3645
1356
1351
637
-345
-2182
-4954
-3197
-3654
-6084
-7627
-11618
-11503
-14920
-13345
-16300
-5078
-9199
-16816
-8598
-4417
1296
2757
2985
7384
8938
9109
11067
13604
13239
15944
17507
12236
11667
13709
13281
13466
2311
8088
8693
6865
8291
5443
5632
2654
1182
2162
1136
461
-1926
-548
1227
1090
-2083
-3265
-509
-2582
-2204
-4968
-2796
-3280
-6509
-7661
-8673
-5379
-7919
-6051
-9924
-8116
-6150
-11132
-2148
-940
2537
466
487
6730
8296
9346
6753
9060
12395
13858
13160
14337
14516
13866
13131
10186
4051
8519
10499
2798
1491
2375
2003
1167
86
-739
688
-991
-1780
-4856
-5835
-6397
-6149
-5644
-7164
-5517
-4109
-2669
-1904
-3427
-5459
-5948
-9080
-9036
-8754
-7942
-12336
-7303
-6788
-15259
-2608
-3303
-1043
2001
1900
2568
1135
4711
5907
11198
9645
12498
15419
17409
15750
16792
10094
10501
7254
5725
8062
6481
6137
4049
3484
6738
5793
-1172
-1288
-952
-2454
-3735
-3896
-6991
-6703
-7903
-11118
-10174
-9790
-6514
-7325
-11785
-9966
-6845
-7418
-7696
-8375
-6366
-7616
-6180
-6109
-8712
-1099
929
5747
5876
6782
9432
10989
16291
15503
11859
3914
9351
16853
17118
13852
13358
13717
14941
11539
6424
14039
11855
12843
9975
4115
4120
2202
2008
-185
-1087
-997
-2856
-5583
-8231
-2860
-3560
-6779
-8659
-12939
-10377
-13106
-13646
-10976
-9893
-11529
-11572
-7293
-6539
-14922
-9927
-6056
-15526
-5874
-3886
-1388
3329
631
9824
8310
13703
13116
10018
13777
14993
14678
12630
13405
14284
11678
14899
11474
6815
13462
13047
12195
10768
9746
2005
-813
995
-107
-239
-2403
-3369
-4232
-5043
-5529
-6430
-6426
-6813
-7375
-10053
-11089
-10317
-11852
-10227
-15071
-14825
-8702
-11763
-12578
-10135
-3445
-10393
-5613
2979
3135
7399
3734
5542
6631
10637
11513
11798
14590
14068
15582
15677
13795
11270
10056
5801
2194
12134
13221
3667
5638
3532
5515
8145
6266
6545
1615
1869
2534
718
-1916
-4197
-3689
-6475
-8305
-6664
-7783
-7161
-10530
-10735
-9376
-12733
-14145
-14987
-12817
-16502
-13579
-15469
-8841
-14480
-9784
7216
-3267
7870
9802
10131
10299
8405
12660
14825
17705
13217
14367
15861
14948
14763
15267
13285
11121
10645
6966
6576
9114
6895
6646
6252
5169
5322
5213
5733
4093
1649
-1185
-1628
-4008
-6452
-3687
-5383
-9890
-11010
-12390
-12461
-14485
-14122
-15580
-13376
-19698
-19058
-16788
-20780
-13024
-17034
-15851
-2136
-6088
489
5753
5434
3775
8325
14065
14904
14600
11594
13566
15776
16594
14644
13891
12801
11828
11705
10804
12690
10886
6947
2257
2109
5971
5882
1891
134
-232
751
1101
514
-46
-3312
-3114
-4368
-7756
-8627
-9670
-10750
-12383
-14566
-14112
-11137
-12776
-14754
-10595
-14801
-15781
-15956
-21249
-7818
-8750
-2091
-3522
-5373
-850
4741
15079
8993
11813
13126
13810
14257
15387
13129
13516
11848
9111
9069
8946
8112
6355
7080
7380
6171
5049
226
-1327
112
-1596
-1565
-1170
-865
-2838
-3724
-3176
-6768
-6677
-6571
-9728
-8976
-8697
-12056
-12906
-13940
-13858
-16300
-16051
-18801
-12556
-12645
-19503
-5791
-6768
-2356
-1488
-5819
-444
218
9807
10336
4990
12521
14110
11646
15108
15511
14564
12949
10660
10873
12238
12515
11608
10080
8039
7055
7125
5171
5518
4777
1837
-1936
-3859
551
-908
-5254
-6474
-5222
-2450
-5418
-7922
-7341
-9310
-7420
-8374
-13741
-14021
-18004
-15006
-17738
-10958
-9639
-14513
-2875
-4671
-1194
-234
1060
1334
3151
4539
6137
8625
10261
8706
4241
14660
15652
11434
13372
15518
12762
10672
9885
7837
6953
5481
5464
4938
5937
6639
5125
3575
3593
2796
1960
833
-4410
-2397
929
-1918
-1947
-5400
-7198
-6563
-8889
-9961
-12308
-12993
-15578
-14966
-12054
-6702
-11442
-12448
-1611
-3319
-6767
-4281
-1370
4938
-952
1757
1746
7608
6892
8258
7199
5890
11290
10239
4757
12710
12126
8248
9671
9714
11648
9070
7533
5677
6343
6689
5793
4719
3891
953
3508
2731
4077
3969
-602
-1342
-7112
-4185
-2219
-6024
-6195
-8108
-8660
-6139
-9072
-7257
-12373
-5686
-3119
-14694
-7906
-6032
443
-1519
-1038
2343
1596
6065
3898
5877
8892
8031
4474
7478
6793
4330
6478
4890
4856
3610
9626
11410
7814
9787
10685
9227
6401
3801
1224
1105
376
-1003
-458
659
-419
-583
-244
-3201
-2376
-2909
-6082
-9921
-12065
-8342
-9646
-7759
-9654
-11778
-12028
-8595
-4789
-14851
-8429
-5334
691
166
-1027
2598
3958
6467
3415
3895
8208
9160
9000
7255
4875
3895
4308
1170
2624
861
753
4521
2430
-2053
4520
8588
4336
5548
4807
3405
-997
1424
2509
3496
2058
2583
-4604
-696
-803
-2237
-1978
-969
-1800
-4656
-6824
-8486
-7591
-4782
-10493
-9516
-5942
-11949
-3030
-104
3338
7554
6587
8934
8862
11172
5539
5040
7536
11972
13494
11725
8081
4357
4673
3389
2207
-1555
-1345
3367
-906
-664
505
-704
-394
3643
8196
4530
2799
3762
1806
-146
566
717
-1082
-1023
-2855
-3347
-4402
-6488
-7608
-7979
-5202
-5421
-7496
-6742
-13644
-11349
-4759
-10262
-2935
672
2015
4967
6977
11668
8643
8496
12002
11466
12032
14085
14965
15386
12583
9968
6976
5230
5768
3455
2610
1311
-124
297
-115
-1039
-2560
-4831
-461
-580
-6562
281
898
948
1953
356
219
-1832
-2564
-2758
-2596
-1966
-4613
-4979
-5885
-6587
-8427
-12146
-6837
-9550
-5726
-13545
-11918
-551
-2009
-1606
3295
8147
10705
13282
11198
11984
8101
11782
13189
12459
12889
9326
8695
6676
6012
5735
4241
4525
2516
2585
1797
-1519
-5122
-4280
-480
-965
-98
-3239
-1960
-4882
-407
4315
-1895
-1491
-3693
-3940
-7412
-4878
-5658
-6437
-5073
-7288
-9018
-11267
-8733
-13737
-3848
-8344
-7768
3054
-4448
928
1584
1696
4952
8167
8767
10225
12475
15462
16301
15242
15578
11432
10148
7174
4813
3676
4024
5376
2421
380
-1032
-2136
-477
-1381
-2781
-4832
-5518
-5666
-7691
-8553
-7838
-3472
-3707
-7972
-5358
-3034
-5029
-5033
-4507
-3439
-6676
-8784
-6768
-6115
-4461
-9153
-6056
-5479
-9040
-1601
358
6330
11007
9440
4319
9497
15277
13726
12629
11874
14514
14851
17161
13425
12210
8588
7975
8773
5847
4354
6833
5467
2942
2760
3612
5124
3090
14
-852
-1378
-2352
-4354
-4072
-3718
-6060
-5628
-4526
-6072
-6826
-5535
-1446
-3823
-7533
-5483
-4875
-7387
-6676
-10297
-11899
-6243
-10817
-4995
-2931
794
4638
6334
8285
10675
11793
7769
11129
12870
14981
15306
16145
15649
13956
12492
12949
11865
11060
9526
6101
6837
5988
6068
4915
2696
1587
842
-700
-4080
-6193
-6312
-9617
-6003
-6536
-6768
-11308
-12460
-13731
-16107
-14284
-11121
-13750
-15893
-11394
-10959
-12251
-13686
-12361
-6471
-11611
-8112
-2640
1979
4375
3333
3033
5252
9933
5764
17058
19434
15934
10895
11444
15588
16360
13523
10264
6706
9451
12894
9868
8534
6678
6452
4701
1488
162
-1699
-1378
-1388
-1392
-209
308
-2106
-3767
-4918
-4414
-6658
-10609
-14729
-9762
-9501
-11629
-11526
-11524
-11153
-15227
-10808
-10431
-8205
-10021
-6410
239
649
4951
3526
5172
8784
7349
7458
14014
13857
15777
17543
16975
16158
10995
11157
11846
9449
9560
10378
7566
8038
6997
6551
7450
5218
4191
2635
1175
-30
99
-847
-996
-555
-2098
-5478
-7482
-9539
-12444
-12987
-13121
-15471
-15379
-17014
-18599
-17379
-19194
-18159
-15867
-11407
-14864
-9755
-5086
-2401
3253
4180
7454
5938
4813
6407
12028
10783
11416
14605
16572
17531
16772
15383
16018
14295
8011
6177
10060
16228
11463
8629
8279
7833
10391
7826
6741
5397
4770
5815
4390
-291
-3415
-3900
-6872
-10207
-8923
-6269
-7862
-11739
-13603
-13268
-15403
-19029
-15060
-16122
-15616
-11749
-14349
-12098
-6206
-6342
3217
7541
-1542
518
3520
4266
9275
6215
7065
10268
10108
11044
10093
11955
10489
11327
10410
10812
11803
8025
6990
8788
7197
7914
8159
6575
6606
4845
5777
4695
2767
27
-1994
-5244
-8005
-2233
-8360
-9236
-9831
-11316
-12905
-14154
-17502
-12195
-12954
-12826
-23724
-15267
-15224
-19874
-10771
-13755
-4240
4312
3695
1440
4944
4873
11561
9415
12288
11012
8577
9882
9066
11874
11386
11863
7878
13500
15490
12600
13469
14351
12901
6997
5442
7282
10991
9116
6035
5071
5317
6715
4964
-565
-864
-1765
-2104
-2795
-5808
-7305
-8431
-9267
-10462
-10452
-12213
-11784
-18105
-15884
-12164
-18267
-12530
-11590
-6538
30
-2686
901
1127
4138
3125
6418
16816
12252
10498
13282
12394
10657
10982
10868
12950
13541
13895
13490
10143
12024
11370
9430
8487
6444
3027
4033
5478
5530
5636
1670
-807
-702
-2105
-3035
-2568
-4178
-6174
-7379
-9365
-11081
-13695
-14493
-10539
-8930
-15029
-10998
-5872
-17903
-8936
-5861
-4846
-2634
-3286
289
616
-78
1869
3595
7334
14434
5968
8089
12613
11604
4670
5799
9723
10055
8868
6785
9650
10361
11859
8529
9399
10383
10536
11162
10505
11070
2363
-1944
2197
6661
6321
1478
-1084
-2182
-1389
1158
-3427
-3782
-5792
-7158
-7156
-7615
-13843
-13233
-7467
-18576
-9085
-6560
-6005
-2544
-4634
-960
-1034
-2956
-4864
897
883
4297
834
5324
10976
2588
8697
13591
11648
5564
6449
8257
6730
7961
3702
4546
5922
5095
9929
13253
12030
6448
3283
4631
3985
1893
-578
-1591
-1988
-1332
-2296
-2604
-2924
-2879
-5832
-6733
-8275
-10618
-13077
-17415
-9345
-15797
-16262
-7753
-5932
-1517
-4536
-1703
-2782
-3341
6024
3640
4528
-395
1195
3894
3866
4812
1930
3799
9575
4600
2798
10305
10152
7085
5681
8819
10001
7551
7682
6906
7297
7698
8823
10273
7680
6833
6529
6642
6224
1380
-5715
-4877
-1117
-165
-3194
-8739
-7762
-10499
-7217
-12647
-6757
-11878
-15356
-3412
-7085
-4322
-1117
1005
-56
3713
7268
5923
4739
4646
6316
8459
8826
4090
4051
3780
5141
5347
4273
5549
2431
2483
10385
10458
7879
3401
3908
4362
4842
4981
4400
5712
4081
5749
8271
3684
2081
1678
1160
1927
-972
-5547
-3943
-5518
-5811
-7796
-7166
-9226
-5646
-4995
-12623
-2460
-4148
-1767
-106
-1666
-558
139
4570
3430
3251
3825
6498
7473
8658
8105
5812
4399
2513
4208
2955
655
361
-1501
-69
4666
3355
-121
3855
3424
3807
1832
2787
4996
1252
161
-509
1700
3045
912
-2265
-2625
-2270
-3331
-4037
-4772
-5639
-13291
-13455
-10227
-9146
-3911
-14878
-9406
-2045
2264
7524
3214
5586
5430
10662
8460
5113
6611
4930
5751
10433
8007
6160
4958
3665
3093
2054
2008
91
991
610
2286
-1464
-3118
-4298
-5061
38
-3073
3667
829
572
2122
4841
1835
917
301
344
1728
-766
-1739
-3756
-6029
-5792
-7296
-8481
-7457
-11117
-7793
-10615
-8913
-3000
-769
3537
1610
1350
4147
3554
5081
7281
6263
11764
6508
8182
6475
6516
5324
9413
9046
7580
5662
5675
5789
-2357
-2892
-6981
-5475
-3755
-2948
-3740
-2931
1671
1503
-1440
-5012
-2528
927
-1090
-426
207
-2315
-3643
-7418
-4551
-3893
-5680
-7329
-9603
-6012
-7916
-2567
-3784
-9223
-5680
-7614
-884
4225
4558
3115
2597
6475
10597
11044
9334
10518
11183
9322
15042
6467
5712
6632
5674
6313
4581
4004
2696
-1926
-4048
-1175
-798
-5365
-6251
-6441
-2403
-3296
-3613
-3101
-4539
-9429
-4776
-2053
-3729
-7289
-6644
-6263
-7689
-7752
-10514
-7489
-10126
-8553
-9652
-9286
-3785
-12760
-3445
1210
3057
7453
2098
7007
11086
12104
12804
15825
13473
12178
16496
15522
14606
14716
11520
10343
10468
10161
8163
5978
3011
980
3225
3651
2832
1662
980
-875
-3398
-2063
-3343
-6191
-7089
-9332
-8830
-3236
-5283
-10294
-6828
-4589
-5681
-7155
-7881
-7285
-8662
-6589
-10340
-9315
-785
-9819
-7952
275
689
6017
7912
13718
11643
13265
11760
11466
16822
16481
16414
14073
16289
17170
18370
14277
14770
13911
13193
13513
6600
4882
5490
4153
3282
1032
-318
-1883
-6137
-6268
-2326
-3073
-6274
-8338
-7788
-12387
-14383
-11686
-11842
-18010
-16733
-12184
-8764
-11653
-14628
-11277
-8070
-13319
-3270
-6624
-11958
285
-3893
3258
6514
3155
5980
11242
13946
14668
16691
12242
13575
14078
13441
12562
11030
15921
15090
11089
9310
6589
5041
4882
5332
4018
1639
818
-319
-1133
1604
332
-826
-3298
-2965
-4558
-6032
-8892
-10878
-15102
-15265
-17437
-17817
-18435
-14473
-16155
-24258
-17857
-12531
-17237
-12969
-13963
-14113
-2830
-1383
3075
4781
5675
8170
9555
10987
12647
14558
13532
19020
17519
16639
14176
11344
14051
17122
14782
8625
7781
7043
15978
12059
9920
9438
7891
9986
6547
1845
377
-885
-2121
-565
-1884
-4004
-6829
-8739
-8459
-8552
-11892
-14798
-20404
-19617
-21868
-20579
-17697
-19553
-21939
-21354
-10396
-14535
-10825
-322
-387
6853
7605
4398
7851
12143
14035
18633
18193
19400
20240
19455
19702
18724
20788
19737
15431
10595
12859
15505
14577
12977
10305
10382
9677
10039
7389
4776
3525
2492
1399
-216
-1594
-5179
-4194
-5443
-7519
-9952
-11562
-10933
-13523
-16271
-17046
-19334
-19845
-19551
-22603
-23685
-15822
-14987
-21254
-12613
-3387
-773
-2859
1748
3595
6374
9490
8181
13256
14044
18492
18096
16185
15046
16637
13496
11842
16887
13873
11830
9586
10322
9736
8815
6368
6580
8142
8984
6275
2312
2645
-117
1507
-36
-5126
-6571
-8079
-12244
-12098
-10484
-11694
-15242
-15081
-13503
-14111
-16422
-18918
-23016
-18027
-10689
-18231
-9068
-5327
-7369
-1533
4163
6280
5577
11262
15195
17658
16060
17748
16573
16070
16426
15380
16995
19068
21073
18924
16862
17564
17020
16101
12570
8558
7879
8361
10584
8635
5557
4013
2520
2037
-332
-625
-4122
-6057
-7918
-9450
-10769
-12829
-12210
-13916
-16678
-21625
-21045
-23068
-22791
-21923
-19426
-21454
-21518
-14801
-7029
-5251
-1724
4804
-2577
2269
11508
13744
13382
12605
19318
19244
15313
12567
15320
18185
19866
19320
18535
17453
16691
11666
10434
11186
8958
5795
6050
5509
2521
4033
2739
3565
2218
-1505
-3421
-5938
-6190
-9223
-9024
-11591
-13785
-12849
-13284
-18734
-20214
-16613
-19493
-22070
-16284
-17925
-22277
-13770
-13215
-12222
-9151
-4900
-4527
-4921
1191
-471
2679
14798
19165
14828
9229
13646
12735
14259
13161
11782
16996
18250
16975
16316
16006
11104
11110
8715
8876
9183
9389
5886
1656
-501
181
-76
622
-2234
-5711
-5999
-6228
-8129
-9465
-11816
-13168
-11411
-12959
-14453
-15252
-17275
-15036
-11513
-22035
-15060
-9198
-10454
-5545
-5854
-3152
-1620
163
2897
4029
7069
14166
5651
8107
13639
13420
12145
12036
18036
17727
14655
11584
15105
14713
15566
14075
12885
14033
13281
12116
10694
10583
6981
3696
2813
3539
-34
-766
-3764
-4714
-4327
-3569
-6140
-6833
-6229
-10417
-8722
-12905
-15410
-21449
-13260
-16582
-20029
-6930
-8899
-5626
-4303
-5723
-5973
-2736
-4027
2785
3517
4135
7985
10018
10651
4849
7752
14140
15401
11651
15762
17867
13576
15039
13217
11696
11404
11690
12179
11351
9643
8604
7500
6819
1138
969
-473
-475
-2663
-7206
-6293
-7841
-9264
-10139
-10693
-10004
-8887
-13046
-10445
-13316
-11573
-6837
-19323
-7155
-4044
-5493
-2063
-1697
-936
-4153
2116
3186
498
1208
7580
6720
5660
4426
2552
3204
9224
5338
2062
12393
9720
8835
9330
11067
9552
5561
5205
7249
9465
9261
7114
4986
6366
4225
3577
365
-368
-2853
-5290
-4045
-1911
-1156
-4764
-6169
-8037
-7170
-6756
-9096
-16052
-8760
-13773
-14381
-3590
-7796
-2488
-3443
-3926
4878
1626
2003
5730
4412
8506
7987
7265
6551
3888
6162
-34
977
3946
4568
846
750
7495
10880
6995
8907
10503
9958
9749
8081
6936
6392
6586
5744
5759
4190
2459
2988
1624
582
1336
-582
-1741
-4265
-9026
-8754
-7414
-7870
-12731
-8658
-6566
-12834
-3251
-231
-99
3006
3620
3163
770
4104
9003
8270
8842
10870
9187
8118
5404
3048
-95
1466
2209
-103
-3173
-3638
1370
4240
1846
-2715
338
4064
1452
192
1202
1982
724
-1039
119
2116
2852
2300
975
-287
-280
-2062
-3309
-4091
-5875
-9761
-10386
-6978
-10781
-13267
-8104
-10108
-11223
-682
1318
1998
2003
719
3600
4593
7172
3526
4448
10142
9786
10301
8707
4118
1834
3279
3801
1508
-161
-1893
651
-271
-1651
-80
-1835
-502
-3169
470
7113
3071
1084
2109
171
3254
3430
78
2718
1259
306
409
-637
-2347
-3503
-6418
-8180
-5882
-7288
-10998
-9444
-7440
-15644
-6371
1029
-813
1504
1507
6184
4444
6197
6635
8276
8993
11266
12374
9273
9918
7325
7373
4005
2726
1417
-1374
-2888
-6303
-5650
-6821
-6679
-9284
-9996
-6547
-919
-893
-9115
-2346
-218
469
974
5097
5799
1027
-1629
-427
1820
1989
200
-2019
-2599
-2621
137
-4972
-4860
1024
-5274
-7292
-311
4205
5347
2739
5824
6319
8670
9128
6767
10107
11329
15220
15148
10815
8571
6744
6843
5488
6972
4416
2364
480
-1689
-882
-1883
-3110
-3813
-4912
-4105
-7535
-3388
-848
-5046
-1602
1122
5204
985
-4526
-954
-1879
-1469
-2564
-4192
-4498
-5058
-4881
-5946
-4807
-10238
-3144
-5085
-13121
-3218
82
6521
7947
7869
7672
8562
12823
13365
13983
12121
14948
14055
12437
9369
7818
10091
7529
6867
3459
790
5165
3663
1300
-2072
-6402
-5328
-9399
-11152
-4944
-4806
-3560
-10601
-11474
-8510
-3559
-5925
-9341
-4256
1011
-3202
-2427
-704
1101
-2140
-4393
-8688
-4788
-3512
-8681
-5932
-9064
-1836
3244
4477
9701
7509
7942
7831
12017
13576
13711
11502
12446
12068
13625
14566
10962
12632
8238
8992
9744
4607
2146
2084
947
978
323
-2745
-5526
-8556
-8335
-7806
-8617
-5931
-13069
-12247
-9079
-9048
-8645
-8442
-10692
-12298
-8417
-2300
-6049
-9178
-8800
-6398
-6695
-3359
-7706
-8194
-3605
-9664
-54
4014
6678
10040
8348
8903
9500
13790
12835
13532
10227
10518
14416
14136
13469
10642
11870
12596
10910
8082
6903
5292
5640
5467
3276
735
538
1275
696
-3029
-4512
-2954
-6047
-5651
-8493
-9097
-6718
-9619
-8820
-9227
-11024
-5169
-6537
-8936
-5360
-3395
-4733
-8393
-7260
-3584
311
-8123
-4530
5396
5176
9234
8262
8452
12706
11345
11044
14821
14610
12678
14926
17225
17142
11981
9857
10578
10172
11514
10981
7958
9528
6229
5964
2615
1083
-2872
-6349
-4271
-4854
-6419
-7868
-6556
-8172
-7709
-5898
-6875
-11202
-12006
-11554
-9421
-9804
-9682
-8402
-12148
-17206
-14540
-8813
-5865
-3270
-1916
-7876
3153
735
3279
8940
7819
7880
9744
11187
15485
17885
17512
18160
16130
15614
14242
13873
11588
10111
11137
11224
10111
5830
5437
7172
5595
3769
3432
2541
2198
1758
877
-1298
-2359
-3114
-5555
-8487
-8457
-7290
-8523
-10382
-12471
-11749
-10738
-14209
-16021
-13200
-14654
-9876
-8150
-12728
-2851
-6263
-4935
3812
2777
8576
9428
7051
9706
14491
15487
15639
14545
14204
15634
14265
13096
13410
17294
14423
12394
13712
12468
7693
4892
6966
7920
8723
8727
4369
470
-1139
-353
852
-4267
-6866
-8089
-8277
-7750
-8930
-11335
-15162
-16445
-15581
-19093
-19005
-19131
-19679
-18214
-16505
-17847
-20212
-13920
-11421
-16673
-5581
3271
1390
5345
4163
7424
8469
11006
12436
11746
16078
14251
16152
14833
13305
15521
13968
14022
12363
10476
10041
8988
4957
2835
5877
4707
3316
1706
3598
4570
2457
2485
-1552
-3477
-4321
-5215
-7122
-7810
-8394
-8992
-13016
-17176
-13944
-14603
-16668
-18582
-21563
-19313
-19554
-21583
-13339
-21150
-17459
1782
-7504
-3842
-78
3937
6490
5562
7580
14079
12570
17118
17313
18098
15995
13840
11614
10839
12623
13266
13543
13830
11971
8927
8577
9395
7634
2989
259
1048
629
2190
1626
-687
180
242
1517
2076
-4543
-9555
-10768
-11943
-12324
-15250
-17987
-17784
-15590
-16779
-14181
-19516
-14712
-12476
-17087
-8781
-7947
34
1142
1110
2862
6965
11775
11227
13164
13989
15886
15990
16936
14562
16889
14856
13488
17886
16537
15492
15183
11825
11339
13706
13016
11801
8367
5065
3449
4735
4162
2067
1869
1640
1410
-2045
-5591
-6265
-5779
-8271
-9845
-11242
-13107
-14293
-13988
-15734
-17998
-19096
-21046
-14679
-20779
-22816
-7745
-8246
-3845
-2142
-3969
3701
10081
6312
7324
12694
15683
9443
9417
14957
14074
11259
11966
14119
16498
15991
12849
12464
11992
11350
11341
9355
10143
9803
5607
4652
5463
2131
-1471
-3549
-3142
-3864
-1018
-1739
-4797
-5164
-7321
-6697
-9546
-13068
-17696
-17526
-17738
-16083
-18062
-16141
-10696
-19333
-13087
-7319
-6615
-3526
-7913
-3246
-505
-165
3708
6595
7558
4707
14474
15191
12148
14214
10563
13807
13835
12764
16175
10217
10473
14984
17276
14928
13488
12957
11596
12515
11389
10519
8348
4189
-1938
-1134
917
985
-839
-4933
-3183
-5003
-10711
-13199
-15774
-14576
-15217
-17577
-16614
-20871
-15929
-17869
-24496
-13272
-13590
-8205
-7154
-10169
-4715
-69
1778
2153
4662
6425
10273
13127
11837
11937
15330
15849
15428
14134
16019
15617
11969
12428
14743
15429
14586
12028
10761
12957
12412
10032
7845
4801
2684
479
1625
1403
-3226
-9856
-9695
-7821
-6833
-5968
-11512
-11670
-11456
-13217
-12796
-17466
-20823
-14312
-22689
-20944
-12053
-13435
-6946
-8014
-8891
-4173
-399
249
703
-790
4455
5304
4299
6922
7397
8170
10283
15666
14164
12153
12693
14677
15377
14832
13260
12533
13177
12693
12776
11417
8392
9287
10033
7247
6199
5017
3978
2865
-344
-5648
-6842
-4274
-6904
-8530
-10236
-9878
-11934
-11591
-13431
-14354
-10350
-18924
-11454
-7566
-7969
-1553
-3222
-2242
-2177
420
3676
3400
2797
4291
6279
5914
6828
8460
7890
13033
12012
7388
9333
8924
8752
8027
13642
14351
12065
8954
9916
10513
7488
6746
4661
5207
8566
9092
6107
4878
3419
-1119
-1902
-1409
-3161
-8417
-11938
-10451
-11154
-9205
-9180
-15872
-9190
-9892
-12905
-4728
-7775
-3643
-4542
-12023
-4059
-1549
716
852
2736
3131
6359
5735
4435
4460
6505
7589
7562
9230
8893
8967
5923
12203
13325
12865
12083
9035
8339
7948
9264
7721
7457
8501
8170
6534
7013
5415
3452
1195
903
-750
-237
-3125
-4905
-11997
-16340
-14616
-15061
-14367
-19345
-10062
-14362
-13289
-6469
-7291
-3640
-4213
-2776
-1883
1895
3317
5028
4910
3829
3104
3262
2166
1113
339
6442
7699
519
2253
5292
8957
12481
8509
8359
7376
9932
8897
8535
11765
5579
6198
954
5689
5151
3244
-754
4060
4401
3601
1610
-164
-1099
-4769
-9766
-12734
-11665
-15227
-21290
-18434
-12548
-16486
-6161
-4616
-2084
-2036
-66
381
1466
-589
997
4936
6964
8042
6787
7462
4246
5971
6138
7682
5941
5388
3760
5427
5889
5834
6940
2920
8228
4829
10241
10706
5584
8611
8187
10059
8134
8199
7161
6791
3913
4659
3065
1320
-1599
-3225
-5114
-7674
-4777
-10186
-8979
-13859
-10597
-14233
-17756
-7050
-6129
-406
911
1753
2567
1686
2354
5647
5676
5654
6680
6085
6858
5781
3217
2784
4215
2826
1291
-1513
-1119
-798
38
-236
-4423
191
4550
-206
5262
7025
7169
7118
5906
6953
7160
3440
673
2049
3468
3196
1168
-243
-1903
-4332
-8539
-9750
-8941
-12005
-16988
-10540
-13303
-11209
-8165
-9021
-3890
-1953
2393
2129
3299
7462
10129
11678
11539
7892
4085
5251
8140
7662
6573
4426
4906
2230
-729
3892
3518
2716
1382
3819
1777
1128
6092
1744
-342
27
3970
4696
3477
4588
4700
2953
940
3012
818
-1187
-3497
-5813
-6286
-6370
-8108
-8963
-13214
-11108
-2754
-10572
-7197
-1136
-4698
-4332
-1248
335
774
1764
6024
9772
7665
6363
4603
6069
5852
4768
5056
8616
6164
-1029
-897
-1374
-289
77
-556
-3051
-2726
-1350
-2859
-3084
-6476
-4903
-1946
-1968
-6342
369
2897
-2240
-2664
-3596
-2203
-6471
-8472
-7314
-4966
-6508
-5727
-8291
-9214
-8680
-2106
-450
-6764
-947
315
331
1756
4617
1386
-1428
2509
7470
12432
13883
12536
13774
12161
13377
15860
6672
3172
3764
6406
5788
3942
3840
1627
223
622
4151
2554
634
960
-1454
-2005
-1588
-1902
-151
-4102
-1977
2178
1005
2981
-1039
-939
-555
-3607
-4896
-5893
-5362
-4625
-8260
-9398
417
-3830
-7261
3932
1700
7060
7823
2958
7181
2860
1088
5016
9303
10237
7939
10507
13383
9241
7949
8313
5168
3174
2985
1253
-65
4815
2259
1361
-5148
-4286
-3905
-4636
-5217
-8581
-8013
-7362
-9736
-10028
-10842
-6434
-1825
-7810
-5715
-1046
-4637
-5565
-6896
-8028
-5814
-7098
-8664
-8726
-5887
-1377
-8528
-5408
2890
3328
11832
10024
7769
11845
9834
11566
14682
15496
7581
7101
7864
7465
9820
8004
10840
7038
7334
6620
3080
2026
-1910
-757
-247
-1319
-966
-2424
-4449
-7280
-4964
-2065
-6268
-7370
-7821
-9904
-7100
-6541
-8150
-6685
-8958
-9505
-6546
-4156
-8783
-10486
-7542
-3762
-5389
-817
888
-12526
-3527
1318
3218
10014
3695
3881
10920
10769
10808
12656
11417
10784
3122
3540
7272
8166
8324
6563
9471
6693
4671
6894
-1250
293
-313
-384
-1157
-1381
-2170
-4120
-5447
-6269
-7789
-6564
-6505
-8757
-7747
-7048
-8972
-9870
-11582
-8571
-969
-6137
-8122
-6203
-7730
-8392
-8471
-9754
-3091
-5041
-11123
1282
4002
7577
7099
3917
10935
11606
13343
9491
18699
9145
9743
10962
13302
12522
4656
5158
5796
6306
7829
10833
7274
7405
6134
5294
5611
553
-1130
-2683
-2907
-2414
-3948
-3373
-8216
-9251
-5925
-4882
-5960
-9986
2830
4926
-497
-3809
-1087
-3352
-1424
-4881
-7323
-8175
-8865
-8008
-8902
-12583
-11818
-15399
-14705
-8926
-15276
-8603
-9327
-6870
-531
-2000
-1162
1460
3118
3433
6980
3399
11147
11334
7633
11011
11599
17335
14422
14731
13965
11057
13826
12094
11337
11399
10349
8905
9267
8716
6337
4491
7369
5852
2967
1918
2004
2505
-4117
-6511
-5398
-9584
-9044
-10031
-10833
-13338
-12910
-14695
-16131
-15251
-20527
-10069
-17661
-17681
-8174
-8690
-6740
-2567
-572
436
2141
-84
3952
5209
1801
1288
518
5186
6032
7357
6881
10284
11818
12258
10081
11376
13688
9810
6149
8972
11563
11284
8227
6129
7139
3488
4889
2488
5013
-272
-7688
-5752
-4415
-3554
-9217
-6062
-5971
-7211
-4174
-6665
-9980
-8249
-13621
-3039
-12031
-12426
-8892
-11636
-4468
-4105
44
-941
1485
154
1857
5334
6279
6946
5539
8579
4759
5354
8453
8237
5816
6356
12155
13319
11934
9823
10002
10163
9707
10630
9632
8667
7505
4795
6446
7488
7912
4990
3167
3367
-2075
-1779
-1561
-2719
-4515
-5280
-6483
-6203
-8121
-6554
-10346
-9254
-8893
-13077
-3949
-3389
883
1330
1018
3616
3862
3965
2550
5217
4338
3200
1557
1369
693
1551
1871
-472
1453
610
4418
8182
3023
7570
9040
8003
3134
5876
4720
1496
-334
1568
6619
5425
1759
404
5134
4318
4797
2979
3515
1204
-6000
-5575
-4467
-281
-5521
-7857
-12232
-10412
-6571
-16515
-8453
-3733
-1691
3146
1440
526
-158
2370
1451
3339
4439
4986
3254
2905
5833
5284
4617
2592
305
808
299
-530
-313
3109
1419
762
6824
7494
8268
4984
6223
7602
7622
7151
4638
6556
4153
3324
3781
2964
328
-1980
-4298
-1918
-6066
-6565
-4986
-8994
-8853
-13407
-4845
-10208
-8850
883
-919
3925
4102
2481
2452
3760
4936
5714
6164
8197
5703
5597
2456
73
297
4371
2086
771
501
-403
38
-2036
-1683
-256
4768
3425
3622
3452
3785
6679
4889
6344
5485
4173
1409
3235
4869
5175
3100
-3100
-2899
-3987
-4463
-5115
-5240
-8214
-9558
-15127
-5552
-6701
-12337
-3586
-2526
-114
3089
2148
1686
4822
3757
8034
6738
5078
6253
6959
6932
4764
4665
2743
1541
-558
-1680
-965
-706
-1457
-3213
-2980
-2907
-2662
2990
-1757
-1010
297
-900
5430
-10
897
1597
-653
-819
-2369
-3049
-3440
-2663
-2971
420
-3890
-4753
-5596
-5860
-10320
-4957
-3533
-6529
2049
217
5313
7572
1785
4401
5211
8312
8605
9779
10045
9410
9483
9121
7599
9001
8529
6678
4547
2477
2543
1644
-348
-1593
-3963
-4768
-2944
-2574
-620
-4388
-6837
1476
1311
-409
885
596
2617
2312
3100
2583
-1072
-2345
-613
-1205
-1445
-313
-1741
427
-3970
-2278
588
-6943
2059
1331
462
6905
6849
9728
8893
9036
9105
12217
12124
12293
11801
10730
10783
10925
8594
3752
4203
893
748
-1220
-3749
-5155
-9143
-8164
-4650
-4453
-6993
-10961
-7248
-6170
-9807
-4309
-6065
-8820
-3069
1609
2651
-281
639
644
-6915
-6246
-6419
-5723
-6980
-6088
-5852
-9651
-2624
-9888
-5617
-1225
2073
7311
4489
6422
7130
9266
7917
8959
12208
8488
9040
10271
6933
4725
5385
3584
3231
3499
4657
3161
3113
1707
-242
-1373
-1391
-3735
-4266
-5690
-6335
-7666
-7607
-6787
-7309
-8519
-6502
-600
-5442
-4715
-3616
-4520
-6636
-5053
-3176
-4835
-6196
-7462
-3434
-6014
-2542
-7309
-3278
3584
4297
9111
8982
11060
10399
11404
10763
13754
15226
12459
8141
11160
10939
11817
11735
9950
10566
9789
10464
7813
3474
3803
2651
1617
2039
48
-577
-1820
-5591
-5506
-2237
-4063
-7314
-8740
-7411
-5251
-7682
-9771
-9467
-14043
-10887
-5108
-6218
-8864
-3208
-5923
-3219
-5811
-4911
263
-6783
-1363
4750
10146
11070
12415
11991
12083
13531
15106
16348
15584
15558
14237
14864
10708
12196
12335
10898
11830
9795
7227
6381
6945
4813
4764
1485
799
1532
900
-2700
-4401
-5484
-8507
-8378
-9144
-10914
-11965
-10927
-12510
-10137
-11785
-10045
-6621
-9849
-11191
-4312
-8028
-7816
-6295
-7803
-225
-8812
-5818
-1004
4201
8474
6758
7864
10438
14253
13810
13950
13081
13047
11365
11219
11845
14236
12179
8362
7790
6682
12054
9393
6008
7689
5592
7366
6128
2163
1488
-692
-880
-866
-3846
-3928
-7047
-9812
-9462
-8761
-11112
-15174
-12451
-11755
-11282
-19070
-14017
-12407
-16107
-10916
-2748
-9756
-2509
-4210
-5338
1355
474
6867
5705
9990
11839
14245
16339
16224
18573
17702
15346
16651
16250
15168
14785
11308
10946
9523
11359
8305
6378
6196
4776
6882
3634
2355
388
-1243
-1080
-3424
3
-374
-3829
-5482
-6398
-8753
-7121
-9347
-10520
-14082
-14160
-14110
-14143
-14683
-12817
-18833
-11429
-15827
-16742
-6939
-11217
-2843
-1578
3993
4649
3920
5074
6713
13133
14692
14411
15278
17395
17641
15780
13943
14825
11901
12446
12566
12713
13834
9913
3868
4121
3139
9981
8331
5077
5232
4306
1336
-280
-5903
-5422
-5939
-7469
-8825
-11298
-11630
-14511
-15197
-15148
-16242
-16920
-19772
-19840
-18591
-16407
-16233
-16434
-11294
-19087
-12248
-1250
-9
3700
5301
9011
8152
10640
10985
11127
12856
14961
13782
12218
12658
13953
14242
12275
11801
10527
14269
12154
6756
5945
10596
11273
4496
2258
-212
1843
1856
402
-201
-3099
-3565
-3897
-5579
-5815
-4445
-7047
-9275
-13788
-16148
-16741
-17222
-18634
-18116
-17413
-16378
-17164
-15008
-11758
-16771
-4723
-1481
-1991
4075
4677
7312
10357
12650
14487
14303
12363
15299
14948
17594
18435
15675
17726
17537
16674
16125
16454
14485
10548
8405
8050
10008
7200
1203
983
1220
3825
2532
-951
-848
-3225
-2530
601
-3226
-5987
-7538
-9251
-9623
-11149
-13905
-16262
-20722
-21849
-14417
-14578
-18255
-14264
-19441
-10007
-5717
-5942
1772
-488
1118
6573
5997
9256
11399
11777
12818
12289
11876
10827
18777
12837
10907
12975
14978
16354
13250
9579
9161
9849
7573
6552
3875
3299
4520
4354
3120
-881
-1975
-3331
-1712
-3178
-3836
-5483
-8003
-8625
-9021
-9944
-9919
-11609
-14836
-15128
-16869
-17056
-19434
-14355
-20482
-17404
-13399
-11734
-5103
-6392
-4010
-2416
5473
4768
5830
8525
11153
13168
15241
18239
17310
12657
12653
18135
17904
17593
15817
14759
15206
17056
14492
13774
11864
9996
9383
7261
10928
7951
3484
577
706
2657
2615
-1131
-3002
-4801
-5807
-3982
-9555
-11681
-16158
-17249
-19079
-16443
-21082
-19313
-20595
-23947
-10736
-12728
-9048
-10150
-8666
-129
2920
3644
95
2131
2827
8579
9489
11932
10233
10660
13406
13775
12800
14283
11876
10282
15174
15442
8630
9457
9378
7411
8954
7913
7557
3885
3751
1372
-44
-1349
-2944
-4465
-6548
-6322
-8357
-8829
-9211
-12758
-16440
-16397
-18295
-16808
-21278
-15306
-17460
-21100
-14366
-16169
-9985
-8304
-9141
-3782
-2605
1913
2831
1844
6117
2024
7075
7408
4137
8217
9758
11273
12435
13676
11900
9179
8514
9428
12673
11029
8643
10158
11239
10852
8681
6925
5625
2763
3010
2418
3735
4931
-5912
-8893
-7394
-7233
-6739
-9312
-12345
-10783
-14587
-12425
-14895
-18361
-13238
-21631
-15370
-12331
-9688
-4749
-7865
-6796
-4068
-2522
-2091
613
1116
4287
6108
5398
5747
7594
7276
8385
14525
16565
15014
14410
13569
14142
15009
14749
14354
13870
12796
12040
11654
9623
5928
4295
4606
6115
3853
-110
-4080
-522
-1874
-3559
-4503
-5921
-9151
-8953
-11435
-11301
-16594
-19893
-12577
-19630
-9116
-6993
-7644
-546
-1641
-1229
-3295
1075
4126
5685
4175
-986
-3190
2282
4681
-301
1755
2238
7495
11616
6635
7578
10588
10708
14136
13348
13895
10935
9893
11907
12298
13851
9214
8763
9062
8334
6146
3298
4690
4042
-1280
-3543
-3913
-2884
-4819
-10420
-10349
-10802
-9827
-12630
-7351
-11900
-12177
-4411
-2852
648
-1793
-241
-519
3538
4205
4741
4850
4568
5733
8638
8178
295
4990
6497
5667
6981
4445
5918
7030
6552
5675
8108
11628
7929
7774
8035
7347
8835
7006
5651
3658
1827
6984
6764
5431
-93
-6024
-6705
-803
-3738
-4847
-7625
-7359
-10135
-9154
-13665
-6735
-8874
-13569
-2527
-4041
781
-435
1811
4389
4709
6290
6235
6951
7233
7244
5297
10165
2683
3707
5090
1521
4573
3381
6575
2550
2309
4434
8918
7854
2668
8055
8988
9167
9048
6070
5383
3223
2660
3897
6598
5224
1439
-887
-1448
-3596
-3635
-7642
-7894
-5971
-9674
-8643
-10141
-4895
-4641
-14876
-6774
-3043
-1478
2244
3620
5269
5803
9355
7836
8104
6737
8429
5089
5367
5692
-2256
766
-2659
-1874
506
629
144
659
-71
-298
-8
-12
5991
4838
1802
4781
9991
6420
2348
5080
5579
4486
4806
3116
2808
1303
-303
-536
-2501
-3148
-4024
-8894
-6574
-8788
-5572
-5068
-13069
-3498
-1709
1036
6270
5164
5546
6485
7936
9284
10270
7950
9923
8661
7664
9040
-371
-65
2184
129
26
989
519
3
807
-1169
1003
694
-54
-1322
-3506
-4505
6599
-1890
-5804
6563
2045
3400
3003
3953
992
-3166
-3428
-4020
-3306
-5697
-5691
-6133
-4763
-6254
-7276
-4817
-9950
-7846
-1524
2134
6997
7608
1103
428
5796
8541
11114
9190
7442
7919
13477
12165
2370
1150
4848
195
1873
1864
368
1108
-2006
-3434
-5174
-3059
-4577
-3721
-6230
-6279
-5586
-6568
-3749
-2478
-8467
-7910
109
-2773
-3292
-4066
-2614
-5534
-6804
-7376
-8897
-8825
-8636
-7727
-9144
-2345
-7495
-2625
935
2616
8408
6818
8188
8671
11272
13409
14258
12997
13595
10961
12239
9381
7742
7049
2285
6235
2566
5610
3745
4619
1114
-366
-1669
-3375
-2570
-3947
-6795
-7895
-7241
-6235
-5984
-10536
-5884
-12813
-3247
-7624
-15360
-4541
-6068
-7014
-5867
-5678
-4826
-5682
-7415
-6621
-7940
-1940
-6298
-3603
6109
3722
10194
8283
7575
8916
9721
9814
11802
14213
13710
9793
9581
9866
16278
10529
3861
11941
6268
8125
6332
1032
-1756
-1460
-3413
-172
1510
1276
-421
-2839
-4379
-4828
-2879
-5382
-7525
-8166
-6839
-8105
-5317
-7202
-8884
-11577
-8227
-3229
-5865
-6102
-10747
-9333
-11795
-2177
-8185
-4879
3690
2540
8976
8799
10479
11283
10056
10589
13072
13125
15208
9129
8846
9739
12923
10060
3313
9171
5927
7315
6105
3917
1913
577
1370
-1536
-2570
-4593
-2725
-5495
-7378
-7984
-7809
-9508
-11868
-10957
-13444
-11727
-11757
-13281
-13324
-13421
-9193
-7281
-13369
-12625
-6635
-5900
-8868
-2174
-4376
-5379
2000
2272
6909
11127
11337
10715
13430
14607
17852
19147
19542
14336
14719
15441
13309
17684
9718
6542
6923
6786
9274
8240
4349
3853
4027
3099
5020
2307
-2024
-4337
-9081
-7886
-6637
-8006
-8342
-11015
-11510
-12688
-10539
-12204
-13949
-15183
-14005
-15729
-14813
-14951
-16678
-14009
-18326
-4576
-4997
-8611
1754
2087
6904
9877
12116
11749
15140
16136
16896
18670
17960
19790
19513
19473
16108
19476
13279
9992
14653
11220
11103
9001
7290
4947
3566
3095
2769
2594
1897
-444
-2042
-3564
-6756
-9041
-11156
-7310
-9441
-10215
-11262
-11742
-12046
-14494
-15361
-14209
-14907
-14925
-19238
-16405
-19246
-10804
-9689
-20295
-3238
873
1501
5860
4431
10319
10271
10332
13317
14596
16759
18576
16327
17702
16074
20205
17049
11405
14211
7501
9116
9202
10381
9162
4867
7952
6108
7447
7714
2970
1721
277
2029
-122
-4082
-7284
-9226
-9491
-11230
-9676
-11649
-13353
-16333
-16015
-13826
-15242
-14822
-14113
-17903
-14749
-9475
-14135
-5949
-6844
-5270
7368
8500
9456
11721
14249
14446
16917
19459
20831
19385
19557
16864
16209
22935
13320
16983
17992
15409
14690
10891
11261
9987
9461
8600
7401
6364
4629
2190
2346
1793
-402
-2105
-4838
-6682
-6987
-7858
-10402
-11216
-11973
-14596
-14336
-15232
-14880
-16593
-15502
-18444
-18755
-10601
-14505
-8923
-4151
-5458
3452
4493
-238
3641
9130
7509
11730
12597
17252
17815
14044
14381
16112
22652
18057
13819
19124
17364
17089
16736
15360
14321
10472
4296
5404
8861
8435
3375
-1186
597
-232
2178
-1208
-3243
-4579
-6426
-4076
-8471
-12122
-14780
-14136
-14411
-14027
-19211
-19340
-21917
-22884
-15632
-20436
-9524
-6689
-4823
-4164
-5016
-2269
1725
-2612
-951
7737
12524
18923
12613
14117
16453
15790
18227
14914
7998
15949
13292
14532
16141
13480
14357
12344
11168
10434
9075
5100
5449
3505
2266
1383
51
-24
-1817
-3754
-4890
-4876
-8133
-10545
-11122
-13241
-16692
-18553
-20248
-20393
-14930
-18040
-12834
-15813
-13207
-11940
-9242
-4695
-3714
-1209
-1178
599
5208
7336
9522
12894
12528
12956
19684
18514
12840
13741
10438
15049
12748
11338
13953
13314
11555
7000
8819
7348
8818
7931
6983
6517
1837
-1880
-1433
3165
1434
-7188
-9056
-8239
-9370
-5110
-8921
-9455
-13011
-12388
-11295
-15530
-15052
-19533
-13466
-17447
-16973
-9313
-10630
-3739
149
-2977
-350
5263
4040
4141
7352
7618
8782
6157
7213
7579
10981
18294
8623
9771
14084
14079
12385
8973
14472
11988
7848
7743
8050
8760
9090
8143
5242
3674
1935
-898
-6096
-6022
-6932
-7175
-7387
-8125
-9792
-12687
-11807
-11696
-11584
-15590
-14973
-18988
-13911
-16590
-17488
-9453
-7957
-2287
-7787
-8059
-3762
4365
6174
6157
5704
2444
5864
6191
7084
7739
621
11383
8444
-4288
14794
10745
8288
7113
8603
10466
7231
4339
4365
7793
9338
6874
3886
4579
4086
4306
3155
909
972
-1963
-8839
-7802
-4039
-7165
-10092
-9430
-10062
-11329
-9423
-14028
-11370
-10144
-15476
-5128
-4705
-5841
-4601
-6640
-3370
1875
704
2198
1580
3800
4528
6077
5807
5523
5816
10384
5126
325
6447
5938
8240
10285
12200
10891
8947
9309
6820
5453
4725
5266
4324
5328
3919
2754
355
1555
906
-3324
-4974
-6438
-7175
-6328
-5493
-6462
-13307
-11519
-8289
-16211
-9818
-5522
-15225
-8720
-5519
-9237
-3377
-2154
-637
-1199
59
1392
1816
5511
3729
5854
10115
10937
8173
7723
7272
776
7009
3403
-1337
5494
8019
2409
6244
10871
5931
8455
6803
9765
9242
4355
2113
2936
7773
6942
3122
1090
-73
84
1297
529
303
-5643
-10142
-17558
-10601
-10114
-10417
-10685
-16290
-5770
-4116
563
3596
3704
2239
6821
8485
7140
7995
5915
5168
7372
8909
9448
7102
7835
7205
1477
6961
5396
2727
2339
1815
-3625
326
2649
-2673
-17
4393
6613
3630
3044
2272
6123
5411
5868
3789
3157
3885
1221
3081
924
438
-2324
-4253
-6917
-4894
-7426
-11917
-2177
-12105
-6884
-765
1064
5839
4045
5807
7886
9833
2440
5802
3908
2619
9891
8183
9538
7442
10869
6764
-5587
3148
2601
2366
-1036
-2065
-702
-92
-5101
-5788
-4452
-3804
473
-4424
-1948
1608
4127
3140
2684
3188
2048
77
-1184
2048
-349
254
-5021
-6004
-6966
-5404
-5702
-8948
-1943
-9342
-8018
-3457
886
7769
4861
4009
6820
9308
11183
12233
10796
10054
10404
10369
12011
7621
6495
1145
-4911
2339
1572
1808
296
-2091
-615
-345
-1027
-2646
-3668
-8115
-6741
-2294
-6454
-1270
-7143
-6854
-2243
514
-523
960
-1287
-4188
287
624
-1122
-600
-7808
-6646
-5620
-11275
-2313
-11839
-6112
2775
2500
4496
1664
6342
8067
10176
11846
12641
12883
12964
13113
12962
12105
9489
10663
4268
-1811
4959
1767
5062
3075
1446
1192
59
3070
474
-755
-4344
-3744
-4755
-7924
-7297
-5836
-11350
-6424
1518
-5355
-2585
683
941
-3023
-1271
-1863
-1824
-4595
-4293
-4611
-6992
2870
-7806
327
2359
5404
12335
8876
12366
12111
8276
6537
12399
13131
9453
7029
7975
8437
9096
7129
3604
-2793
2304
4168
2596
233
-2822
-1753
-2787
-2454
-2647
-1026
-1735
-2177
758
-1461
-3143
-3237
-7850
-6164
-7253
-8840
-6948
-7751
-9224
-9056
-1512
-210
-685
-1838
-4038
-7412
-8838
712
-7138
-4047
2880
1770
8341
6671
7111
7699
8697
10171
15200
13036
13828
14755
13058
14370
7537
9906
7120
-2007
2148
1243
-224
4086
2323
1926
-645
-403
-763
-170
-228
211
-2426
-8209
-6415
-5595
-7917
-11322
-10712
-15327
-11505
-9528
-14947
-13861
-7086
-9295
-11555
-8794
-8477
-10056
-6643
2128
-5673
-1414
-1428
-1089
5727
6892
13201
12531
16093
16851
18325
18007
18296
17682
12369
5243
8238
12202
9294
-861
4541
4976
4542
6105
3650
4581
861
3003
1643
1018
472
-3646
-5899
-4081
-1347
-3173
-3571
-6353
-7194
-9020
-7531
-9405
-14738
-9879
-10351
-12889
-11815
-12151
-10682
-10900
-10630
2131
-6935
-5256
6091
783
8214
10116
11661
13601
14889
14359
15238
15277
13647
14543
12755
14805
14176
15436
12152
5102
10598
6492
5342
5169
2503
1999
-1036
768
233
1720
-2198
-3190
-3000
-3810
-3647
-6380
-7386
-7199
-7473
-8154
-7482
-6181
-7719
-10654
-11707
-16757
-12016
-12066
-13223
-14835
-12738
-3273
-12570
-6608
-211
2552
7650
7688
12392
12235
11292
11947
14538
15554
15794
14052
12159
13890
13277
16607
12152
5606
9185
2117
3192
5698
4412
6437
1663
4741
5231
4360
-3706
-2696
-515
-2229
-2063
-5144
-8738
-8705
-10454
-10364
-8840
-9038
-7271
-10316
-12429
-11911
-10754
-11187
-17293
-15436
-14552
-9384
-12891
-11699
-5081
-6554
437
3986
7491
9070
12021
14281
12003
12798
18288
18003
18966
18452
15852
18678
12305
4769
10637
12162
11184
7276
3499
4808
3677
3225
-1850
2716
4995
-1790
-2531
378
-3625
-2480
-2396
-5962
-5977
-9255
-7780
-9303
-7829
-9861
-11404
-9756
-12740
-12072
-13213
-12018
-15760
-12177
-13244
-14197
-7055
-7788
-2403
2758
1965
197
8747
11222
11669
13931
15187
18239
15921
17266
15442
19331
17612
9578
15381
13188
11898
13572
13472
13311
10969
5349
-1446
3492
5850
2496
-3343
-1216
-243
278
16
-3385
-1907
-4164
-7704
-5719
-8212
-10638
-11961
-12206
-13816
-14472
-17295
-11903
-15289
-8013
-10405
-12891
-11340
-9702
-3201
-1465
-2926
-1149
3327
2582
8553
14534
17037
17508
16727
18353
18206
18824
18998
9450
14024
9172
9436
11064
8950
8305
3364
6480
6935
5257
2498
-1770
2411
-1558
-1331
-3081
-1971
-2651
-5139
-6045
-7119
-9077
-7765
-9338
-11116
-11869
-13334
-14801
-14717
-11015
-14265
-7944
-11940
-12534
-3356
-2847
1265
-3467
-2207
3461
5320
7180
5928
5104
11335
12484
9236
15587
14138
14592
12764
7458
12591
7255
7462
13161
12648
8759
6652
7393
5911
6847
6013
4704
3661
3250
-477
-5448
-1933
620
-1670
-3794
-8401
-6501
-4000
-4810
-8105
-8984
-11129
-10688
-10767
-14140
-17546
-10040
-11713
-13632
-9973
-6954
-2120
-2512
-3785
423
-823
2029
3158
3327
6054
6650
9775
10683
10482
10929
13555
8752
12927
13710
12557
13856
10113
12544
11934
11557
10681
9143
7056
6510
7098
6189
4974
4625
4219
232
-2803
-4944
-4860
-6304
-7729
-8237
-9135
-11031
-11505
-11677
-13671
-13797
-18075
-11719
-17276
-16712
-7970
-6842
539
1598
430
3708
5678
6407
7457
4353
4900
7447
8655
8621
8164
6806
7806
7657
12392
6981
9855
13365
7315
10939
10876
14162
9906
7418
9420
10636
12049
7647
5217
4531
5074
4736
2760
1364
2599
-2695
-7846
-4346
-3167
-5778
-14243
-15582
-15709
-15871
-16393
-11128
-11802
-13244
-3011
-5029
-1459
-5234
-3086
-2655
2271
2288
3307
3650
2980
5994
3634
7396
6436
5232
7569
598
3465
8043
8400
8319
4644
11299
11881
9468
10232
9302
9720
8042
8090
7613
5726
4306
1862
271
-400
-554
-2795
-3829
-3488
-5363
-8402
-13143
-13273
-14269
-13795
-15653
-18114
-8645
-13210
-17654
-8767
-7006
-5322
-3069
-6583
-2988
2924
2380
3323
5535
5491
5318
6094
6126
7663
4017
4794
-630
-1377
2017
-1109
1781
2311
3204
10917
7431
2803
10609
4877
3731
7281
7270
6902
5504
1550
3251
6243
4995
3659
1582
-441
-763
-497
-7710
-8987
-9641
-14405
-15519
-18757
-8198
-10953
-18845
-10520
-8774
-597
1356
-484
1763
6107
4394
6486
10495
7239
9454
10250
8202
10300
8851
10853
5169
-757
9554
7765
6350
3331
2544
2830
2326
5842
4471
5784
3784
6833
11142
8960
5237
6859
7248
5028
3446
2297
2197
1222
-1166
-2233
-2176
-3958
-6323
-8862
-7481
-11332
-5192
-10334
-13892
-5572
-7571
-2374
-1347
-2687
-65
2073
1514
2132
7083
8414
4929
9316
11504
9964
11814
10418
9874
5110
8497
7238
4021
4238
3804
2063
1217
3320
3018
3057
1555
2416
6520
1885
1512
2068
-53
2896
3608
4031
3053
-585
-2832
-3038
-476
367
-9644
-11407
-9460
-12677
-5336
-4919
-10466
-2181
-8494
-6265
476
1457
2312
-841
1379
4933
9875
9197
8003
10644
7417
8494
8425
9475
7461
368
5182
6572
6618
6946
6270
518
1708
4267
-1780
-2247
-3384
-4466
-5823
-5923
-1353
565
-1762
-1788
958
43
224
-1672
-2893
-1718
-5925
-4066
-7404
-8753
-9739
-11560
-780
-7603
-5773
2384
-1828
6889
7011
5434
-450
4945
6050
6348
4837
4284
11118
11125
12814
11545
10953
11434
8016
-3668
5851
5906
5446
7309
5052
4799
3005
2871
-2965
680
330
-4047
-4056
-2371
-1418
-1854
-2687
-4878
-5323
-2747
-5587
-6951
-3417
-3313
-4032
-5833
-2766
-4851
-6977
-14227
-5996
-7126
-11883
-3290
-3253
1957
2793
4548
5817
9235
8173
3883
1824
6843
10034
12041
6198
6241
9916
11074
12604
-221
3810
3782
1610
5933
2338
-135
3540
-163
648
1791
34
-4465
-1191
-1130
-2012
-3059
-6884
-6211
-5454
-5100
-6303
-4893
-4696
-6019
-8485
-5302
41
-5720
-5063
-8577
-2176
-3338
-8494
383
629
6029
6757
8064
9861
11504
12584
11165
13444
14871
11600
11849
11594
13079
12105
12498
10717
3708
6906
5898
4861
3933
223
-1739
1386
2870
2389
275
328
553
1161
-2591
-8157
-4800
-5782
-7847
-10522
-12393
-12748
-11752
-11554
-12345
-15401
-9557
-4712
-9581
-9861
-9400
-3956
-9272
-14383
-4694
-99
4420
3934
4759
9504
10653
9416
8090
9217
10724
10926
13094
13863
13574
8020
7732
12455
7977
9281
6307
5467
5815
8726
6584
5581
4209
-888
5586
5842
4218
1775
822
-790
-1501
-2809
-5444
-3767
-7330
-9486
-8635
-11021
-11087
-13321
-14638
-15030
-13746
-14202
-18387
-7700
-8720
-11410
-5388
-2558
3688
5585
5565
4820
10368
11295
14243
14269
15748
16174
17490
17034
16415
15100
16257
14891
3531
2874
8849
8985
9942
7385
8852
5124
3113
3362
4330
2399
-4754
-1044
-1923
-2903
-718
-2054
-4175
-3907
-9559
-13286
-11102
-13612
-12580
-14296
-18493
-17735
-18036
-15050
-18517
-15266
-11995
-18018
-9531
-6594
-2694
1210
2065
2894
7000
12266
13093
11439
12915
16644
15939
16061
13293
12159
11503
13564
6635
9499
11649
6603
3464
1740
5457
2952
381
-2276
-2409
6039
4092
-508
1317
-899
1041
2415
-1075
-2315
-4851
-6268
-10210
-15346
-16921
-12315
-15561
-16040
-17544
-15919
-18544
-16862
-13604
-16889
-9297
-7051
-1167
2226
2681
5793
8835
12436
12139
13473
14716
14847
14988
14681
15551
15442
15313
16594
9460
13460
14508
10972
11307
7832
5909
2828
4755
5528
5813
4533
3642
2479
1051
-1116
-997
-2151
-2289
-2078
-3768
-3434
-5297
-5210
-7645
-6826
-11951
-14216
-13810
-13729
-13990
-13884
-9448
-17970
-9966
-6086
-3585
-31
-1921
3330
8841
9587
7621
14061
13326
14375
13913
14701
17051
15678
13090
16126
11216
10958
12632
7659
13151
8681
12411
11208
11985
5468
-590
-1596
-298
2530
-483
-7092
-2595
-1983
-2833
-3160
-5658
-4555
-6159
-5067
-9282
-10898
-11918
-13488
-14615
-15541
-17113
-12169
-12042
-16201
-10844
-11065
-7152
-4825
-5742
-2617
-41
726
7160
9810
9532
10244
10517
15985
15670
16927
16222
18303
9456
10406
15399
11289
12795
10190
13461
12125
12399
11816
8748
7851
7014
399
-2884
-2593
-3356
-4156
-6648
-5501
-8010
-9394
-11446
-10829
-11331
-11171
-12043
-12323
-13804
-16163
-16768
-18205
-14945
-13193
-15631
-11081
-5041
1307
2047
-5032
-1616
601
2197
7501
9202
6157
9107
13064
9674
10297
10216
15012
9310
5924
13256
11706
13396
8615
9813
11664
11480
7651
3939
5093
4271
5457
2966
3782
578
-5197
-9904
-7809
-5785
-8222
-8390
-9912
-9418
-8059
-8301
-17437
-14509
-14514
-12876
-12322
-9007
-13258
-14423
-12981
-5068
3488
-1946
-2140
287
1567
4872
7554
4479
6263
7851
11328
10084
10621
10150
10643
11488
616
10354
15731
15240
13581
13855
13299
10972
10186
10162
8941
3465
4476
2874
3842
1832
-649
-1331
-3422
-8847
-9470
-10148
-11552
-11409
-13112
-15188
-14599
-14972
-16232
-14785
-18111
-13026
-12899
-12334
-5051
-1213
-418
1084
4808
5278
7837
6692
7816
9488
12135
11126
8855
9454
9629
9510
12427
5862
2396
14653
11623
6467
11931
12826
10821
9139
8795
11049
6327
3999
4274
5292
5758
3129
2276
1760
21
-2047
-5226
-4895
-6073
-11597
-13545
-10485
-8482
-12729
-13644
-13394
-13903
-8980
-12517
-11985
-4220
-1270
2072
4183
4709
3446
6464
8893
7333
8814
10543
8701
10583
8632
9415
7967
4482
290
2159
7383
5181
6329
4391
5543
3209
9026
11953
8245
7250
7814
9668
6642
4288
2967
5753
3737
2333
-766
-4035
-5692
-8193
-6304
-8491
-8611
-11947
-13353
-12628
-12689
-16158
-7649
-10293
-14222
-4128
-1380
2772
3667
5800
7325
9339
9043
6587
10234
14853
14036
14956
12587
7076
5218
7059
8333
-1215
3559
952
2854
4809
2184
3435
3757
8086
4013
2677
6156
6368
3940
2128
3697
4780
468
-1363
-693
346
-326
-1397
-5208
-8788
-9465
-9369
-9437
-11010
-10602
-18618
-10590
-11383
-12157
-4631
-7814
-836
1668
5786
6574
9625
10455
7517
10867
11591
8598
10762
9995
7231
6111
9060
7836
2128
5552
2678
8196
7115
3874
-761
3510
3967
-305
755
-1168
-2423
-136
3657
3645
1356
1351
637
-345
-2182
-4954
-3197
-3654
-6084
-7627
-11618
-11503
-14920
-13345
-16300
-5078
-9199
-16816
-8598
-4417
1296
2757
2985
7384
8938
9109
11067
13604
13239
15944
17507
12236
11667
13709
13281
13466
2311
8088
8693
6865
8291
5443
5632
2654
1182
2162
1136
461
-1926
-548
1227
1090
-2083
-3265
-509
-2582
-2204
-4968
-2796
-3280
-6509
-7661
-8673
-5379
-7919
-6051
-9924
-8116
-6150
-11132
-2148
-940
2537
466
487
6730
8296
9346
6753
9060
12395
13858
13160
14337
14516
13866
13131
10186
4051
8519
10499
2798
1491
2375
2003
1167
86
-739
688
-991
-1780
-4856
-5835
-6397
-6149
-5644
-7164
-5517
-4109
-2669
-1904
-3427
-5459
-5948
-9080
-9036
-8754
-7942
-12336
-7303
-6788
-15259
-2608
-3303
-1043
2001
1900
2568
1135
4711
5907
11198
9645
12498
15419
17409
15750
16792
10094
10501
7254
5725
8062
6481
6137
4049
3484
6738
5793
-1172
-1288
-952
-2454
-3735
-3896
-6991
-6703
-7903
-11118
-10174
-9790
-6514
-7325
-11785
-9966
-6845
-7418
-7696
-8375
-6366
-7616
-6180
-6109
-8712
-1099
929
5747
5876
6782
9432
10989
16291
15503
11859
3914
9351
16853
17118
13852
13358
13717
14941
11539
6424
14039
11855
12843
9975
4115
4120
2202
2008
-185
-1087
-997
-2856
-5583
-8231
-2860
-3560
-6779
-8659
-12939
-10377
-13106
-13646
-10976
-9893
-11529
-11572
-7293
-6539
-14922
-9927
-6056
-15526
-5874
-3886
-1388
3329
631
9824
8310
13703
13116
10018
13777
14993
14678
12630
13405
14284
11678
14899
11474
6815
13462
13047
12195
10768
9746
2005
-813
995
-107
-239
-2403
-3369
-4232
-5043
-5529
-6430
-6426
-6813
-7375
-10053
-11089
-10317
-11852
-10227
-15071
-14825
-8702
-11763
-12578
-10135
-3445
-10393
-5613
2979
3135
7399
3734
5542
6631
10637
11513
11798
14590
14068
15582
15677
13795
11270
10056
5801
2194
12134
13221
3667
5638
3532
5515
8145
6266
6545
1615
1869
2534
718
-1916
-4197
-3689
-6475
-8305
-6664
-7783
-7161
-10530
-10735
-9376
-12733
-14145
-14987
-12817
-16502
-13579
-15469
-8841
-14480
-9784
7216
-3267
7870
9802
10131
10299
8405
12660
14825
17705
13217
14367
15861
14948
14763
15267
13285
11121
10645
6966
6576
9114
6895
6646
6252
5169
5322
5213
5733
4093
1649
-1185
-1628
-4008
-6452
-3687
-5383
-9890
-11010
-12390
-12461
-14485
-14122
-15580
-13376
-19698
-19058
-16788
-20780
-13024
-17034
-15851
-2136
-6088
489
5753
5434
3775
8325
14065
14904
14600
11594
13566
15776
16594
14644
13891
12801
11828
11705
10804
12690
10886
6947
2257
2109
5971
5882
1891
134
-232
751
1101
514
-46
-3312
-3114
-4368
-7756
-8627
-9670
-10750
-12383
-14566
-14112
-11137
-12776
-14754
-10595
-14801
-15781
-15956
-21249
-7818
-8750
-2091
-3522
-5373
-850
4741
15079
8993
11813
13126
13810
14257
15387
13129
13516
11848
9111
9069
8946
8112
6355
7080
7380
6171
5049
226
-1327
112
-1596
-1565
-1170
-865
-2838
-3724
-3176
-6768
-6677
-6571
-9728
-8976
-8697
-12056
-12906
-13940
-13858
-16300
-16051
-18801
-12556
-12645
-19503
-5791
-6768
-2356
-1488
-5819
-444
218
9807
10336
4990
12521
14110
11646
15108
15511
14564
12949
10660
10873
12238
12515
11608
10080
8039
7055
7125
5171
5518
4777
1837
-1936
-3859
551
-908
-5254
-6474
-5222
-2450
-5418
-7922
-7341
-9310
-7420
-8374
-13741
-14021
-18004
-15006
-17738
-10958
-9639
-14513
-2875
-4671
-1194
-234
1060
1334
3151
4539
6137
8625
10261
8706
4241
14660
15652
11434
13372
15518
12762
10672
9885
7837
6953
5481
5464
4938
5937
6639
5125
3575
3593
2796
1960
833
-4410
-2397
929
-1918
-1947
-5400
-7198
-6563
-8889
-9961
-12308
-12993
-15578
-14966
-12054
-6702
-11442
-12448
-1611
-3319
-6767
-4281
-1370
4938
-952
1757
1746
7608
6892
8258
7199
5890
11290
10239
4757
12710
12126
8248
9671
9714
11648
9070
7533
5677
6343
6689
5793
4719
3891
953
3508
2731
4077
3969
-602
-1342
-7112
-4185
-2219
-6024
-6195
-8108
-8660
-6139
-9072
-7257
-12373
-5686
-3119
-14694
-7906
-6032
443
-1519
-1038
2343
1596
6065
3898
5877
8892
8031
4474
7478
6793
4330
6478
4890
4856
3610
9626
11410
7814
9787
10685
9227
6401
3801
1224
1105
376
-1003
-458
659
-419
-583
-244
-3201
-2376
-2909
-6082
-9921
-12065
-8342
-9646
-7759
-9654
-11778
-12028
-8595
-4789
-14851
-8429
-5334
691
166
-1027
2598
3958
6467
3415
3895
8208
9160
9000
7255
4875
3895
4308
1170
2624
861
753
4521
2430
-2053
4520
8588
4336
5548
4807
3405
-997
1424
2509
3496
2058
2583
-4604
-696
-803
-2237
-1978
-969
-1800
-4656
-6824
-8486
-7591
-4782
-10493
-9516
-5942
-11949
-3030
-104
3338
7554
6587
8934
8862
11172
5539
5040
7536
11972
13494
11725
8081
4357
4673
3389
2207
-1555
-1345
3367
-906
-664
505
-704
-394
3643
8196
4530
2799
3762
1806
-146
566
717
-1082
-1023
-2855
-3347
-4402
-6488
-7608
-7979
-5202
-5421
-7496
-6742
-13644
-11349
-4759
-10262
-2935
672
2015
4967
6977
11668
8643
8496
12002
11466
12032
14085
14965
15386
12583
9968
6976
5230
5768
3455
2610
1311
-124
297
-115
-1039
-2560
-4831
-461
-580
-6562
281
898
948
1953
356
219
-1832
-2564
-2758
-2596
-1966
-4613
-4979
-5885
-6587
-8427
-12146
-6837
-9550
-5726
-13545
-11918
-551
-2009
-1606
3295
8147
10705
13282
11198
11984
8101
11782
13189
12459
12889
9326
8695
6676
6012
5735
4241
4525
2516
2585
1797
-1519
-5122
-4280
-480
-965
-98
-3239
-1960
-4882
-407
4315
-1895
-1491
-3693
-3940
-7412
-4878
-5658
-6437
-5073
-7288
-9018
-11267
-8733
-13737
-3848
-8344
-7768
3054
-4448
928
1584
1696
4952
8167
8767
10225
12475
15462
16301
15242
15578
11432
10148
7174
4813
3676
4024
5376
2421
380
-1032
-2136
-477
-1381
-2781
-4832
-5518
-5666
-7691
-8553
-7838
-3472
-3707
-7972
-5358
-3034
-5029
-5033
-4507
-3439
-6676
-8784
-6768
-6115
-4461
-9153
-6056
-5479
-9040
-1601
358
6330
11007
9440
4319
9497
15277
13726
12629
11874
14514
14851
17161
13425
12210
8588
7975
8773
5847
4354
6833
5467
2942
2760
3612
5124
3090
14
-852
-1378
-2352
-4354
-4072
-3718
-6060
-5628
-4526
-6072
-6826
-5535
-1446
-3823
-7533
-5483
-4875
-7387
-6676
-10297
-11899
-6243
-10817
-4995
-2931
794
4638
6334
8285
10675
11793
7769
11129
12870
14981
15306
16145
15649
13956
12492
12949
11865
11060
9526
6101
6837
5988
6068
4915
2696
1587
842
-700
-4080
-6193
-6312
-9617
-6003
-6536
-6768
-11308
-12460
-13731
-16107
-14284
-11121
-13750
-15893
-11394
-10959
-12251
-13686
-12361
-6471
-11611
-8112
-2640
1979
4375
3333
3033
5252
9933
5764
17058
19434
15934
10895
11444
15588
16360
13523
10264
6706
9451
12894
9868
8534
6678
6452
4701
1488
162
-1699
-1378
-1388
-1392
-209
308
-2106
-3767
-4918
-4414
-6658
-10609
-14729
-9762
-9501
-11629
-11526
-11524
-11153
-15227
-10808
-10431
-8205
-10021
-6410
239
649
4951
3526
5172
8784
7349
7458
14014
13857
15777
17543
16975
16158
10995
11157
11846
9449
9560
10378
7566
8038
6997
6551
7450
5218
4191
2635
1175
-30
99
-847
-996
-555
-2098
-5478
-7482
-9539
-12444
-12987
-13121
-15471
-15379
-17014
-18599
-17379
-19194
-18159
-15867
-11407
-14864
-9755
-5086
-2401
3253
4180
7454
5938
4813
6407
12028
10783
11416
14605
16572
17531
16772
15383
16018
14295
8011
6177
10060
16228
11463
8629
8279
7833
10391
7826
6741
5397
4770
5815
4390
-291
-3415
-3900
-6872
-10207
-8923
-6269
-7862
-11739
-13603
-13268
-15403
-19029
-15060
-16122
-15616
-11749
-14349
-12098
-6206
-6342
3217
7541
-1542
518
3520
4266
9275
6215
7065
10268
10108
11044
10093
11955
10489
11327
10410
10812
11803
8025
6990
8788
7197
7914
8159
6575
6606
4845
5777
4695
2767
27
-1994
-5244
-8005
-2233
-8360
-9236
-9831
-11316
-12905
-14154
-17502
-12195
-12954
-12826
-23724
-15267
-15224
-19874
-10771
-13755
-4240
4312
3695
1440
4944
4873
11561
9415
12288
11012
8577
9882
9066
11874
11386
11863
7878
13500
15490
12600
13469
14351
12901
6997
5442
7282
10991
9116
6035
5071
5317
6715
4964
-565
-864
-1765
-2104
-2795
-5808
-7305
-8431
-9267
-10462
-10452
-12213
-11784
-18105
-15884
-12164
-18267
-12530
-11590
-6538
30
-2686
901
1127
4138
3125
6418
16816
12252
10498
13282
12394
10657
10982
10868
12950
13541
13895
13490
10143
12024
11370
9430
8487
6444
3027
4033
5478
5530
5636
1670
-807
-702
-2105
-3035
-2568
-4178
-6174
-7379
-9365
-11081
-13695
-14493
-10539
-8930
-15029
-10998
-5872
-17903
-8936
-5861
-4846
-2634
-3286
289
616
-78
1869
3595
7334
14434
5968
8089
12613
11604
4670
5799
9723
10055
8868
6785
9650
10361
11859
8529
9399
10383
10536
11162
10505
11070
2363
-1944
2197
6661
6321
1478
-1084
-2182
-1389
1158
-3427
-3782
-5792
-7158
-7156
-7615
-13843
-13233
-7467
-18576
-9085
-6560
-6005
-2544
-4634
-960
-1034
-2956
-4864
897
883
4297
834
5324
10976
2588
8697
13591
11648
5564
6449
8257
6730
7961
3702
4546
5922
5095
9929
13253
12030
6448
3283
4631
3985
1893
-578
-1591
-1988
-1332
-2296
-2604
-2924
-2879
-5832
-6733
-8275
-10618
-13077
-17415
-9345
-15797
-16262
-7753
-5932
-1517
-4536
-1703
-2782
-3341
6024
3640
4528
-395
1195
3894
3866
4812
1930
3799
9575
4600
2798
10305
10152
7085
5681
8819
10001
7551
7682
6906
7297
7698
8823
10273
7680
6833
6529
6642
6224
1380
-5715
-4877
-1117
-165
-3194
-8739
-7762
-10499
-7217
-12647
-6757
-11878
-15356
-3412
-7085
-4322
-1117
1005
-56
3713
7268
5923
4739
4646
6316
8459
8826
4090
4051
3780
5141
5347
4273
5549
2431
2483
10385
10458
7879
3401
3908
4362
4842
4981
4400
5712
4081
5749
8271
3684
2081
1678
1160
1927
-972
-5547
-3943
-5518
-5811
-7796
-7166
-9226
-5646
-4995
-12623
-2460
-4148
-1767
-106
-1666
-558
139
4570
3430
3251
3825
6498
7473
8658
8105
5812
4399
2513
4208
2955
655
361
-1501
-69
4666
3355
-121
3855
3424
3807
1832
2787
4996
1252
161
-509
1700
3045
912
-2265
-2625
-2270
-3331
-4037
-4772
-5639
-13291
-13455
-10227
-9146
-3911
-14878
-9406
-2045
2264
7524
3214
5586
5430
10662
8460
5113
6611
4930
5751
10433
8007
6160
4958
3665
3093
2054
2008
91
991
610
2286
-1464
-3118
-4298
-5061
38
-3073
3667
829
572
2122
4841
1835
917
301
344
1728
-766
-1739
-3756
-6029
-5792
-7296
-8481
-7457
-11117
-7793
-10615
-8913
-3000
-769
3537
1610
1350
4147
3554
5081
7281
6263
11764
6508
8182
6475
6516
5324
9413
9046
7580
5662
5675
5789
-2357
-2892
-6981
-5475
-3755
-2948
-3740
-2931
1671
1503
-1440
-5012
-2528
927
-1090
-426
207
-2315
-3643
-7418
-4551
-3893
-5680
-7329
-9603
-6012
-7916
-2567
-3784
-9223
-5680
-7614
-884
4225
4558
3115
2597
6475
10597
11044
9334
10518
11183
9322
15042
6467
5712
6632
5674
6313
4581
4004
2696
-1926
-4048
-1175
-798
-5365
-6251
-6441
-2403
-3296
-3613
-3101
-4539
-9429
-4776
-2053
-3729
-7289
-6644
-6263
-7689
-7752
-10514
-7489
-10126
-8553
-9652
-9286
-3785
-12760
-3445
1210
3057
7453
2098
7007
11086
12104
12804
15825
13473
12178
16496
15522
14606
14716
11520
10343
10468
10161
8163
5978
3011
980
3225
3651
2832
1662
980
-875
-3398
-2063
-3343
-6191
-7089
-9332
-8830
-3236
-5283
-10294
-6828
-4589
-5681
-7155
-7881
-7285
-8662
-6589
-10340
-9315
-785
-9819
-7952
275
689
6017
7912
13718
11643
13265
11760
11466
16822
16481
16414
14073
16289
17170
18370
14277
14770
13911
13193
13513
6600
4882
5490
4153
3282
1032
-318
-1883
-6137
-6268
-2326
-3073
-6274
-8338
-7788
-12387
-14383
-11686
-11842
-18010
-16733
-12184
-8764
-11653
-14628
-11277
-8070
-13319
-3270
-6624
-11958
285
-3893
3258
6514
3155
5980
11242
13946
14668
16691
12242
13575
14078
13441
12562
11030
15921
15090
11089
9310
6589
5041
4882
5332
4018
1639
818
-319
-1133
1604
332
-826
-3298
-2965
-4558
-6032
-8892
-10878
-15102
-15265
-17437
-17817
-18435
-14473
-16155
-24258
-17857
-12531
-17237
-12969
-13963
-14113
-2830
-1383
3075
4781
5675
8170
9555
10987
12647
14558
13532
19020
17519
16639
14176
11344
14051
17122
14782
8625
7781
7043
15978
12059
9920
9438
7891
9986
6547
1845
377
-885
-2121
-565
-1884
-4004
-6829
-8739
-8459
-8552
-11892
-14798
-20404
-19617
-21868
-20579
-17697
-19553
-21939
-21354
-10396
-14535
-10825
-322
-387
6853
7605
4398
7851
12143
14035
18633
18193
19400
20240
19455
19702
18724
20788
19737
15431
10595
12859
15505
14577
12977
10305
10382
9677
10039
7389
4776
3525
2492
1399
-216
-1594
-5179
-4194
-5443
-7519
-9952
-11562
-10933
-13523
-16271
-17046
-19334
-19845
-19551
-22603
-23685
-15822
-14987
-21254
-12613
-3387
-773
-2859
1748
3595
6374
9490
8181
13256
14044
18492
18096
16185
15046
16637
13496
11842
16887
13873
11830
9586
10322
9736
8815
6368
6580
8142
8984
6275
2312
2645
-117
1507
-36
-5126
-6571
-8079
-12244
-12098
-10484
-11694
-15242
-15081
-13503
-14111
-16422
-18918
-23016
-18027
-10689
-18231
-9068
-5327
-7369
-1533
4163
6280
5577
11262
15195
17658
16060
17748
16573
16070
16426
15380
16995
19068
21073
18924
16862
17564
17020
16101
12570
8558
7879
8361
10584
8635
5557
4013
2520
2037
-332
-625
-4122
-6057
-7918
-9450
-10769
-12829
-12210
-13916
-16678
-21625
-21045
-23068
-22791
-21923
-19426
-21454
-21518
-14801
-7029
-5251
-1724
4804
-2577
2269
11508
13744
13382
12605
19318
19244
15313
12567
15320
18185
19866
19320
18535
17453
16691
11666
10434
11186
8958
5795
6050
5509
2521
4033
2739
3565
2218
-1505
-3421
-5938
-6190
-9223
-9024
-11591
-13785
-12849
-13284
-18734
-20214
-16613
-19493
-22070
-16284
-17925
-22277
-13770
-13215
-12222
-9151
-4900
-4527
-4921
1191
-471
2679
14798
19165
14828
9229
13646
12735
14259
13161
11782
16996
18250
16975
16316
16006
11104
11110
8715
8876
9183
9389
5886
1656
-501
181
-76
622
-2234
-5711
-5999
-6228
-8129
-9465
-11816
-13168
-11411
-12959
-14453
-15252
-17275
-15036
-11513
-22035
-15060
-9198
-10454
-5545
-5854
-3152
-1620
163
2897
4029
7069
14166
5651
8107
13639
13420
12145
12036
18036
17727
14655
11584
15105
14713
15566
14075
12885
14033
13281
12116
10694
10583
6981
3696
2813
3539
-34
-766
-3764
-4714
-4327
-3569
-6140
-6833
-6229
-10417
-8722
-12905
-15410
-21449
-13260
-16582
-20029
-6930
-8899
-5626
-4303
-5723
-5973
-2736
-4027
2785
3517
4135
7985
10018
10651
4849
7752
14140
15401
11651
15762
17867
13576
15039
13217
11696
11404
11690
12179
11351
9643
8604
7500
6819
1138
969
-473
-475
-2663
-7206
-6293
-7841
-9264
-10139
-10693
-10004
-8887
-13046
-10445
-13316
-11573
-6837
-19323
-7155
-4044
-5493
-2063
-1697
-936
-4153
2116
3186
498
1208
7580
6720
5660
4426
2552
3204
9224
5338
2062
12393
9720
8835
9330
11067
9552
5561
5205
7249
9465
9261
7114
4986
6366
4225
3577
365
-368
-2853
-5290
-4045
-1911
-1156
-4764
-6169
-8037
-7170
-6756
-9096
-16052
-8760
-13773
-14381
-3590
-7796
-2488
-3443
-3926
4878
1626
2003
5730
4412
8506
7987
7265
6551
3888
6162
-34
977
3946
4568
846
750
7495
10880
6995
8907
10503
9958
9749
8081
6936
6392
6586
5744
5759
4190
2459
2988
1624
582
1336
-582
-1741
-4265
-9026
-8754
-7414
-7870
-12731
-8658
-6566
-12834
-3251
-231
-99
3006
3620
3163
770
4104
9003
8270
8842
10870
9187
8118
5404
3048
-95
1466
2209
-103
-3173
-3638
1370
4240
1846
-2715
338
4064
1452
192
1202
1982
724
-1039
119
2116
2852
2300
975
-287
-280
-2062
-3309
-4091
-5875
-9761
-10386
-6978
-10781
-13267
-8104
-10108
-11223
-682
1318
1998
2003
719
3600
4593
7172
3526
4448
10142
9786
10301
8707
4118
1834
3279
3801
1508
-161
-1893
651
-271
-1651
-80
-1835
-502
-3169
470
7113
3071
1084
2109
171
3254
3430
78
2718
1259
306
409
-637
-2347
-3503
-6418
-8180
-5882
-7288
-10998
-9444
-7440
-15644
-6371
1029
-813
1504
1507
6184
4444
6197
6635
8276
8993
11266
12374
9273
9918
7325
7373
4005
2726
1417
-1374
-2888
-6303
-5650
-6821
-6679
-9284
-9996
-6547
-919
-893
-9115
-2346
-218
469
974
5097
5799
1027
-1629
-427
1820
1989
200
-2019
-2599
-2621
137
-4972
-4860
1024
-5274
-7292
-311
4205
5347
2739
5824
6319
8670
9128
6767
10107
11329
15220
15148
10815
8571
6744
6843
5488
6972
4416
2364
480
-1689
-882
-1883
-3110
-3813
-4912
-4105
-7535
-3388
-848
-5046
-1602
1122
5204
985
-4526
-954
-1879
-1469
-2564
-4192
-4498
-5058
-4881
-5946
-4807
-10238
-3144
-5085
-13121
-3218
82
6521
7947
7869
7672
8562
12823
13365
13983
12121
14948
14055
12437
9369
7818
10091
7529
6867
3459
790
5165
3663
1300
-2072
-6402
-5328
-9399
-11152
-4944
-4806
-3560
-10601
-11474
-8510
-3559
-5925
-9341
-4256
1011
-3202
-2427
-704
1101
-2140
-4393
-8688
-4788
-3512
-8681
-5932
-9064
-1836
3244
4477
9701
7509
7942
7831
12017
13576
13711
11502
12446
12068
13625
14566
10962
12632
8238
8992
9744
4607
2146
2084
947
978
323
-2745
-5526
-8556
-8335
-7806
-8617
-5931
-13069
-12247
-9079
-9048
-8645
-8442
-10692
-12298
-8417
-2300
-6049
-9178
-8800
-6398
-6695
-3359
-7706
-8194
-3605
-9664
-54
4014
6678
10040
8348
8903
9500
13790
12835
13532
10227
10518
14416
14136
13469
10642
11870
12596
10910
8082
6903
5292
5640
5467
3276
735
538
1275
696
-3029
-4512
-2954
-6047
-5651
-8493
-9097
-6718
-9619
-8820
-9227
-11024
-5169
-6537
-8936
-5360
-3395
-4733
-8393
-7260
-3584
311
-8123
-4530
5396
5176
9234
8262
8452
12706
11345
11044
14821
14610
12678
14926
17225
17142
11981
9857
10578
10172
11514
10981
7958
9528
6229
5964
2615
1083
-2872
-6349
-4271
-4854
-6419
-7868
-6556
-8172
-7709
-5898
-6875
-11202
-12006
-11554
-9421
-9804
-9682
-8402
-12148
-17206
-14540
-8813
-5865
-3270
-1916
-7876
3153
735
3279
8940
7819
7880
9744
11187
15485
17885
17512
18160
16130
15614
14242
13873
11588
10111
11137
11224
10111
5830
5437
7172
5595
3769
3432
2541
2198
1758
877
-1298
-2359
-3114
-5555
-8487
-8457
-7290
-8523
-10382
-12471
-11749
-10738
-14209
-16021
-13200
-14654
-9876
-8150
-12728
-2851
-6263
-4935
3812
2777
8576
9428
7051
9706
14491
15487
15639
14545
14204
15634
14265
13096
13410
17294
14423
12394
13712
12468
7693
4892
6966
7920
8723
8727
4369
470
-1139
-353
852
-4267
-6866
-8089
-8277
-7750
-8930
-11335
-15162
-16445
-15581
-19093
-19005
-19131
-19679
-18214
-16505
-17847
-20212
-13920
-11421
-16673
-5581
3271
1390
5345
4163
7424
8469
11006
12436
11746
16078
14251
16152
14833
13305
15521
13968
14022
12363
10476
10041
8988
4957
2835
5877
4707
3316
1706
3598
4570
2457
2485
-1552
-3477
-4321
-5215
-7122
-7810
-8394
-8992
-13016
-17176
-13944
-14603
-16668
-18582
-21563
-19313
-19554
-21583
-13339
-21150
-17459
1782
-7504
-3842
-78
3937
6490
5562
7580
14079
12570
17118
17313
18098
15995
13840
11614
10839
12623
13266
13543
13830
11971
8927
8577
9395
7634
2989
259
1048
629
2190
1626
-687
180
242
1517
2076
-4543
-9555
-10768
-11943
-12324
-15250
-17987
-17784
-15590
-16779
-14181
-19516
-14712
-12476
-17087
-8781
-7947
34
1142
1110
2862
6965
11775
11227
13164
13989
15886
15990
16936
14562
16889
14856
13488
17886
16537
15492
15183
11825
11339
13706
13016
11801
8367
5065
3449
4735
4162
2067
1869
1640
1410
-2045
-5591
-6265
-5779
-8271
-9845
-11242
-13107
-14293
-13988
-15734
-17998
-19096
-21046
-14679
-20779
-22816
-7745
-8246
-3845
-2142
-3969
3701
10081
6312
7324
12694
15683
9443
9417
14957
14074
11259
11966
14119
16498
15991
12849
12464
11992
11350
11341
9355
10143
9803
5607
4652
5463
2131
-1471
-3549
-3142
-3864
-1018
-1739
-4797
-5164
-7321
-6697
-9546
-13068
-17696
-17526
-17738
-16083
-18062
-16141
-10696
-19333
-13087
-7319
-6615
-3526
-7913
-3246
-505
-165
3708
6595
7558
4707
14474
15191
12148
14214
10563
13807
13835
12764
16175
10217
10473
14984
17276
14928
13488
12957
11596
12515
11389
10519
8348
4189
-1938
-1134
917
985
-839
-4933
-3183
-5003
-10711
-13199
-15774
-14576
-15217
-17577
-16614
-20871
-15929
-17869
-24496
-13272
-13590
-8205
-7154
-10169
-4715
-69
1778
2153
4662
6425
10273
13127
11837
11937
15330
15849
15428
14134
16019
15617
11969
12428
14743
15429
14586
12028
10761
12957
12412
10032
7845
4801
2684
479
1625
1403
-3226
-9856
-9695
-7821
-6833
-5968
-11512
-11670
-11456
-13217
-12796
-17466
-20823
-14312
-22689
-20944
-12053
-13435
-6946
-8014
-8891
-4173
-399
249
703
-790
4455
5304
4299
6922
7397
8170
10283
15666
14164
12153
12693
14677
15377
14832
13260
12533
13177
12693
12776
11417
8392
9287
10033
7247
6199
5017
3978
2865
-344
-5648
-6842
-4274
-6904
-8530
-10236
-9878
-11934
-11591
-13431
-14354
-10350
-18924
-11454
-7566
-7969
-1553
-3222
-2242
-2177
420
3676
3400
2797
4291
6279
5914
6828
8460
7890
13033
12012
7388
9333
8924
8752
8027
13642
14351
12065
8954
9916
10513
7488
6746
4661
5207
8566
9092
6107
4878
3419
-1119
-1902
-1409
-3161
-8417
-11938
-10451
-11154
-9205
-9180
-15872
-9190
-9892
-12905
-4728
-7775
-3643
-4542
-12023
-4059
-1549
716
852
2736
3131
6359
5735
4435
4460
6505
7589
7562
9230
8893
8967
5923
12203
13325
12865
12083
9035
8339
7948
9264
7721
7457
8501
8170
6534
7013
5415
3452
1195
903
-750
-237
-3125
-4905
-11997
-16340
-14616
-15061
-14367
-19345
-10062
-14362
-13289
-6469
-7291
-3640
-4213
-2776
-1883
1895
3317
5028
4910
3829
3104
3262
2166
1113
339
6442
7699
519
2253
5292
8957
12481
8509
8359
7376
9932
8897
8535
11765
5579
6198
954
5689
5151
3244
-754
4060
4401
3601
1610
-164
-1099
-4769
-9766
-12734
-11665
-15227
-21290
-18434
-12548
-16486
-6161
-4616
-2084
-2036
-66
381
1466
-589
997
4936
6964
8042
6787
7462
4246
5971
6138
7682
5941
5388
3760
5427
5889
5834
6940
2920
8228
4829
10241
10706
5584
8611
8187
10059
8134
8199
7161
6791
3913
4659
3065
1320
-1599
-3225
-5114
-7674
-4777
-10186
-8979
-13859
-10597
-14233
-17756
-7050
-6129
-406
911
1753
2567
1686
2354
5647
5676
5654
6680
6085
6858
5781
3217
2784
4215
2826
1291
-1513
-1119
-798
38
-236
-4423
191
4550
-206
5262
7025
7169
7118
5906
6953
7160
3440
673
2049
3468
3196
1168
-243
-1903
-4332
-8539
-9750
-8941
-12005
-16988
-10540
-13303
-11209
-8165
-9021
-3890
-1953
2393
2129
3299
7462
10129
11678
11539
7892
4085
5251
8140
7662
6573
4426
4906
2230
-729
3892
3518
2716
1382
3819
1777
1128
6092
1744
-342
27
3970
4696
3477
4588
4700
2953
940
3012
818
-1187
-3497
-5813
-6286
-6370
-8108
-8963
-13214
-11108
-2754
-10572
-7197
-1136
-4698
-4332
-1248
335
774
1764
6024
9772
7665
6363
4603
6069
5852
4768
5056
8616
6164
-1029
-897
-1374
-289
77
-556
-3051
-2726
-1350
-2859
-3084
-6476
-4903
-1946
-1968
-6342
369
2897
-2240
-2664
-3596
-2203
-6471
-8472
-7314
-4966
-6508
-5727
-8291
-9214
-8680
-2106
-450
-6764
-947
315
331
1756
4617
1386
-1428
2509
7470
12432
13883
12536
13774
12161
13377
15860
6672
3172
3764
6406
5788
3942
3840
1627
223
622
4151
2554
634
960
-1454
-2005
-1588
-1902
-151
-4102
-1977
2178
1005
2981
-1039
-939
-555
-3607
-4896
-5893
-5362
-4625
-8260
-9398
417
-3830
-7261
3932
1700
7060
7823
2958
7181
2860
1088
5016
9303
10237
7939
10507
13383
9241
7949
8313
5168
3174
2985
1253
-65
4815
2259
1361
-5148
-4286
-3905
-4636
-5217
-8581
-8013
-7362
-9736
-10028
-10842
-6434
-1825
-7810
-5715
-1046
-4637
-5565
-6896
-8028
-5814
-7098
-8664
-8726
-5887
-1377
-8528
-5408
2890
3328
11832
10024
7769
11845
9834
11566
14682
15496
7581
7101
7864
7465
9820
8004
10840
7038
7334
6620
3080
2026
-1910
-757
-247
-1319
-966
-2424
-4449
-7280
-4964
-2065
-6268
-7370
-7821
-9904
-7100
-6541
-8150
-6685
-8958
-9505
-6546
-4156
-8783
-10486
-7542
-3762
-5389
-817
888
-12526
-3527
1318
3218
10014
3695
3881
10920
10769
10808
12656
11417
10784
3122
3540
7272
8166
8324
6563
9471
6693
4671
6894
-1250
293
-313
-384
-1157
-1381
-2170
-4120
-5447
-6269
-7789
-6564
-6505
-8757
-7747
-7048
-8972
-9870
-11582
-8571
-969
-6137
-8122
-6203
-7730
-8392
-8471
-9754
-3091
-5041
-11123
1282
4002
7577
7099
3917
10935
11606
13343
9491
18699
9145
9743
10962
13302
12522
4656
5158
5796
6306
7829
10833
7274
7405
6134
5294
5611
553
-1130
-2683
-2907
-2414
-3948
-3373
-8216
-9251
-5925
-4882
-5960
-9986
