538
1496
3041
3032
1584
4247
7938
7068
2235
5471
9204
6890
5539
4406
4801
1920
2229
1558
5940
4960
1733
1944
3582
5051
4614
6177
3492
3989
4678
171
-609
108
-753
-3193
-3945
-3399
-5040
-1408
-1844
-3499
-4587
-5389
-5370
-7559
-6740
-1383
-969
-1237
-69
-810
-1654
-1248
-5230
-5395
-5381
-4903
-3398
-4949
-3394
-5063
-4883
-7242
-6442
-7297
-6173
-6691
-5977
-3816
-5048
-6933
-3808
-1264
-2582
957
-1306
-1487
652
1143
-73
-39
1798
1246
-1318
60
283
438
1585
210
2318
2928
1301
599
-2897
-906
2451
742
2001
4272
6002
6045
4490
4301
2986
3584
3269
1173
1660
440
2854
661
3336
2184
864
7634
7884
7605
6414
7889
4212
2615
2928
2296
1430
412
1111
-1076
-2436
-3078
-734
2872
-1245
-3342
-1283
-975
1308
-1842
-99
487
-184
-755
-3197
880
-1669
-593
-2351
-2665
-468
-4188
-3734
-3989
-4280
-4930
-7616
-7479
-3785
-1830
-1912
-3894
-1997
-104
109
-3369
-2706
241
-1024
-1559
-730
1353
3118
2242
1302
2152
1962
2227
-417
2699
1726
942
2424
3277
2476
-188
2150
12
2554
1595
-400
1770
1560
3915
5927
3978
1836
4026
2135
1091
965
1644
1261
1685
3483
1752
4122
5048
2337
1645
3255
4060
3877
4059
6305
6344
3380
3746
2096
-3891
-5215
-4626
-4633
-9678
-6789
-3125
-3774
-1078
-3423
339
979
-460
-603
-1032
407
-3945
-2145
573
-473
-1054
-3200
-2271
-1274
-1152
-2667
-1296
-2459
-18
1160
-1913
514
1080
375
-1894
-100
145
1080
2216
-145
2300
4943
4773
1955
2802
5469
3062
2104
3440
5763
4913
2833
4327
4619
5339
4061
5603
8226
7193
5130
4872
3757
3691
3205
-1003
-1670
-2402
711
2017
1033
3418
3271
3460
-363
-2288
8153
6693
3485
7681
7117
6219
6953
8217
6812
7548
4143
2064
2299
179
1117
129
-1944
-4231
-7198
-7844
-5530
-5333
-6235
-6955
-6239
-8760
-7012
-1984
-4963
-3457
-2562
-2765
-4915
-2843
-5784
-6004
-6168
-8599
-6602
-5754
-4644
-7998
-5018
-5632
-4448
-4390
-5050
-3079
-1828
-2516
-834
-1389
-2587
-1845
-2197
-739
-890
2108
1431
1847
685
2012
1831
820
2278
1163
3249
2514
4070
2508
2502
3257
4694
4739
3201
5537
2200
1632
1672
228
-1410
-196
-4804
-6174
191
4776
7718
7734
5373
3106
5529
4180
5167
5781
6281
6067
7634
8740
8145
8067
5507
5221
4674
4363
2182
4022
2073
535
-1020
-4247
-10301
-11375
-6062
-6307
-1688
-2237
-4648
-3722
-4188
-4312
-4685
-5405
-3746
-3294
-4678
-6618
-5122
-3914
-5603
-5657
-3959
-2583
-3520
-2544
-1462
-152
-135
-1477
-1015
543
700
-932
450
-278
-816
483
-822
2732
2032
768
2297
2906
3177
2327
1134
-207
3283
4891
3335
3483
5720
6193
2767
3132
6691
4539
1793
-421
2009
1753
430
997
-807
2391
3226
1410
-2117
2096
2305
5471
6021
3134
3929
3744
6487
3906
5693
6240
5970
2713
4914
4880
5320
6376
5142
1444
-326
1018
-1805
895
-2367
-5273
-4923
-1354
-967
-2371
-3566
-872
-32
-2644
-1941
-2529
-1835
-3294
-3144
-4328
-2935
-2279
-4818
-4098
-3313
-1994
-2255
-1672
-469
-30
-149
-1680
-1777
-310
318
-1239
-1911
-94
-894
61
1426
-929
-376
285
1311
1366
988
1371
-1139
-4529
-250
3663
1974
2588
2584
2578
1218
2491
2007
296
2966
1441
133
48
-2591
-2380
176
-483
-147
917
1119
-45
-272
1362
1493
4436
4164
-1374
282
5885
2838
999
1528
6433
6001
1880
1039
4274
7469
2851
4429
4102
77
-3099
-2152
-3733
219
-2014
-5942
-5760
-5170
-3549
-4461
35
-498
1534
-853
-2384
-2802
-2524
-4193
-5949
-3024
-1628
-2997
-3791
-1643
8
1098
549
1335
553
2701
1212
2283
4125
3974
3840
971
3197
2152
2239
-226
-159
3412
1198
393
697
3410
871
-1164
2476
1643
1966
1806
1366
2056
-557
-1910
-2813
-3383
-5262
-4213
-3199
-4739
-7438
-5178
-4105
-4925
-2638
-329
3112
-5
-1810
-2925
-1256
-1048
1411
4784
4056
989
3244
2000
-1803
851
-1433
2561
3493
3969
2174
-253
-1201
-476
-296
-3048
-3571
-4948
-5647
-5215
-3208
-5735
-5524
-3269
-4089
-4004
-4224
-5649
-1881
-4009
-4732
266
-1647
1805
5086
4080
3045
2771
3666
1011
2169
3297
-554
-85
-312
-1114
3295
2125
955
2675
4336
2598
2876
4626
2012
3133
1253
3198
3788
3653
4092
1519
2044
5134
1946
744
4424
3254
2051
-137
-2717
-2915
-1157
-2571
-741
462
-1551
442
-232
1016
2266
1406
1537
568
276
-1239
-1297
-310
2273
435
2224
329
799
5399
2989
3939
887
1057
918
481
2151
1669
1947
1570
1191
-986
-1587
-6320
-8334
-1653
-3336
-4413
-4065
-4117
-3700
-3087
-1360
-2813
-3803
-5575
-3870
-1477
-1463
-1876
-2626
-502
1348
2329
2924
1656
3936
5598
3073
1111
3897
4397
4567
5654
3672
5237
4998
5170
7383
5333
4785
2929
1360
4641
4897
5935
3799
5155
6684
3707
3379
3427
2976
3010
1291
344
559
-1849
-561
-2327
-376
1613
-140
-1014
617
1734
2250
1491
-480
4984
6962
3560
6181
4943
-1080
110
-2513
-815
489
-452
1306
4196
3731
2620
2425
4678
5722
581
1438
-737
1737
919
816
409
-1270
-122
-5494
-6053
-4375
-2869
-2599
-2316
-3782
-6359
-1532
-4347
-2854
-225
-2015
795
-493
-1393
-913
310
28
2444
1920
2214
2130
1075
-812
1617
4003
424
661
-864
-40
3389
1114
1242
2127
3463
4136
1643
2715
5447
4091
2109
2876
1859
2588
1059
1175
717
-575
531
-1826
-594
-799
-2699
-2235
-1844
-953
120
1627
973
1548
1762
2954
1018
2159
3452
4682
-310
-1682
1894
-2064
-1066
-3015
-695
-864
-1245
-1220
2269
4689
3092
3121
2909
2490
1026
1590
1805
1743
2967
3228
-4003
-1775
-92
-622
-2254
-5803
-2281
-1718
-2206
-838
-1102
2431
2527
-68
4544
4865
6632
4339
597
4625
6090
4815
4512
5325
4926
3215
4098
4040
4637
3254
3359
4176
2557
1992
1927
992
177
2297
2391
2453
2110
3221
2910
3102
3068
1929
2758
2186
-1064
-881
-1633
-2395
-2763
-3880
-1932
-1613
-1657
-2554
-2264
-1288
-1685
-2974
-3053
-2453
639
-1289
-2259
-130
-539
670
-1372
-1656
-974
-2181
-1434
-105
1483
1402
-861
-256
65
2311
3597
5119
7026
4274
4625
5303
3118
1178
395
-4792
-6521
-5105
-4998
-4775
-4802
-4305
-2182
-273
-275
-208
1270
4297
4548
1446
1282
4541
2093
2280
2017
3567
4728
1878
3262
6130
6898
5939
3730
3997
4833
2354
1799
2302
4622
3640
2765
1648
864
2575
1023
80
-887
6
-2258
-5903
-6087
-7814
-5750
-5928
-7232
-5450
-2196
-4905
-5120
-5239
-4475
-4348
-6797
-5488
-5097
-3306
-4799
-2424
-3011
-2648
-3161
-4144
-3684
-67
-2453
678
-1958
-4972
-426
-2660
-1607
-3574
-1467
-8041
-2830
-534
-2363
1418
-134
-2638
-1639
-1963
-1927
-503
-3385
-2572
-1966
-2159
-3714
-3230
-2229
459
-1840
-561
-78
1093
2663
3662
4018
1660
3278
3664
4317
5099
3447
1281
3892
3922
4706
6047
4220
3994
6717
5556
4824
6454
6659
4826
3647
6451
5952
6790
2762
965
2498
787
387
-2736
-1340
-789
1513
401
-862
-470
-3669
-2657
-3606
-2445
-488
236
-614
-375
573
-1052
-2681
-3088
-4055
-1178
-1791
-4833
-3851
-837
-1442
-4007
-29
1455
-843
-5469
-4689
-4840
-1172
-751
-1123
762
594
1643
1403
3060
875
-1079
-1085
2519
-2079
-915
-153
-2995
-692
-1254
-1870
-5242
-8325
-4983
-2298
-2829
-281
785
3160
3289
3099
4456
3353
4280
5225
3879
2776
680
2265
2977
3267
3488
5644
4909
4854
7238
6124
5205
5276
2886
2828
4503
1159
3093
2636
2224
-105
585
-676
-1032
35
-2293
510
153
-1501
294
-1327
-1222
919
-2578
-70
-2992
-3189
1663
3430
2494
-1060
-1102
-572
1046
-320
-1089
-242
-1889
-3876
-341
-487
-1427
-3467
-3223
1319
1416
326
-7515
-6376
-2099
-2845
686
1287
-803
368
-605
1437
2476
1880
1510
759
335
-692
-576
-2814
-163
-2696
-2666
-170
2474
2922
3704
3629
896
3886
3478
3475
3495
4673
2538
1026
3707
3211
4010
3836
307
3386
4897
5105
4601
1555
4249
4381
5285
5534
467
-274
757
308
-1666
-1623
-3154
-2794
-1200
-3427
-3795
-4175
-1354
-1245
292
2179
1582
1377
1811
-1933
-1753
94
-1608
-501
786
1007
-2517
-2471
-2350
-1812
-225
-2007
-6777
-5261
-2583
-2737
-2069
-2743
-2566
-2567
-3256
-5179
-4193
415
1699
-1372
312
2091
-540
-354
239
99
1360
1410
1929
3080
1785
1555
1509
617
4695
3754
-166
3223
3041
1632
3083
4510
4119
3936
3797
3703
4008
4012
2376
1323
3858
4624
4328
3742
3056
1544
1455
2044
3366
2899
2054
2374
734
-795
-224
-897
-749
567
85
-1740
-3236
-4252
-2872
-2884
-3984
-1709
-2269
-1260
-1588
-1014
-3033
-5412
-4966
-2912
-663
-3346
-2894
-2166
-2388
-3320
-2953
-2538
-4730
-3052
-3719
-5850
-4977
-4462
-4580
-3955
-1998
-1890
-1925
-1050
621
3873
124
-2587
233
463
-687
-2737
-215
157
-488
2066
-443
-173
264
1462
3988
2773
2156
341
2550
3178
5285
3519
2470
3349
3067
6307
3862
4429
4445
2954
4304
3057
3031
3306
4219
3973
6048
7177
6176
6979
6531
8706
5333
4956
2446
3160
1143
-1785
-872
-3491
-2392
-2290
-2552
-3365
-934
-642
-2329
-3061
-3379
-2520
-2832
-3087
-991
-2128
-4950
-4398
-2737
-3090
-3847
-2853
-2706
-2992
-2307
-4533
-5055
-7413
-6322
-6171
-3516
-2925
-5933
-6034
-8686
-6461
-7294
-6686
-5221
-5947
-5665
-1859
-3899
-1189
-2010
-3400
-2349
-3590
-752
1253
1211
-1663
-965
-2424
-2284
-2001
1957
3260
5824
6528
7370
6937
5024
2776
588
2248
-671
-444
3033
2924
379
2334
3272
7059
5240
6334
7799
7324
6367
4329
6779
7570
6393
4406
2264
-1144
-859
-1578
-3334
-2454
1003
505
837
781
2464
3379
4178
3559
1272
817
336
158
-45
-756
-2619
-1097
-2381
-2041
-3336
-4085
-5207
-6033
-895
-2658
-5026
-2852
-1897
-3365
-6737
-3061
-4134
-4949
-3903
-5178
-3842
-4156
-4697
-6134
-2323
-1615
-2835
-3320
-3447
-3162
-493
-411
-2571
-865
20
-1200
-5203
-188
1077
-216
-20
-2059
585
433
3891
7669
7783
5338
5410
8275
6658
5701
3541
-2662
-2781
1371
6022
6648
3615
4724
5729
5977
3753
3743
6011
4867
3754
5666
3675
2237
3025
1917
1019
1187
841
-401
2344
4139
4880
3105
2180
5945
5061
4399
4551
3860
5748
4870
2738
132
-3122
-479
-308
-3071
-3002
-460
1500
-3055
-714
-1035
-5213
-5231
-5981
-4369
-4096
-3787
-3365
-2984
-2103
-4354
-4580
-3660
-1111
-1760
-5626
-2702
-2153
-365
157
-1560
-1347
238
817
-1290
-1298
-1277
257
-587
-722
2214
1502
1813
141
986
2842
2228
4105
3298
3903
6370
2901
1826
7585
1895
-244
1983
-908
2898
3952
306
2735
8079
5947
5090
6139
4874
5734
4164
2546
1347
-1069
-1232
-1070
-3166
-2617
-1413
-1480
-1347
-1214
1715
3397
4130
3918
2759
4037
2202
-346
2030
4045
4424
-133
814
-1690
-4042
-2478
-658
-143
-3992
-1214
-1217
-628
-4257
-2936
-5066
-6145
-3757
-3401
-3049
-4877
-2676
-3197
-714
-2469
-3711
-3322
-4219
-5788
-3061
-1791
831
739
-2705
601
2613
2266
-551
631
-848
380
4942
3493
79
3985
5169
1205
3944
3510
4315
4222
3175
5219
4878
5923
2685
2081
4492
2844
1467
1864
4352
4346
3285
1847
3622
6359
6772
2730
2220
5353
-124
-1618
-3892
-3519
-1577
-6042
-4984
-2473
-1096
-1910
-1642
1225
-107
-342
-2037
-310
2087
-209
-200
-505
944
-10
84
-1437
-2291
173
360
-3907
-5817
-3319
-4468
-4859
-3398
-5990
-7334
-4260
-4174
-4594
-4926
-6152
-7429
-8250
-6692
-5320
-5975
-4950
-5288
-2790
-4047
-6549
-2579
-2722
-3639
-2701
-3769
-1605
-912
-1223
-636
98
2765
2920
3810
-1026
1319
2735
2262
2333
-126
4252
2982
1893
2879
4107
5769
6604
3924
531
-1269
130
1690
1335
3569
3990
2949
3060
2371
2738
-32
-3241
-1720
-1510
-2384
-4042
-1792
-925
1518
1696
-20
738
151
2097
-1861
-1627
-475
-3402
-1960
-1484
-1087
-108
-3059
-4996
-4664
-3915
-4702
-6851
-4123
-4289
-2971
-6670
-7305
-4779
-9000
-10017
-7855
-5734
-7306
-5965
-6773
-4802
-7046
-7481
-5929
-9642
-6573
-5380
-6034
-6280
-5330
-4407
-5473
-4940
-3916
-1904
-2154
-889
1164
1082
1572
984
1945
3225
5393
1156
738
448
-436
3452
5415
5292
5183
9134
8241
6410
5165
8812
9645
8786
9104
7126
5000
776
175
1105
2952
981
112
1502
2938
4090
3117
2436
1506
1594
1603
2250
2765
3917
5473
4907
2273
2815
3724
2054
2062
2124
725
12
489
319
38
1247
-857
-2086
689
-1573
-1937
-1943
-2683
-3007
-3436
-3067
-5496
-3691
-2376
-4727
-6018
-4762
-6088
-8337
-7849
-9880
-4712
-6151
-6777
-3676
-5467
-3531
-6709
-4887
-3962
-4619
-7303
-6043
-4129
-1555
1237
543
1849
2910
3872
187
924
-111
2257
1062
917
2475
548
722
891
687
2308
6437
4098
2264
4525
6845
5969
7025
7834
5552
1940
-382
270
-508
-1056
-915
-655
2085
987
1795
1399
-289
2537
3800
3489
6790
6555
4051
4220
4064
5930
3274
3054
3593
162
-1557
51
-291
76
-744
43
-292
1356
37
-2795
270
-1430
-1256
-415
-1297
-5731
-6051
-5519
-3366
-1653
-3304
-6194
-5402
-4298
-5562
-4139
-5169
-5911
-4657
-4713
-5664
-4571
-6419
-5165
-5054
-5398
-2100
596
-1267
-349
285
-326
1170
497
623
768
1382
200
1276
739
-659
-46
1266
-392
-869
646
1878
2962
3510
2333
1928
2094
4397
6752
4104
1145
-3830
-1930
-2943
-6449
-7076
-7121
-5096
-3859
-2834
-2302
-1464
-2605
-1546
-1190
-1710
-688
1328
2436
681
2088
1297
1661
2431
-1586
-1111
-2131
-3097
-4304
-1460
610
1476
1858
822
3195
256
-329
-2690
-864
-33
-2638
-4580
-5515
-3825
-3516
-4378
-2456
-2012
-5065
-5939
-5224
-3227
-3575
-2694
-7465
-6640
-1332
-2221
-6049
-1810
-1348
-488
-634
-2078
5321
2962
1747
-469
2853
4024
1521
386
175
2590
1613
1793
3121
2675
1363
2767
2011
2319
1635
1830
3253
3061
3548
3719
3109
4669
4785
1407
-1201
-2346
-4694
-8968
-4315
-1301
-3353
-2699
-1245
-795
-976
-2120
-1289
1888
461
-157
3327
3240
879
-1228
-3446
118
106
63
1173
1188
388
-3482
-4643
-1205
-1053
-1233
-3063
-3983
-1641
-1715
-2933
-1703
-662
-4181
-2534
-3400
-4003
-4792
-4844
-6997
-5391
-4126
-5662
-4480
-3734
-2506
481
-533
-3685
-2187
-2981
-1360
-1834
-87
714
1210
-770
2285
4720
2085
3415
2849
1979
4179
5718
2231
2508
1512
1973
2132
2884
4363
6136
5930
4619
5198
2201
4347
2757
2074
2626
1116
768
-575
3118
3483
-217
-583
-4136
-1904
3526
-3168
-2201
3330
1089
298
-78
-293
232
-2016
-3377
-4761
-2425
-2484
-2471
-2314
-2376
-1599
-4487
-2839
-1498
-1553
-2767
-3405
-3546
-1382
-6621
-5526
-4926
-5289
-4607
-5438
-2318
-5256
-3734
-5044
-5429
-5742
-4597
-5139
-7434
-7302
-6373
-5915
-7238
-9264
-7799
-6990
-5748
-3684
-2082
-2948
-1655
378
-2760
-375
-75
890
194
-158
-3430
-1105
-831
-1786
3671
1499
1084
1738
2185
3753
5041
3245
810
4807
4626
4872
5489
2594
4597
1157
-2585
-884
1258
-375
-348
-1001
122
-5795
-8900
-4298
-3168
806
2463
2456
1523
1859
-986
-1765
-1128
1750
305
-70
2137
-401
604
913
-5016
-5686
-687
-2864
-3098
-3391
-4379
-3530
-2342
-5312
-2722
-2377
-6876
-4875
-4522
-4175
-5331
-6591
-6250
-6322
-5013
-6050
-8151
-6231
-8004
-6923
-7809
-7869
-5133
-6448
-6638
-5871
-4046
-4113
-4057
-3691
-516
329
-881
-350
-999
-1138
-1245
-821
-363
1519
2356
3013
2700
2200
3770
3256
2375
3946
4392
4144
2799
5332
4366
3167
4919
-1044
128
356
913
-570
-732
-3104
-465
2501
9
1562
811
1140
-765
1287
4199
4071
1452
4071
1908
2534
-727
-896
2259
-866
773
-2143
-4490
-3073
-3442
-5328
-3788
-2187
505
306
-4353
-4566
-2505
-3046
-2131
-3873
-3295
-1474
-2824
-3204
-3307
-1967
-947
-3907
-2444
-1213
-2396
-2446
-4976
-5247
-3848
-4563
-6806
-8120
-5089
-4455
-6094
-4055
-4097
-2099
-1037
-3022
-1371
166
-418
-87
-1637
2489
348
-1705
33
2155
2885
1228
1979
1799
6070
4463
4403
4839
3634
3236
5790
3498
3647
4334
-2189
-814
-3708
-3871
-1240
-1304
-136
896
2010
983
1334
3016
6049
1410
-803
-2008
-1031
3640
616
2424
3324
1558
1754
2197
-1579
1918
3149
1159
2010
-741
-2532
-1275
1089
1453
4351
1385
436
-996
-1866
-2685
-2747
-2546
-4824
-4409
-3954
-6308
-6548
-3246
-4551
-4498
-3559
-2316
-3171
-1200
-2676
-1777
-253
-448
590
274
2482
1645
1053
305
2254
2202
793
1830
-14
-1247
2098
130
779
2009
1101
1426
266
3647
3920
4847
2477
3481
6409
5574
6198
3570
6688
2828
458
841
-653
2060
320
884
561
-324
372
529
979
803
1837
2309
-1388
-602
-612
-469
-3243
-4097
854
-1540
-2973
-1648
37
72
-219
879
-1409
-4566
-4085
-2595
-1487
-2303
-1638
-1786
-3287
-4169
-2499
-2733
-3397
-2894
-4045
-4144
-1692
-2188
-3701
-3797
-5263
-3311
-3848
-3593
-5803
-4887
-3711
-1454
-659
-947
-938
-1462
2073
1877
772
412
2686
926
-494
-276
18
-1631
366
1226
-105
-36
2021
2381
3208
5443
3383
1704
1979
4159
5316
6428
6406
8088
6340
4302
1586
852
142
1048
169
-775
-917
2263
1220
-976
1708
4248
6720
5208
4679
1366
2560
1989
2326
-332
-58
-141
-1907
-3375
-690
1992
-3417
-4219
893
2699
-1714
-1776
-1042
2496
497
-3702
-3892
-2852
-1955
-2476
-2958
-3941
-2804
-2616
-4312
-4782
-5204
-5530
-6726
-8714
-4738
-4055
-5499
-4696
-3030
-3267
-5364
-3373
-3106
-438
-1089
-2025
-164
3167
245
162
1106
369
2959
819
415
367
1485
530
2347
1451
2163
3334
4845
4239
5136
6068
6132
6427
6137
7608
6925
8992
9313
6852
1733
1059
-1504
-394
13
502
2006
1877
2789
4977
5755
5052
3209
3299
5365
4011
6503
5201
3790
3109
1354
1100
-1469
-3522
1070
-3870
-5430
-3338
-3233
-1232
-1724
-674
-553
-2316
-3541
-959
-1286
-1142
-3506
-4627
-4308
-3186
-3477
-1940
-2694
-3765
-3095
-5840
-4384
-4736
-4429
-4445
-5988
-5186
-4716
-5571
-4673
-1136
-1239
-3112
-790
512
723
856
-229
890
2259
1890
-1162
-561
1782
510
70
-285
2013
668
952
1286
792
2373
3218
5030
4691
5712
4334
3128
3868
3809
-136
-2646
217
-1186
413
1656
2748
3231
1927
5646
3210
5214
6964
5701
7124
6723
3357
4009
4790
3323
5458
5597
7383
4654
4123
5384
2944
2521
-1238
-3102
133
-1154
1449
824
-2733
1942
849
1328
4083
1932
3164
784
2233
96
-2685
416
-2346
-826
-3213
-2489
-2950
-5237
-5106
-5614
-3838
-5670
-6328
-4083
-2230
-2201
-1534
-230
1873
1928
1409
-31
311
1553
2095
1941
1640
2844
937
2206
2218
1713
1528
2200
2748
2994
2966
3710
4004
5232
6159
2148
2761
-165
-4028
-3231
-3125
-4352
-1011
-2768
-337
799
55
-12
1325
1483
855
2079
639
3859
4338
3270
-117
4793
2232
456
-3490
-1987
-958
-1147
532
-2286
-609
-3703
-3647
-6638
-7652
-4358
-3535
-6403
-3618
-2316
279
-2275
-1994
-3104
-4036
1357
-629
102
-817
-1807
-1107
-1158
-951
-885
-4799
-3200
-2500
-2717
-3967
-3027
-2197
-3057
-523
-3536
-1181
1562
1980
-623
-542
448
38
-1187
-1135
1255
1522
876
498
1155
574
1811
1283
1832
2181
2799
164
3205
5965
3831
2222
722
3336
-45
-977
739
-1265
-2523
-1597
-1823
-1083
349
1137
-376
312
3869
3691
3802
3162
2446
1196
1987
3514
3456
4598
168
-5529
1286
4686
-883
-573
2137
1790
2076
1805
1988
-3918
-7384
-1426
-3503
-3635
-3272
-3615
-2447
3175
1403
-2353
1113
1822
-1138
63
1440
-1755
924
-762
-1336
-1381
-1390
-2775
-1472
-11
893
557
-197
1766
1249
927
1900
1573
2214
2529
-162
1809
1840
3392
2113
1185
1475
2425
4516
2570
4002
4387
5025
6095
6458
6156
4706
3404
3662
4768
1652
-3725
-5489
-3423
-4577
-3323
-2594
-5067
-2811
-1891
-2359
-1141
1415
1597
-2074
-4305
-2789
539
1361
420
1316
738
-3091
-3272
-1073
-1352
655
-375
-2443
-1948
-3406
-4711
-3030
-2135
-3612
-3884
-8777
-12232
-11264
-7856
-5600
-6769
-6808
-9448
-10406
-8187
-9634
-7516
-1888
-4824
-5576
-4304
-4079
-2783
-5245
-4727
-4467
-3461
-4077
-4565
-2724
-926
1949
-290
473
1011
-389
-293
94
208
1667
-194
-2968
818
282
-557
261
378
917
3273
3329
1813
4052
6815
5925
3364
3906
3440
3334
292
-2738
-55
-167
-853
86
-252
1649
1282
-1041
895
2855
3490
3286
1708
915
2512
-1210
-3115
-2072
735
538
-985
1428
-497
1417
-1913
-881
-455
243
833
-2265
749
-1515
-495
94
-208
362
-3512
-5059
-5254
-3861
-2743
-1992
-3503
-6423
-5475
-5874
-5466
-6371
-5312
-4654
-5248
-5374
-3540
-2296
-54
-3004
-3760
-540
-3055
806
1045
1897
1843
1056
815
1236
1278
1384
-402
518
3078
1512
5327
3581
2871
3886
4629
5308
5415
5204
6448
4974
3693
4210
4198
5072
1171
1596
453
-3024
-2369
-1168
-1419
568
723
361
873
2410
3124
4889
5390
8376
7984
3606
4833
3410
2424
854
1223
2008
4765
2346
-2694
-1437
-1401
-2061
-1709
-2715
-2186
-2775
-657
-3583
-2859
737
146
-259
-2141
-3370
-11429
-8318
-3856
-1520
-1567
-1768
951
-1941
-4542
-4033
-6189
-7560
-4622
-6749
-7385
-4320
-1296
-2559
-1969
-1103
-987
934
-232
-590
-938
-278
1907
-141
549
648
310
1275
373
1083
1785
2271
1820
2492
1778
1651
1938
958
3632
4083
339
1490
-711
-1835
-2541
-5186
-2765
-3598
-3318
-2442
-2739
-1996
1461
648
399
3180
2729
1097
-1046
-1021
-2308
-2136
-1745
-619
-303
-992
-2701
-3839
-2488
-4566
-4658
-2122
-1542
-2887
-3668
-3180
-4169
-3051
-2817
-261
-864
-3101
923
-2479
-1756
-2724
-4552
-5535
-10187
-7788
-7330
-6992
-3489
-2038
-5494
-5132
-2732
-5406
-4280
-4602
-3516
-3228
-5185
-2038
-1630
1209
2354
765
-9
1290
3237
-142
-146
1262
-76
-701
-1271
733
520
1026
1796
3024
4701
4157
5132
5678
7046
7455
6081
6049
7228
1505
1726
-836
-2058
818
42
2578
-782
-495
-1920
-3009
-445
1353
1826
-2725
-1618
-209
-1188
-2379
-2005
-472
-785
1477
1387
1230
-69
-779
-5262
-9278
-5661
-2226
-6433
-3581
-2171
-3544
-1426
-3266
-2133
-4689
-4942
-5269
-4272
-5905
-7197
-5330
-6312
-7156
-6280
-7320
-7721
-7426
-8553
-8910
-4154
-4271
-4463
274
-4657
-4459
331
-1361
-2619
-121
2299
3040
3224
2278
189
4011
2295
875
4460
2938
2674
4216
2764
3051
4729
5050
6147
5446
6228
5921
6386
5228
6339
7135
4999
5203
3447
2375
-1806
-1788
2029
-404
152
1386
1434
1617
-330
3777
3401
3403
4542
4064
5495
1946
2055
4021
3125
3018
-3109
-6520
-319
-1711
-530
-360
1921
5878
1620
-115
-1013
-4279
-3985
-1190
-1648
1721
1171
52
114
-1111
-559
-1357
-1434
-742
1208
-1355
-2520
-4071
-7267
-6328
-6369
-4229
-4480
-4574
-2262
-4724
-832
208
-4201
296
2606
4012
3938
2498
1859
3014
4088
3820
4372
5419
6311
5222
4531
3953
5737
4027
2802
5065
5179
6290
6081
4542
8635
7749
7230
8307
6181
1520
355
1705
125
1225
73
1636
4061
3866
2702
3861
5712
6241
946
3801
7368
5430
4050
1493
2975
216
-2685
-319
481
-1040
1845
1417
554
-154
1506
1384
-641
234
-822
1077
1432
-895
-32
-579
-736
945
-1821
-994
-643
-1209
855
2263
-828
-313
1105
-307
1115
-4438
-10872
-9133
-6500
-5139
-1736
-2917
-548
2999
2307
-246
2170
2696
3293
2435
-1780
4414
2868
2166
3759
1724
3221
4037
4601
2798
4687
6356
5216
5101
4452
6646
7443
9919
6153
4269
6181
5738
5920
3325
4595
2963
948
-2219
-1445
2499
2861
2239
1892
3545
5273
4091
3029
5513
5175
6477
5604
3802
3006
1785
-492
-455
1569
1781
421
-2808
-181
215
-2626
-3029
56
648
695
1555
2788
2156
2381
4201
2643
3470
4457
2582
971
2741
2707
1541
-311
1329
2500
3730
1093
-195
864
-3365
-6631
-3186
-88
-869
-566
-2417
3122
2949
3736
5519
4548
121
1520
7481
1954
5185
9237
6639
3702
4511
4788
4830
5639
6845
7025
5124
5480
4384
5245
6790
5930
4944
3206
1695
1921
5432
1812
-1045
2820
1770
801
121
1541
2616
4234
3401
2753
2740
2126
3640
2436
3238
4349
2647
624
-160
-1113
892
-183
-2051
-3186
-1737
-2033
-7544
-6159
-3391
-3437
-2699
-1640
-184
1704
276
1048
1408
2318
-863
-1313
238
-1272
1012
-1123
-2198
-1920
-925
-3700
-3485
-57
-975
1745
-2380
-5410
-5848
-6757
-3694
-4399
-1051
-3498
-2627
1446
4185
3356
468
456
96
2489
280
859
2132
3261
3822
2961
2484
3863
5854
4641
2415
4689
5617
5556
4565
5255
8631
7015
2024
-3056
-153
1275
-4276
-4827
-4625
-2524
-1597
-416
18
-24
2594
-777
164
-844
-508
-1053
-1777
-1155
1145
1995
-812
994
1144
-154
-3390
-3064
-2565
-4130
-4323
-2556
-1235
-2254
-1986
-2242
-1687
901
561
1171
669
-460
141
-126
-779
-1732
-657
1367
53
-577
-2083
220
2333
329
1339
-105
2020
549
3085
3308
1104
-1340
-3727
-1823
-1776
957
705
4686
3273
4362
3908
379
3208
4643
5454
5281
6554
5666
6976
6150
4870
3373
4690
6979
6204
5142
3862
5650
1525
-58
842
2828
-198
718
1926
1956
4005
751
3279
2477
3000
4684
5291
1981
2305
643
-470
1206
145
341
-433
-2492
-3767
-2272
-2475
-2953
-1073
-1317
-5468
-2300
-1887
-3172
-2603
-642
-2565
-2730
-1756
-3033
-3128
-1950
-1214
-2603
-1700
-2080
1827
-437
-2047
-1319
-462
1733
-23
413
-702
-2314
-559
-2154
-1346
658
457
2445
2884
4033
2060
-658
-3696
-5463
-2568
-3676
-1426
88
824
2070
906
-440
-675
7338
5631
1854
6098
8802
6512
7170
8412
8720
8695
7138
5856
5474
4713
3498
2254
611
3591
2362
4149
4767
2204
2419
5661
4889
6091
9190
8529
5936
2521
2920
1762
-2254
-4242
-1709
316
-192
645
258
-2357
-134
-1953
-3645
-2825
-3209
-2058
-1963
-1811
-1112
-2046
-1695
-924
272
-2099
-287
166
11
1442
-1344
-1732
-1635
1181
-477
426
-301
588
2875
313
-703
2104
2254
1067
1757
4195
4549
3480
2801
2135
3607
-1087
-5294
-8669
-1587
-2345
-3086
1514
-418
3302
575
-247
491
4068
5836
2997
5274
8978
10736
6941
4323
5859
4961
3604
2235
1336
2013
1119
721
666
-439
-95
2841
2527
2143
3995
4174
5633
8361
9745
7200
4432
4894
3498
115
271
5466
3856
986
1734
-491
-2675
-1835
-620
-3119
-1211
-2118
-2723
-1459
-5045
-2659
-4332
-6421
-3734
-4588
-2546
-2898
-1920
-500
-2280
-1955
-1076
-2581
-1325
-1246
-1130
235
-2531
-1350
-1616
-1199
127
2853
3234
2762
4588
2587
2263
838
1756
1887
-1496
-266
-2079
-1216
-5514
-6891
-1587
-1504
-164
-1204
1990
90
-1145
1571
2085
2809
5312
4504
2742
2296
-1116
-2210
-1897
-1418
-3970
-1514
-1845
-3212
-985
-1194
-990
713
1332
2958
2839
924
5222
2284
813
1564
1054
2157
1467
1839
-2207
-276
-2543
-5693
-830
-1324
-4550
-3432
-2005
-3095
-904
-3702
-2856
-2981
-2541
-2169
-3405
-916
-1638
-2233
-3861
-3111
-3223
-3153
-2623
-1175
925
1478
919
-137
-1833
619
848
304
1667
3623
1836
1933
3645
3348
5581
2931
4603
5570
4069
2283
3534
2327
4898
2005
-2197
397
-1806
-120
-1658
-732
-1885
-1108
2496
1998
5038
3146
2279
4493
2601
162
2863
3596
2411
1199
-334
2740
2457
2128
-684
-1256
-21
2043
390
1522
2634
590
4696
2998
1591
462
-1422
-2703
-2926
-1394
-1980
-4339
-2903
-3138
-2016
-2356
-2561
-1281
-503
222
-804
-371
-2843
-3774
-4426
-5383
-6658
-4875
-4636
-5653
-5774
-4895
-5491
-2495
-2600
-4474
-832
-2910
-1430
-2974
-3055
-3178
-1629
-527
-347
2510
2954
4294
5293
5444
2258
3107
3293
2275
956
2545
1063
-546
199
1753
1303
-3366
-1298
1270
232
-1235
-152
141
-796
-3393
-2108
1250
2523
1392
1373
3289
4853
2964
3952
4676
1195
1391
521
375
745
962
-2902
-2310
-2130
-1710
637
-817
-4366
-4149
227
-1273
-2804
-892
1325
-2528
-3131
-707
-1199
-2000
-3390
-3907
337
-2233
-2594
-1984
-3638
-2080
-3656
-3528
-4350
-3571
-4942
-4069
-6715
-5798
-4588
-4092
-6735
-7280
-4805
-6599
-5273
-3547
-2180
-2209
-1152
-4325
-1469
-2114
-1533
-9
1658
1909
185
1626
670
2205
2278
3180
1992
500
2563
2487
1825
449
488
1356
1028
3
217
284
-340
1887
-1197
-1878
1492
965
-1791
3728
4384
4339
3742
3206
3716
1864
1856
-1307
-3794
-5642
-2164
-1809
-2007
1424
936
-3065
-2211
-3151
-899
-1971
-3497
-3876
-2042
-495
-3552
-2248
-39
70
-5655
-3849
-3163
-3041
-2133
-4280
-3698
-2866
-3793
-5325
-3354
-3195
-4010
-4001
-3813
-2338
-4294
-4091
-5905
-5254
-4738
-8725
-7250
-7125
-6479
-3887
-6765
-6122
-3874
-5004
-2750
-4913
-3531
-2228
-2500
-4274
-3243
-1284
-2016
-1139
-2342
-983
-744
957
-360
251
2045
-280
-1707
-1618
-1165
-801
-2756
-1934
-142
-1694
-682
-1281
-199
-3444
-5891
-8201
-9364
-5959
-5865
-4362
-3053
-4494
-5898
-1342
-3045
-3838
-3117
-107
-3489
-3003
1880
-3582
-2241
393
1040
-2882
118
-769
-213
674
2016
3631
-19
-1459
-1393
-3532
-5025
-5268
-5664
-1318
-4893
-3882
-2086
-972
-3361
-4932
-3400
-4606
-2671
-4065
-4289
-2039
-3115
-4390
-4152
-4521
-3995
-4085
-4230
-3526
-3006
-2631
-2855
-1367
1097
1871
-131
-1477
776
2635
2425
1848
755
604
2890
-244
340
2425
2628
698
37
1539
1216
2211
-261
-600
2718
2723
-381
3225
-408
-305
-350
-2595
-2035
-3977
-2169
-1393
-1680
-5091
-2232
-3459
-3632
-2382
-1791
-3602
-5119
-2820
-2184
-1917
-250
758
-2017
-2576
-5140
-4642
-4904
-4827
-3318
-693
-816
-1858
-1476
-3631
-3656
-4197
-123
-1894
-4267
-2716
-3871
-1790
-1573
42
159
1347
3017
-503
144
653
-1505
-2798
-4532
-4680
-4730
-3823
-6976
-4211
-4953
-6644
-1961
-1804
1369
1460
2748
-108
583
3588
493
929
2180
2133
1300
-304
1043
1651
927
2156
1134
2081
1575
2159
1146
999
2497
-852
-637
-1683
1437
527
46
-767
-2639
304
-2558
-2010
-4040
-7633
-6827
-5737
-6974
-5223
-8570
-7609
-1865
-7529
-6908
-1618
-4191
-3158
-946
-3850
-6044
-3536
-2759
-2096
298
-1171
-526
-613
-4341
-3630
-1673
-5608
-4710
-2119
-2486
-2845
-2625
-5581
-2584
1541
200
-1387
-1228
-225
-977
-1418
-482
-1142
-1459
-1
-918
-840
-2547
1215
-969
-2645
-661
-573
-1995
217
2938
1451
4091
2898
4343
4779
5891
5604
5914
4870
7613
6419
1837
5184
2804
5159
4232
6012
6518
6186
8421
5944
8987
7500
7904
8072
4898
5629
6440
6228
3385
3539
4968
757
856
-1572
-5338
-6292
-5747
-3377
-5744
-6155
-5811
-1464
3466
2374
-26
2414
2095
503
1628
459
1
-2459
-2124
176
-603
-771
-1264
-1845
-3414
-3547
-2945
-3699
-4093
-4785
-2536
-2453
-4791
-3561
-4014
-2242
-839
-2355
-1485
-3207
-1105
-1274
-3763
-3118
-1729
-2171
-2109
-2562
-1169
-1376
-1056
1420
4
1218
433
778
-200
1943
-88
-223
1592
1458
2759
2585
4036
3019
3172
2503
2983
3202
4616
6115
3350
3566
4369
2988
5229
5510
5888
6044
8149
6210
4986
5943
4569
3549
1737
2761
441
-787
-6099
-7794
-5986
-6667
-3679
-1850
-3396
-1362
85
2548
1687
-511
3214
2320
1989
50
2495
3594
1126
1394
-2166
-3634
-2563
-2695
-1293
-778
-797
-665
-1195
-780
-1496
-1678
157
1077
-316
-1757
-1273
-486
-390
-1219
-1826
-162
1023
-585
-403
1285
320
911
197
1525
3864
3406
636
603
2204
2387
1695
3143
3461
2481
4299
3743
5981
4408
3484
3535
3646
5527
5552
3874
4384
6699
7462
5682
4846
6183
7100
7335
9113
8448
8896
8972
5220
5725
1104
336
137
355
-24
1802
167
-2726
-1157
-4270
-1534
-1319
915
-1094
-1696
1361
2641
4280
1551
3420
1812
3296
7599
1931
-1195
3647
3609
882
2185
2418
372
-2629
-3382
-2655
-2522
-1408
-1151
-1762
-1576
-462
-1327
-2946
-384
-667
-3328
-1218
-245
-3148
-3090
-2432
-1126
116
1679
1891
2206
4603
2334
2240
556
1694
1268
-236
198
-817
3148
3149
2379
2902
2062
1803
2030
1604
2097
115
-259
2223
2387
2024
3328
2948
3375
4452
3434
5040
4692
5089
3234
98
1066
1307
526
-1127
-710
-1605
-3286
75
517
-1310
-3033
-1443
-4967
-7312
-6661
-9458
-6682
-4933
-2433
589
-1177
-3401
-1378
-3495
-4255
475
567
-4531
-3094
-1824
-1118
-1399
196
2574
-153
629
-480
1468
-83
1009
17
-1019
2614
3084
988
711
1263
94
1279
-1396
242
812
4037
4758
1419
1992
3982
4744
1624
3349
4941
4537
2585
3928
3749
2350
2926
2411
3555
4717
3111
2752
5712
5769
4596
5179
5531
3683
5093
5794
8200
7272
5454
6208
5066
3707
3798
6220
5818
4623
1047
378
-363
-1824
76
-1325
-3911
-2684
-1568
-1090
-152
-3760
-4396
-5367
-6500
-4547
-4359
-3542
-5670
-4714
-5143
-5214
-5434
-4053
-3946
-4231
-1340
-2521
-1531
-2108
-2023
-3147
-2413
-5593
-5400
-2806
-4711
-2520
-3718
-1915
-1013
-2665
-4217
-4056
-3052
-2371
-3415
-3658
-1551
-1436
-2087
-1950
422
1732
3628
1102
2116
5566
4812
2140
2955
5483
4874
3579
2765
5556
4192
2452
2939
3135
3677
2294
3083
1325
3563
4643
746
2720
5740
9199
6075
7508
6602
5505
7284
5495
5370
4644
3525
183
-1376
27
740
405
321
-1914
248
-2181
-4297
-1678
-249
-454
-2790
-3355
-4563
-7359
-8752
-8515
-9562
-9073
-6380
-8486
-9310
-8690
-6184
-4020
-5311
-6195
-5476
-890
-4451
-3879
-1705
-3305
-4709
-3853
-2595
-2615
-2961
-5373
-3479
-3458
-3229
-4744
-3406
-3331
-4075
-2233
-2891
-2375
-1529
880
2461
3228
2872
3180
1643
2452
2068
3028
4552
3604
3773
3677
5640
3140
3720
3698
4418
3739
2082
3728
4433
3446
2075
3507
5891
8467
5948
6964
9609
10085
10593
6188
5458
7141
3108
-745
-612
1120
1733
2517
4232
2919
3953
3499
3061
2494
2848
1926
-1194
2925
2183
909
-5650
-8293
-5763
-4995
-7429
-7977
-8331
-7248
-3113
-4195
-2151
-4017
-2955
-6164
-6405
-1696
1587
-762
-2447
-1345
-2914
-2454
-5096
-4311
-4249
-5071
-5313
-4594
-3030
-4238
-2802
-4185
-3777
1023
826
182
575
2616
937
1612
817
453
2371
2503
6327
6353
4449
3579
4633
3356
3614
4671
2842
3739
2464
2050
3082
3494
3053
3817
5322
5549
6054
5103
5600
7032
7201
5154
6698
4594
2202
-891
-595
2555
1710
2594
1223
730
531
-800
-260
5805
4392
899
-949
-636
2426
288
-853
-639
-840
-737
-2642
-7852
-8062
-3993
-7174
-8901
-6787
-7451
-9613
-6370
-2995
-2129
-2443
-4915
-1530
2279
-186
-6244
-1173
-720
-4126
-2827
-3590
-2341
-2249
-2332
-739
-1603
-1995
-273
-482
-1609
-295
2320
1554
2917
686
1243
5265
3873
2626
3803
3752
4273
2610
3383
5262
1982
3836
3337
3826
4014
1651
2833
4441
3259
3030
3198
3603
5050
4559
7412
6082
4493
4725
3593
736
-1024
-1336
-1215
-425
-2267
-26
26
-1171
-66
2030
1856
784
1845
381
-2099
-949
498
-1445
47
-4032
-4812
-2907
-3050
-3564
-6568
-4015
-9723
-9668
-8282
-8409
-6643
-8976
-7649
-8140
-6663
-5757
-4697
-4444
-1105
409
-1318
743
-397
-1021
-365
-2411
-4032
-3228
-5052
-3274
-3348
-3865
-1503
-2169
1350
1711
1105
-817
807
1719
1413
2895
1896
642
778
2212
2493
4550
2560
4136
4735
4633
4082
4322
2500
3848
6096
2789
5173
2727
3354
4618
4778
4424
5089
1717
-635
391
-2309
-625
-2582
-3291
-4239
-4489
-4411
-3611
-3412
-2708
-3493
-2875
-1472
-3299
-1847
-2669
-2640
-3845
-3708
-3386
-2173
-2400
-4464
-4466
-5839
-8543
-7711
-13680
-15183
-7956
-9702
-10447
-9534
-8371
-11819
-13409
-11584
-10415
-7877
-8383
-6548
-4271
-6258
-5663
-5053
-6514
-5223
-5261
-9063
-5181
-791
-2460
-1341
-545
-636
10
1851
1282
909
2554
3653
1708
786
4984
6008
3786
4997
6156
6522
5931
4759
3417
3774
3564
2995
3744
3619
5773
3804
4801
4701
4520
7117
5666
4625
3527
5391
5387
3395
3744
1786
933
-897
-183
-232
-2137
246
-3301
-1607
-2567
-4002
-2283
-2896
-2167
-3307
-1053
1461
-2512
-3214
-1249
-3964
-3432
-3542
-4613
-4493
-2634
-5409
-4390
-6914
-11077
-9826
-8244
-7906
-7853
-5624
-6308
-8753
-11154
-7181
-6617
-6410
-7175
-7178
-7121
-5844
-6712
-7508
-5407
-6321
-4728
-4489
-4204
-3107
-1319
-1293
-848
-1007
-1586
-1992
-1700
-2465
-469
2694
-231
767
2718
2824
2767
2233
2374
2634
2188
678
2601
1592
1118
1432
2348
4053
3016
703
1764
3807
1552
3623
3054
2286
5331
3341
499
186
3265
2732
-2054
-1155
-2411
-1485
-3124
-4769
-4991
-3398
-2944
-1384
-1662
-4265
-156
-4518
-1706
-926
-5614
-8287
-7583
-7421
-7296
-7578
-8110
-5744
-7556
-4791
-7743
-11556
-12467
-9697
-8595
-12453
-8075
-6521
-5674
-6331
-8812
-7507
-8630
-6288
-2998
-1701
-4525
-6794
-1594
-1314
-2444
-2866
-3034
-1705
-347
459
-1373
860
830
862
2514
2384
1400
2642
3999
2629
2510
3217
4306
4436
5045
3929
5532
3239
2426
4553
3759
5063
4335
3947
5160
6643
3222
2270
1532
1784
2280
759
1869
1879
886
313
-351
2037
3588
263
402
-791
495
-2312
-2575
-479
-447
-56
-1137
-2945
-4714
-1879
1963
2723
3471
5773
3973
420
-3893
1406
990
-219
-2390
-2613
-2809
-3221
-7561
-11185
-3834
-6413
-4662
-5076
-3006
-7462
-7905
-6232
-5485
-3980
-5211
-2243
-2414
1324
837
1519
59
1725
2729
741
880
-1045
118
1121
947
2092
2581
3318
3635
3120
5256
3995
2751
5193
3037
3963
4137
3254
4052
2566
3830
4472
4516
5276
6813
6906
5937
5045
5090
2876
2494
1517
1249
853
196
3044
1430
214
1603
1605
-1587
-2161
-1930
-2406
-495
-1023
-2177
-699
-1044
-871
-380
-444
-1934
-4528
-3365
-3254
-1655
-812
-3024
-1415
-3035
-1398
-1125
-5768
-1616
-8
-3235
-4523
-5789
-8366
-9051
-10630
-8457
-5250
-4607
-4464
-4259
-4599
-6238
-4112
-2052
297
-1132
122
1895
3839
3736
884
609
1441
4043
5547
4788
2830
5128
6211
6451
4764
4149
5281
5153
4583
4781
5816
5544
6254
6202
6497
7630
7187
7592
7149
9152
8619
6479
7425
4826
4792
5034
4011
947
-566
1259
2192
-933
-967
2412
1853
-70
-145
1439
2440
1017
-1335
-1280
-1062
-1329
-2037
-26
-2014
-726
-238
-1806
-30
-101
1242
-525
-740
146
-761
-2170
-1325
-2386
-2924
-357
-2580
-1670
-1498
-2641
-3832
-8633
-7056
-6661
-8927
-5811
-6028
-8105
-9277
-7169
-6722
-7407
-5752
-4639
1110
2069
3704
1986
892
2783
2305
1994
3181
4873
2325
5053
5706
2137
2479
5641
5572
5785
5471
5230
5591
2670
2936
4900
5012
4544
6670
8780
8225
4983
6440
10305
7664
6191
886
1782
1799
-1673
-106
502
-327
185
-584
-1175
3945
260
-33
843
283
1893
2498
1333
1828
1218
1298
-2591
-4379
-2261
-3738
-1279
-2957
-1221
-1821
-3574
-2514
-3287
-3740
-1271
-1879
-3646
-2712
-2540
-4371
-2443
-2668
-4879
-4189
-5962
-8126
-7547
-8198
-8452
-3719
-6058
-4759
-3258
-6533
-5390
-5194
-4748
-1400
1831
2450
2733
3429
3956
5959
3465
4245
5293
2895
5679
7568
5301
3855
6150
5761
3820
4663
5341
7707
7043
5363
5399
7222
10512
8239
8890
9154
10115
9002
7861
7029
8696
8569
6579
5913
6211
7051
3708
1962
1434
1829
1361
3711
362
4377
5305
1362
1222
2904
4577
731
-718
527
1105
-1079
-2644
-1658
2889
881
-1110
-941
-859
-796
-84
-768
869
512
-1710
1299
-786
-1961
371
-1205
-1523
-976
-4333
-6528
-10972
-8059
-4745
-7916
-7941
-5514
-3635
-4653
-7290
-5636
-2856
-803
263
675
2500
-316
1040
4325
4757
1316
-3306
-1614
4001
2882
190
1413
2538
2195
1576
108
-291
1424
1182
1581
2761
3686
5134
5326
5546
6139
4114
5957
4609
2772
1615
1205
-833
-446
790
-490
-125
-1794
-118
-1617
-1647
875
1788
121
960
-147
2004
3943
3099
3927
1172
738
-3261
-1055
1262
-1277
-50
-319
-2128
-2442
-4053
-2376
-833
-1451
-944
-2209
-2125
-2137
-2451
-2798
-2495
-2278
-2183
-1332
-3798
-5132
-3832
-5567
-6380
-6869
-2264
-5368
-5267
-1919
-4620
499
294
-2272
-1119
1139
1407
813
-260
-210
1973
2767
2479
216
-1973
2497
4952
2671
2793
2976
2515
3744
4020
4407
4218
3337
3983
3987
3970
5578
5720
1686
962
1565
-1094
-2125
-1531
-478
-13
-55
-302
-2400
-2111
-3297
-2161
-107
-85
-336
-93
-950
-1480
36
-747
-2080
-1051
402
-1963
-1245
-2188
-2623
-1491
-4260
-3076
-2289
-3075
-3571
-3725
-1615
-2177
-1900
-2037
-1059
-475
147
772
28
1117
816
-1432
-1808
-416
-1305
-2218
-3618
-6373
-4161
-590
-682
26
-762
-1406
-1655
-363
-476
476
246
1755
1754
1707
503
2156
5566
4687
3530
-1094
2299
4178
1590
1448
1833
1784
4258
2618
2887
644
1903
2422
917
4295
5224
5762
5078
4019
-1878
-4752
-2959
-1989
-880
2501
1999
129
560
1463
-1085
-4160
-1034
1295
-1129
-1620
-1452
-106
823
3278
-382
990
-1252
-6172
-3376
-2983
-3658
-4394
-3054
-6454
-2552
-3102
-3494
-3670
-3000
-2741
-3395
-3981
-3732
-2501
-4336
-4049
-2165
-1063
-3815
-1775
-2870
-2138
-1399
-2570
-2424
-4522
-6698
-6398
-6137
-3418
-3138
-3169
-12
-1735
-993
2454
2388
674
1602
840
3169
5172
1656
1563
6107
5014
2716
4819
6137
6557
3382
5191
5673
5258
7084
5611
5986
6364
7015
5278
4343
5100
4443
463
-1158
-1099
584
2258
-955
629
-545
-238
-1778
-2061
698
894
-29
150
2973
3620
3071
-1013
1311
543
-43
-1672
457
2203
1877
2903
179
866
-675
-2096
-4255
-1245
-75
-452
-1988
-2955
-340
1374
-287
-348
-362
-838
-312
-2053
-2104
-380
-2565
-3419
-524
286
1165
564
390
-3585
-1463
-2707
-3934
903
1536
1846
-1326
844
2868
-1773
-3820
-617
3927
4643
3475
3632
5087
2099
1241
5046
5952
3837
3188
3399
4113
6533
5480
4776
5800
5823
5105
7738
7030
5575
5744
2981
-568
225
1630
3354
2149
232
2218
1824
1990
1944
2026
1497
1373
1131
1130
1680
1486
-1272
1111
2220
1431
-85
0
1836
-175
-927
-4047
-4982
-3069
-1115
-285
1290
53
267
144
-534
-776
-1034
213
-719
-401
-3073
-3365
-616
-988
-1929
-1331
-1527
-2183
-1470
-1016
-271
-431
755
-198
-4540
-3852
-3892
-4879
-1524
-406
1034
554
-1665
1379
1135
-223
-986
-686
1246
474
-180
956
2054
1107
2815
5138
4924
5067
5725
6889
5045
4708
3540
2154
1927
405
887
-382
2156
2112
-224
540
414
1483
-578
323
737
-677
348
-1144
193
-864
21
382
-62
2977
2894
-354
-479
-187
-1048
-517
-1864
-1315
-2079
-943
-1918
-3082
-616
-1338
-3486
-2119
-1850
-1995
-866
-1541
-819
-1320
-1593
-2656
-1222
-1099
-2698
-2973
-2314
1108
-940
-729
-1124
777
2179
-768
-1246
-1734
-4073
-5802
-3941
-1803
-1837
-2650
-1810
-1777
-648
-440
829
970
764
585
2305
-1034
769
3229
439
2345
3753
2009
-169
2806
2512
4042
3938
3716
3715
2417
-132
1313
383
-2037
-1260
-4036
-5028
-2041
78
-3318
-1278
-2190
803
1606
-2237
357
-543
1071
-517
-1409
-380
-2870
-2305
-3061
-3175
-1919
-1303
-3046
-2490
1028
-147
-1134
-2614
-1934
-2125
-3141
-1961
-2991
-1132
494
749
784
824
1796
-132
-947
1350
1936
1084
1109
-202
823
2619
740
1580
2440
572
1955
2021
957
1201
-2644
-4079
-2697
-603
1655
662
-308
-133
743
660
2573
2412
-21
2320
3288
1225
-811
3408
1505
3046
5898
4220
6543
3405
3953
6447
5548
-549
-2044
-3167
-518
1031
-961
-1709
-1046
664
-1236
-1043
-96
-1126
-1900
-2821
-3334
40
-3539
-2034
-3689
-3525
-3174
-4221
-3232
-5853
-420
-3499
-5839
-1018
-647
-2451
-3883
-3071
-1856
-3868
-2170
-1796
-496
930
-1848
-2538
-2830
-365
-2431
-3224
-2674
-2299
-1368
-1689
-1347
-716
934
-303
25
1752
3257
3330
2702
710
1885
2121
59
-619
-2181
-2333
-182
1401
829
1948
2150
206
1054
3071
1527
2104
2911
3384
3547
4602
5510
5288
6398
7241
8128
6410
6663
4205
-534
2834
4016
3141
-852
-1839
2118
861
-1358
-261
901
-1414
-1083
-279
1327
-844
-28
2307
2032
3428
2671
956
-144
439
-1726
-2557
-810
-2028
-4559
-3197
-3972
-5870
-3870
-3941
-1315
614
-808
-634
-2767
-3652
-1774
-2941
-4250
-1337
-445
-1075
-1859
-549
1224
1571
2201
1610
3035
2617
1479
2239
2899
3626
3764
2667
3114
3203
3050
1592
1673
3216
2809
520
-2314
-159
-1124
-2515
-1955
-1816
-526
732
972
780
1933
2572
4936
6060
6215
5227
6742
7702
6762
9419
7014
4476
3106
3319
2945
1131
707
3168
5286
3814
2256
2265
3977
2661
3896
3359
3071
3908
2820
3385
1005
492
687
377
-1814
130
1521
1861
1202
-1691
2169
-1939
-3923
-5451
-2240
342
1354
2719
922
2675
354
3252
2913
3607
1799
425
-388
164
3142
1171
175
90
2097
3873
2946
2469
4634
5128
5233
2454
5358
5378
3565
5009
3858
5376
5878
2223
-331
2959
2085
1244
940
-842
-259
-167
-408
794
3610
1684
893
2860
4720
4645
-129
2100
5991
5997
5735
3908
4393
2683
2011
-615
-415
1119
-5143
-3101
280
10
-3707
-1514
740
736
3540
1149
2475
3417
6686
6188
3437
3404
4158
2050
-6
1742
-3289
-3842
-3315
-3863
-5686
-4088
-4064
-5164
-2735
-3808
-1174
-2261
-1183
-806
1985
-1394
-2459
38
933
1598
-515
1397
2051
3992
1401
3734
3028
3748
4127
4609
4293
4016
3445
2460
3681
5196
4014
3549
6125
642
3296
1425
1025
1072
-983
-1110
-2323
-3909
-3129
-2239
-577
1892
1193
-255
-591
2329
2757
4739
3663
5102
2868
3004
1723
3070
3630
-1397
106
1020
-1194
-5151
-2335
-4074
-4356
415
1159
-1877
-178
2394
2058
-2115
123
2811
-2879
-1201
3368
2977
-74
-268
-1713
-1688
-4371
-5973
-5451
-3371
-3760
-5257
-3172
-5248
-2510
-574
-358
1641
1872
1769
1116
216
-697
487
-789
485
1394
998
-676
-213
1641
1367
4374
2919
3844
5976
5893
4593
4060
4043
3450
3676
4020
3270
3851
4638
3786
3689
3257
3171
1895
-921
-2328
-2452
-2785
-1012
6
38
-41
1207
1200
1240
3023
4412
4932
4844
3467
4903
6536
2371
3543
133
-1454
1182
-2369
-3438
-3476
-6012
-6471
-8329
-7608
-1187
-2936
-3246
-2316
-1781
-2364
264
2406
379
-897
-2528
387
-167
-206
-3394
-1205
464
-4727
-2175
-4515
-5210
-3358
-7163
-6575
-2953
-3551
-4180
-3326
-2263
-468
-1865
-4656
-3947
-2744
-582
-2847
-3625
-1911
1395
3738
-702
2116
2644
3681
3666
2543
3511
3933
5198
4567
4884
4395
3278
3732
3297
3458
5488
238
-650
2367
-1439
-2464
-645
-3278
-3357
-1518
-1511
-1643
177
2162
1870
581
429
3236
-867
1642
4279
-658
-1885
-2402
-949
-2568
-1450
-3265
-3236
-2241
-4228
-6294
-8021
-7385
-5249
-2716
-4525
-3308
-3628
-5892
-9389
-5922
-2936
-3992
-4437
-1873
-3139
-5816
-5373
-6192
-5939
-7866
-5484
-5938
-6200
-6357
-4285
-5621
-5350
-5057
-2876
-2262
-4184
-2651
-2781
-2683
-4574
-3050
-5698
-503
-1370
-3567
-693
610
3379
2408
1292
2096
2877
810
1984
1669
3009
3029
1259
2552
3780
4192
3200
661
4005
3871
975
776
-1283
181
-2957
-3116
-4032
-2109
448
-63
1998
2773
3146
1581
2640
-6
2204
1587
-1511
-1150
-494
-3021
-4117
-2845
-3017
-3598
-4738
-5425
-5494
-4045
-4400
-6402
-7596
-5173
-4103
-858
-1528
-3212
-3812
-3542
-5022
-3716
-3888
-5272
-5878
-3255
-2553
-4458
-3878
-5127
-6483
-8061
-6570
-8774
-6929
-7879
-7282
-6733
-6813
-4088
-3903
-3583
-3752
-1654
-1318
-1375
-2624
-1691
-487
-857
909
973
4141
2085
538
3020
2193
2659
3935
3785
2391
2647
3690
2270
572
1935
565
773
31
-73
1066
-210
-845
-3452
-4255
-5956
-7441
-6407
-5824
-2417
-1450
-1104
148
-1666
-1675
-716
-3396
-2987
-5093
-5896
-1611
-3290
-5139
-3387
-2746
-5160
-4981
-2968
-2956
-4521
-566
-3006
-2967
-3438
-3972
-2895
-6455
-3966
-5768
-3175
-4713
-7393
-6808
-4514
-204
-4480
-6163
-2262
-2421
-2196
-2386
-637
-1501
-2739
-1883
-2711
-3274
-4250
-4918
-4710
-2147
-4865
-3404
-2651
-864
616
-40
1030
3503
3620
3168
3859
1963
2571
4707
4078
4026
5879
5422
6892
7050
6156
6378
6742
3302
4848
3585
2937
2678
2203
3800
3747
2144
832
3189
-445
-3181
-2171
-1465
-833
1066
1280
1708
215
1517
946
162
-1241
-662
4
365
-32
-1873
-1213
-4354
-3179
-4858
-1760
-1060
-1717
-1363
-2396
-3736
-5998
-6253
-6442
-5539
-8050
-4700
-3423
-4734
-3735
-4202
-2847
-3271
-1957
563
-2055
-1245
-1126
-512
-121
-991
883
770
-455
501
-1130
-1368
660
-974
-1295
-1172
3562
3936
3153
2380
3932
5705
2832
4180
5969
5801
6159
5741
6691
8013
6586
7634
7838
7927
5526
5894
7550
7895
8363
6204
6322
6353
5250
5603
4895
3660
3382
2899
2596
531
-556
-523
-1279
-3090
-2413
-2815
-1495
-2522
-2995
-3024
-3492
-663
-2956
-3059
-4712
-2856
-3451
-3383
-1424
-1718
-616
-2064
-2972
-2370
-2143
-3216
-5184
-6462
-6772
-5454
-2182
-5248
-5698
-5226
-3131
-4544
-6532
-3423
-6762
-6473
-1504
-433
-3496
-926
-1204
-2885
-839
-2575
-2636
-2299
-1367
-2578
-1606
-1408
1605
1629
101
5779
5878
6895
5422
5594
6191
9060
10264
8204
9867
9754
9168
7791
8192
7850
8627
6732
7690
9407
8218
7533
7592
9127
7274
6740
5530
6225
6714
6262
5185
5503
6260
2215
2006
2974
2824
5015
4462
283
2660
2330
-2242
-3960
-5171
-3262
-1879
-3167
-1773
1113
1609
1068
1141
2867
581
-2960
-3297
-1880
-2123
-4052
-4492
-3497
-5528
-5352
-3659
-2824
-2879
-4990
-2898
-3573
-1400
-1688
-2665
-2474
-6663
-4648
-1752
516
155
1047
-914
-3447
-2691
-274
-64
-1696
142
947
2649
4749
6010
3157
5465
5597
4008
5035
6254
6174
7840
7844
7524
10176
9441
8838
7801
9081
8608
9024
7279
5605
6180
7471
8059
6380
6874
9561
6736
5910
9167
9672
7396
5553
5584
6947
2123
-3210
-695
-3093
-2965
-1350
-1339
659
-265
-4031
-3281
-3672
-3150
-1988
-1074
-2719
-1710
-1579
-3085
-2425
-2112
-2390
-3818
-437
-4900
-2860
-224
-5598
-7200
-2610
-2351
-3955
-3745
-4718
-1247
-1837
-5107
-3843
-1917
-1799
-3769
-4181
-1921
-3234
-1219
-1716
-3412
-1700
-956
-3856
-2258
-1279
-1008
-791
-1432
3204
3102
2612
2933
2846
3493
3831
1725
3927
5755
5169
4548
5969
6757
5968
5844
5641
5890
6394
6764
3591
4924
5102
5675
5271
4766
7513
6068
3820
4332
5855
5126
3964
1302
996
-1731
-7077
-5016
-3615
-4023
-4238
-4384
-7860
-5785
-4295
-5628
-4289
-3995
-3970
-5261
755
821
1808
2758
1037
346
-2783
-7409
-7425
-3813
-6361
-6412
-5981
-5752
-6532
-3467
-2833
-6580
-6108
-6292
-4198
-3319
-5440
-6763
-4502
-4528
-6983
-5676
-4635
-1283
-1499
-2651
-2070
-1898
-1297
-454
-1821
-1274
765
951
1492
2738
4051
3227
5921
4365
5077
6189
6350
3952
4055
6791
4984
4501
4374
6760
5519
7091
5660
6346
7693
4756
4775
6037
5319
4211
5089
5524
5190
4275
4868
4150
3397
335
-3193
-4945
-5313
-7699
-9564
-9274
-7971
-7843
-6760
-6804
-7274
-7225
-5854
-4601
-4672
-3133
-4546
-5650
-4974
-4785
-5055
-3180
-4978
-3405
-2997
-2582
-3062
-3982
-4044
-6713
-6266
-6008
-7004
-7228
-5363
-3537
-3224
-3160
-335
-3601
-2701
189
-2758
-4301
-3756
-2028
-3435
-3759
-1505
-2557
-2102
-102
837
3261
936
-471
1108
2978
4037
3399
5232
7644
6699
3981
6103
6028
6720
7038
6333
7106
6957
6633
5258
5085
5225
6654
5703
5218
6924
7642
4470
5923
8306
7393
4279
1608
1861
2215
-724
-3186
-1445
-4395
-6670
-6607
-6789
-6143
-6304
-7300
-7238
-6795
-8558
-7982
-3636
-4968
-2541
-735
-4991
-2287
-1903
-3005
-5399
-4489
-1386
-6203
-6206
-6827
-6215
-6777
-6822
-5817
-3903
-3624
-4291
-3937
-7319
-5598
-7652
-7635
-7360
-5462
-2475
-4502
-4212
-2701
-2881
-3299
-4908
-398
2237
-1183
569
2614
3417
1878
962
2504
5643
9279
8394
9544
11026
11267
11921
9910
8412
6677
7944
8482
8000
5545
6021
8763
6915
6114
5906
7975
11371
9023
7947
7782
7277
8286
7524
8774
6615
6588
3827
2096
4748
1244
-705
-2117
-2695
-5798
-7928
-7211
-7430
-6949
-6576
-8715
-5287
-2414
-5396
-5476
-6082
-4060
-6946
-8976
-8255
-6027
-4122
-4442
-5106
-5873
-4612
-4329
-6217
-6577
-4949
-6442
-7049
-7102
-4876
-4943
-3738
-6853
-6949
-4648
-5294
-8322
-10713
-5628
-5757
-3953
-5213
-3749
-1917
-4060
-2952
-3236
1140
3572
-1823
1139
6513
4107
1594
3240
6459
5805
5900
7131
7530
8215
9199
8550
7682
7652
5521
5741
6494
6409
7702
6764
6599
7681
8400
9137
9041
9678
9619
6953
7769
9623
5910
3022
4661
2379
251
219
418
-1614
-2789
-5094
-6111
-3445
-3820
-484
-1916
-1932
-1047
-3609
-3732
-3293
-311
60
-622
-1992
-2898
-3675
-6283
-5747
-5769
-3868
-3076
-4086
-5451
-5150
-5413
-7200
-4933
-4793
-6852
-7366
-6177
-6097
-6508
-6320
-5813
-4050
-5233
-4505
-4437
-5641
-1844
-980
749
633
-817
616
676
150
1971
3034
2641
2886
4204
4786
3529
3224
5605
6127
5336
6636
5109
5586
6313
4667
4590
5839
6003
5294
5752
8053
10033
6807
8877
10511
5987
5962
5595
3551
1091
3076
1060
-1826
-1048
-432
-1197
-4857
-3807
-3444
-3214
-4993
-7404
-6535
-5454
-4647
-3193
-4058
-6893
-5866
-4573
-4403
-2889
-3624
-7250
-8075
-7981
-7002
-5206
-4784
-6811
-6425
-5907
-6099
-6314
-5911
-3409
-7111
-6325
-4108
-5764
-6066
-5715
-7406
-7635
-6401
-7270
-7448
-6059
-3667
-3594
-3703
-4010
355
1108
14
1772
316
195
226
1269
80
3622
4361
257
4144
7261
5213
3135
6124
5543
4167
3071
2614
4186
5587
4464
765
3350
6137
6126
4928
6279
7817
7158
5782
7193
6641
6638
4790
273
4769
770
-168
2620
833
1630
293
-575
-3486
-3822
-5741
-5016
-2375
775
2801
-748
-2518
-3534
-2475
-4542
-2031
-526
-2144
553
39
-1185
509
-1829
-3054
111
-2082
-1808
-2457
-1660
-1519
-648
-1315
-3780
-2549
-4092
-1268
-3238
-4996
-2742
-2294
-2518
-1695
558
1724
1973
3138
4544
5619
5829
2841
4756
8096
9578
7427
6921
7662
7256
6338
3443
6794
7353
9146
12141
10204
11281
10236
8751
9666
7849
8193
9912
8335
6463
9381
10535
9339
9264
7849
8741
9222
7443
7923
7925
5869
6180
5868
4761
3395
3788
2778
1074
400
-415
-1986
-4217
-5284
-5672
-4244
-6967
-7904
-5053
-4645
-5613
-4538
-3628
-3313
-4118
-6049
-3061
-4050
-5654
-5695
-5458
-4273
-1260
-194
671
1197
-1312
402
555
594
-2759
-3088
-4577
-3760
-3772
-6242
-4141
-4685
-3492
-1523
-467
-963
3067
3735
1945
2971
5008
7226
6367
5389
6739
9280
8159
8226
8540
5548
8122
7753
6617
8803
9005
9970
10343
9191
8351
9608
7009
9264
10668
7843
9671
10647
8560
8569
9944
8610
8661
7927
8186
7333
6668
6597
5095
7476
5160
3470
6006
5860
4649
2183
1493
266
-29
-1650
-4375
-4514
-3550
-1485
-4554
-5688
-1012
-3185
-3252
-2999
-3870
-2455
-4001
-4817
-4899
-4350
-4884
-5703
-5146
-4441
-4653
-7447
-10233
-5803
-5327
-8365
-7374
-4226
-5700
-5080
-4784
-5660
-4359
-3653
-4020
-2750
-409
-926
289
-181
1934
864
611
1160
2892
3924
3965
3823
2355
1893
2563
2746
2409
1402
2604
3141
3534
6646
9026
10212
7852
10750
9627
6169
5534
7804
8273
8434
6135
5709
7606
5297
3357
4405
6090
3134
2016
723
1314
246
1439
1140
1515
2719
2890
1862
-224
-435
-5507
-7380
-8919
-7913
-7826
-5578
-6240
-7377
-7764
-8739
-7348
-8220
-6346
-8431
-10278
-10916
-5270
-6323
-6096
-3906
-4964
-4496
-6039
-7621
-8738
-7244
-9258
-8414
-9702
-10670
-10588
-9916
-8361
-5759
-5473
-6542
-4315
-3312
-4598
-4315
-1880
-3321
-2493
-560
-1229
-1924
-1535
1599
898
929
1863
1950
614
-460
957
-1400
620
951
-1444
-1102
905
4638
5335
3393
5010
3790
3583
1156
228
4076
4373
1937
-493
1459
3474
2786
2333
7028
2351
3717
1780
-2325
-733
1512
4407
4286
6453
3177
2578
158
524
363
-3036
-5806
-4228
-2725
-5623
-7174
-5019
-3269
-3517
-3979
-3840
-470
-1196
-1958
-1046
-4028
-2765
-2482
-7097
-5715
-2229
-4172
-5277
-3780
-4357
-6106
-7171
-6499
-5197
-2142
-3957
-3264
-1606
-368
-1077
-3250
-2974
-21
-711
-1017
990
1831
3853
1941
1151
1160
3871
2563
3141
2818
2387
3744
2110
3327
4431
2722
4206
4782
3039
5651
8413
6704
7200
8621
5898
4480
3173
1707
3117
2534
-1718
989
3647
4897
4302
1863
1402
3543
1633
1279
4306
362
-713
21
-3354
-6273
-2319
-2710
-4661
-2065
-7227
-7946
-9726
-11073
-7485
-8788
-7344
-8662
-5138
-4461
-4221
-2489
-1424
-1461
-3714
-4777
-4371
1256
-1573
-1663
-2968
-1882
-1792
-2696
-2006
-4021
-1797
-2639
-2224
-1293
-113
-1036
-3208
-3167
1247
839
-925
296
1804
4030
2175
2148
4101
4092
3885
3955
5237
5011
5465
3778
1845
5602
5462
3518
3217
5825
4091
4219
4227
5884
6614
5355
4451
3465
6311
3453
5647
1959
2766
3221
-697
923
1609
2203
2477
1190
-664
449
404
60
558
2720
2147
2439
597
1762
807
416
-1095
-1988
-4115
-9012
-8800
-7686
-6460
-5506
-4955
-5463
-2198
-3576
-4063
-7197
-7375
-4228
-5852
-6989
-4439
-4989
-5552
-3974
-3960
-2397
-4472
-3821
-2695
-2936
-2015
-2046
-618
2368
2711
1732
1731
1783
4048
6163
5613
4132
5220
5126
4022
5567
3728
5755
8601
8628
6353
5454
7104
5250
3932
5775
9409
8182
4446
6364
8534
7391
7371
6730
6571
8175
7158
5966
8443
5900
2268
383
1648
-352
1751
2197
-1368
2588
2520
2381
2176
3764
1653
2277
1358
-2177
-539
-728
-1151
-1944
-621
913
-2667
-6045
-5894
-7974
-12146
-11743
-10332
-8953
-10309
-7182
-7992
-7780
-5199
-7318
-6608
-8185
-2991
-6677
-7279
-7071
-7673
-6324
-7734
-6810
-3592
-4081
-5387
-2239
-1652
-2019
-3395
-5083
-4664
-2727
-4674
-2555
-4652
-2184
1349
659
482
2066
2732
2986
3550
4364
4528
3453
5498
4585
6699
5039
3328
3981
9155
11951
5382
3502
7192
7355
2984
3781
1940
2669
5556
1542
2486
2486
2100
3295
646
1155
4257
1724
3344
2335
1808
4874
4372
5865
4982
5287
3796
4120
5241
5917
2841
1608
-438
-122
607
-1740
-1492
-8352
-6741
-6308
-6724
-2627
-4237
-5963
-6570
-5808
-5460
-6056
-5419
-5352
-5437
-3949
-2579
-3160
-2971
-3035
-3311
-2288
-883
20
-1133
-993
-763
146
247
-1116
-2878
-714
1883
171
124
1923
2266
1966
1576
1103
2526
3287
3819
2890
5637
6708
3591
3670
5363
7380
3182
2247
4284
4950
6584
7890
2630
-817
8336
7113
3147
4969
2771
1798
3467
1698
2903
8063
6758
4728
5277
3356
3719
4051
1908
3307
3010
-895
210
-712
-1299
1286
-316
2765
324
-363
-2981
-2456
-4062
-6418
-5168
-6793
-8389
-12051
-12036
-12231
-8646
-8795
-6663
-9136
-5433
-5859
-6873
-6315
-7386
-6955
-9603
-6191
-5154
-4589
-5239
-1856
-1624
-2630
-3545
-2085
-3549
-3493
-1165
-2438
-4113
-5708
-4019
-4365
-2965
-1920
-2700
-1559
247
-903
-616
-900
-1634
152
695
-146
-101
2158
194
1505
1186
3236
2350
-363
1837
-571
-1605
-1214
395
-4101
-788
-820
-4285
-917
-759
-1866
-2794
-1722
-1919
-2385
-2798
571
1934
1341
1646
3559
5730
4944
6348
4009
3897
335
830
817
140
1055
701
4250
1983
2594
-2152
-1367
-5335
-7668
-5738
-3718
-1761
-2538
-5924
-8466
-6752
-6606
-4813
-4797
-1657
-2287
918
-2439
-2833
703
1749
1510
-76
-973
-870
2919
1801
2792
1721
1046
-1378
325
331
-1568
1280
581
2995
3218
2208
414
2486
2389
3208
4965
4335
4693
1130
3062
4487
3492
3624
3689
3259
392
-1055
-2667
-1908
563
-1168
-3636
2052
3776
-4584
-2949
-1022
-2124
-2662
-2657
-3961
-3587
-3644
-4816
-2693
-109
-630
-2045
-2082
-1073
2719
-160
-1278
366
-1034
-1208
-2294
-3088
-562
-3605
-4553
-5002
-5559
-5100
-6456
-9857
-11329
-8257
-9293
-9698
-7409
-6459
-6223
-8932
-12103
-6201
-3791
-3764
-1625
-614
163
509
-897
-1245
369
1134
704
1561
567
697
425
-624
1875
1459
1058
603
-583
829
3666
2039
3330
3205
2069
2257
4388
2083
1320
4292
2316
3189
5368
6669
4283
2988
1586
1727
-437
-1745
-1435
-956
-591
462
138
-1037
10
-2339
-4705
-1832
895
-725
2751
1255
565
2805
-719
-2640
462
1162
396
-78
1877
3386
1825
1236
1921
3187
184
-35
418
76
-722
-2755
-6762
-5072
-7646
-8931
-6714
-12151
-6857
-3318
-5937
-6306
-4256
-3176
-2709
-1846
-2621
-647
-1811
62
2462
2608
-467
-3618
307
752
1168
670
93
-1084
-655
-479
-409
1235
1184
3534
363
1621
6024
4459
4803
4944
6014
6513
4608
3848
5604
5346
4211
2705
2692
5072
3244
3408
1922
2599
379
-1112
-24
270
2772
3171
4748
2688
4816
4189
2777
3829
304
-210
-1592
586
4111
1699
2569
3716
609
823
3209
1028
193
614
190
89
226
-1403
-1163
-1420
-2565
-52
-1358
-2153
-5115
-7252
-7595
-10475
-10484
-10328
-10206
-8588
-7848
-6228
-5327
-1863
369
-1619
440
2118
-1241
-3809
-1948
-2867
-1249
-306
-1800
225
925
8
-67
98
369
-546
-1499
-2260
-3229
950
-762
-1444
-446
493
934
-3317
-2285
3547
1525
468
2437
1941
2845
-2109
-1907
21
239
-3530
-3911
-934
1184
-940
-2716
-4077
388
4435
2109
3752
2572
778
1619
-222
-1931
2149
-1234
-989
-176
2685
1998
6811
7173
5446
8021
7325
7509
2832
4929
3362
3280
3618
3315
264
-150
3435
1584
-1364
-4502
-6296
-5433
-5682
-6124
-3423
-781
-1649
-3327
-1409
1702
1032
330
471
1764
1945
3587
3036
2118
3611
2936
2181
26
792
1913
1925
48
2392
223
1691
2195
142
653
1059
4092
1944
1132
1420
2298
967
852
269
1843
591
-463
-32
-2206
-1731
-1843
-2731
-2941
-1624
-5018
-5695
-2083
-3463
-4710
-3388
-1372
-807
-830
605
-885
1069
5203
-1981
-3366
1838
936
576
-825
882
-721
1714
5474
1692
4455
7904
4103
2454
2070
2208
5517
2868
2950
1592
2143
320
-3108
-1412
-4482
-6985
-10254
-5576
-4347
-3033
-1303
2420
876
-1023
1065
-3975
-1181
-1245
3060
3585
3247
4503
4235
5160
4150
1948
3401
6242
4286
1214
-881
2625
3619
3294
3465
3272
2064
-218
-669
2322
4022
1038
-951
-1207
-3935
-5113
-5829
-6277
-4899
-4381
-1761
-3466
-3237
-2559
-4708
-2596
-3049
-928
-1896
-4231
-5335
-2390
11
-1736
-491
-201
473
-1622
-3839
-3580
-3286
-2358
-2564
-4403
-5236
-3046
182
-1766
1197
2176
513
-294
2524
3739
3387
3701
2740
4773
3767
2138
94
2541
2840
3839
459
728
-844
-3115
2189
2050
1528
464
2411
2331
2787
5511
4644
2685
4558
4440
1901
1538
3094
3400
4008
2936
90
3814
3820
2249
3480
3582
6410
6498
3683
3630
3154
3981
4371
-542
76
1067
-2052
-2491
-2974
-2580
-1804
-2612
-3465
-2065
-1312
-3385
-3428
1805
-718
-2185
-3084
-4176
-3069
-2983
-4121
-3640
-2641
-4034
891
-1173
-1123
-1380
-3611
-2369
-1459
716
899
-3203
-3509
-1319
-588
-2735
-1546
3158
473
702
874
247
862
-1011
-1259
-647
-967
-597
-1841
-328
1697
2884
129
-4300
-5394
-3727
-3025
-3390
-2841
-1615
-14
732
1552
-343
585
-1679
-1456
4470
3627
3397
2549
-242
4370
5777
3258
1669
4651
5657
3676
3166
3011
3290
1551
2027
1207
1540
-2903
-2083
-4268
-6669
-2392
-3143
-4998
-5249
225
-1040
-4067
-1928
750
607
-1974
-3554
-517
-12
-2657
-3119
-604
-21
-1387
-2221
-1650
-158
-4674
-5204
-562
-328
2180
2333
-1984
-2436
-2468
-153
-2041
-627
3233
-494
-2631
-465
989
1530
3282
2629
2218
3588
3033
1532
2208
4507
3052
2435
3773
5323
4829
-217
-1384
-65
-1224
-976
-277
-296
1337
-162
-68
2300
3047
1776
382
2246
3555
3052
1976
4867
4038
2638
2648
244
1997
648
483
888
760
2190
2758
-2124
-3879
-342
-1654
-4384
-3289
-4064
-4748
-3222
-3057
-1623
-2444
1989
1759
-860
-2224
-1350
-3013
-5847
-1767
-2017
-3549
-3674
-3767
-2805
-3447
-478
1204
1596
2484
-2203
-1966
-508
607
957
1667
853
1534
1920
2478
-759
-2066
239
-1823
-3533
-3022
1317
-90
-298
-378
1115
2646
2303
3666
4424
6432
5843
4329
5014
6082
-181
-3333
-799
-726
1618
808
486
886
1605
-106
-308
323
-853
89
-791
67
1498
139
-766
82
772
3324
-183
-1832
393
-1155
-1322
-2144
-3548
-3813
-5566
-7459
-7687
-6033
-7183
-6367
-5096
-6792
-5566
-7294
-6549
-5084
-6786
-7087
-5863
-5148
-4860
-5361
-3828
-4142
-3184
-4311
-4924
679
-2304
-1411
-3299
-2634
1290
685
490
112
2197
1864
1570
2943
2815
-178
3837
1823
-2899
-1030
2180
5514
4840
904
1194
2776
4968
5605
5161
7341
5686
6775
8479
9871
6533
6314
9483
6014
6490
7019
4769
5165
4162
5297
3600
3753
4860
3262
1101
1615
5567
4813
5819
6326
4163
5199
5901
2088
2047
4198
2397
-1680
-2571
-2474
-751
-1559
-1949
-3099
-4321
-5824
-5038
-5617
-4594
-3173
-7687
-2499
-3676
-3900
-2851
-3457
-3620
-2921
-2746
-3400
-4802
-4419
-3217
-4933
-4845
-6325
-3794
-3595
-3325
-2491
-659
-3071
-5161
-3877
-2978
-1385
-2647
2191
2038
-921
-539
1407
1856
1914
2012
-2859
575
2708
3159
4451
3954
5651
7118
5450
6115
7737
8777
10638
7758
7555
8401
9135
8527
7307
5207
6030
4414
1863
5762
3962
4423
2349
2690
3844
2777
5909
4454
4739
2869
6761
6585
2756
4115
4975
3260
1377
1851
1497
931
1678
-1369
-4624
-195
-645
-1581
-4146
-4468
-5028
-4798
-4593
-4137
-2547
-4832
-4925
-2637
-1986
-3257
-4812
-5338
-2553
-1861
-3857
-7354
-5492
-4606
-3032
-2688
-4084
-2906
-2841
-2732
-2483
-577
-1756
-3014
-1937
-3200
-2355
-1216
-2794
-1434
-2913
-3853
-928
-215
-3079
560
3147
711
1362
5710
8802
5135
7603
8809
8438
7965
8037
8067
5372
9444
11003
9574
10778
7456
2203
1838
3813
3896
2314
2176
3068
4934
5330
2599
2285
5883
7756
5414
5100
4718
4956
5341
1530
3391
-1185
-4638
2103
746
334
-2313
-6256
-3862
-4300
-4813
-5426
-2614
-3648
-2170
-823
-4239
-4370
-6952
-3359
-6112
-4637
1215
-1162
-1460
-1873
-263
-1192
-5300
-6496
-2853
-3311
-4840
-4471
-4034
-3360
-5116
-5282
-5632
-385
668
-871
-2587
-3553
-847
-2739
-2483
-1409
-271
-1074
-3804
-2595
1856
3379
4088
4545
4409
5836
4841
5436
7474
6319
5179
5862
7521
7097
8263
6496
4505
8053
8051
4515
547
-811
223
818
527
-2486
-2334
2570
1165
-189
439
1735
747
-363
794
-187
-516
3
-1592
-1186
757
-73
-1346
-3996
-3956
-6878
-4410
-489
-1591
360
-1630
-1595
-1862
-3528
-4203
-7537
-5623
-5032
-5952
-4821
-5949
-4885
-5426
-6499
-4311
-4567
-4304
-2745
-5444
-1702
2248
-2792
-2235
-515
-752
-49
-2925
-3400
959
663
-600
-475
322
1935
-388
483
1904
2213
2282
2287
4505
2892
4833
5555
4931
7866
7906
9675
8473
8941
8235
10616
9257
8325
9479
7708
8305
9122
8215
5067
4984
913
2302
2139
2614
1489
2444
578
980
1214
-3997
-1671
-469
1208
-1538
-3090
-2554
-2504
-4830
-5769
-3590
-4872
-3469
-5028
-7373
-5249
-5188
-4616
-8213
-4541
-3965
-5011
-3314
-5922
-6003
-4881
-6913
-5693
-3914
-3258
-5676
-10299
-4278
-6331
-7308
-6899
-6155
-3811
-3183
-4555
-3575
-1116
-2720
-2556
-1237
295
-989
-1124
470
-623
-238
1212
26
-1920
-1105
3665
3255
4612
5376
7806
6460
4324
5132
5389
7006
6828
6300
6408
7407
6624
8226
6274
9936
6648
7584
7835
6571
10662
7079
6745
5240
2059
-422
2067
-508
769
792
-338
363
1555
724
559
-2889
-5008
-3244
-4190
-3337
-4893
-3635
-4353
-3815
-6659
-3714
-43
-2503
-5708
-6036
-5753
-3155
-5864
-7868
-6393
-3793
-3540
-7465
-6881
-8413
-9189
-10359
-6063
-7893
-9340
-10517
-7208
-4087
-4300
-4180
-4491
-4205
-4232
-3588
-5285
-3484
-2714
-2564
-5156
-3910
-178
2712
-207
-2044
427
3768
2662
2563
5099
1204
6775
8247
3185
7636
7634
3461
4516
5645
6400
6912
8354
8085
9182
11499
9064
8028
9035
9367
8209
9451
9020
5971
6633
6260
2955
625
1761
271
2524
5489
2444
-41
-1135
-71
377
60
-2364
-2154
-3793
-4939
-4589
-4720
-3452
-3205
-4740
-7157
-5260
-7555
-8274
-6883
-5332
-2758
-4840
-5114
-6559
-5533
-6038
-8435
-10441
-11784
-7443
-10835
-10722
-10557
-8650
-8704
-9407
-7555
-6415
-3426
-4630
-7564
-5434
-4273
-7053
-5159
-5778
-4276
-8040
-7188
-4184
2208
342
565
2393
2500
4943
35
-627
793
3292
2548
4857
4310
6200
8884
8255
6183
7537
3702
6659
11143
8251
9000
8472
5540
6956
7110
4775
7893
5907
2447
2729
4684
-946
-1516
-2183
-2141
-3734
-6566
-2577
-1124
-4240
-5921
-2685
-5395
-5468
-4753
-2666
-3211
-3485
-1917
-2713
-1159
-3035
-1517
-357
-4395
-5529
-4194
-6470
-7908
-8536
-5509
-4908
-5155
-5074
-6294
-5927
-10284
-7937
-8870
-9083
-9554
-9162
-5555
-7089
-8054
-9491
-7247
-9410
-10161
-5327
-4607
-3741
-2703
-3222
-2293
-517
809
-453
474
518
713
2842
1390
2417
4149
1556
594
1490
3197
5758
5969
5419
5005
4273
4638
5382
6471
7241
6159
5126
8486
9963
8198
9530
9654
7144
5109
7222
4394
2167
589
160
-296
-2809
-1898
-2601
-1099
-5103
-6852
-4518
-3202
-1244
-187
61
-1283
467
-178
-1652
-4007
-4385
-2990
-5146
-4343
-2844
-815
-2085
-2509
-536
-1530
-4323
-8411
-8580
-6562
-5668
-8785
-8517
-7392
-7054
-5304
-5246
-2779
-3138
-4423
-3411
-3383
-1066
-1802
-3696
-2640
-3500
-4131
-6226
-4120
-2609
-1589
-1947
1897
4810
2804
3649
3139
4458
4111
4134
5685
5556
4861
5012
4275
5498
5992
8586
8012
6635
5520
6043
5804
6014
6633
5671
9481
8704
7904
8281
6377
7576
8916
5289
3942
921
1310
-3978
-3608
-3900
-9579
-6328
-5984
-4057
-4946
-6107
-4664
-5108
-6525
-4821
-4113
-2722
-3710
-1845
-4326
-3814
-1232
-3573
-4147
-4257
-3391
-7168
-6301
-4596
-4124
-4268
-5618
-3299
-1725
-5047
-8139
-8155
-5918
-7785
-5447
-8182
-8200
-5736
-6571
-5719
-5184
-2194
-1486
867
-422
333
-209
-3681
-502
4422
5185
6281
5163
7946
9476
6889
5015
5671
6334
7294
6595
5341
7577
7362
7648
6092
7605
8092
6564
6444
6878
9257
7408
6467
9715
7483
7060
9343
10164
8261
8870
8448
5495
6810
7949
7791
4120
3239
-1123
-5069
-2770
-3562
-4595
-5521
-5128
-2509
-4503
-5293
-5385
-6745
-5495
-8049
-5470
-5290
-7593
-4084
-3268
-3723
-1887
-2953
-3303
-3865
-4841
-4155
-7039
-8363
-8989
-7709
-7899
-6820
-6763
-7471
-7655
-4030
-4150
-4082
-6410
-5964
-4083
-4805
-4996
-8036
-1481
-4913
-4700
-2691
-1976
2038
6072
5711
4864
6892
7181
7567
8252
8990
7987
5966
7632
9013
7019
7928
6671
8476
6257
8273
3914
4527
7374
6410
10036
7348
9184
9076
9528
10371
10581
9140
8595
9703
5782
3519
4444
3548
5986
2747
1595
2564
-229
-4527
-6261
-4804
-5864
-5032
-4305
362
-2471
-2948
-4396
-3488
-3583
-8285
-5007
-4797
-5815
-5474
-4986
-6200
-6210
-4761
-5227
-4358
-3954
-1637
-2658
-8963
-6657
-5433
-4258
-5578
-5374
-4547
-2724
-5778
-9223
-5686
-4198
-4222
-3891
-2860
-2357
-1234
-1205
-979
1265
2350
-2477
135
1933
4185
3732
3351
4286
5921
6397
5443
6881
6197
9401
7814
6215
10303
8705
6170
7274
5563
5220
7369
7646
7992
10641
10877
9547
7162
8901
8877
8171
7175
7846
11656
8016
2544
4604
4613
5144
4866
224
362
-2197
-7914
-8763
-5432
-4834
-4444
-5593
-2902
-2456
-2736
-3555
-3363
1203
1179
1110
2489
1736
968
42
-5803
-3599
-9155
-10789
-4695
-9254
-4695
-5534
-5235
-4829
-4075
-3614
-8318
-5121
-6888
-6990
-7987
-7924
-6238
-3306
-4333
-4414
-2621
-4503
172
1053
1602
1368
-2272
-1684
738
-1767
700
3415
2443
5059
6506
5524
6540
6479
5978
5364
4335
3388
2748
4934
4313
1842
3456
7148
5003
3924
3135
6960
9589
3657
6908
9092
7460
5800
2785
5580
3990
2786
4244
2045
3249
5806
222
-1593
1093
-1656
-2655
-1876
-3182
-2043
-3923
-4537
-3507
-3989
-2740
-4910
-2575
-4292
-2174
-1702
-5340
-3388
-669
1387
7
472
-758
-2780
-3887
-3895
-3520
-4964
-5710
-6344
-3825
-4252
-4777
-6903
-5551
-2609
-2775
107
-1970
-1450
-329
842
-841
-356
1128
1778
-4068
-4356
2377
4010
2532
93
2430
4700
2430
1655
4032
4103
5605
3477
5831
7758
6713
4758
5073
5514
7937
6016
2911
5450
5898
4791
1924
1981
4687
8381
5081
102
2669
4135
2004
1856
1324
592
-303
-262
38
2114
-1306
-3189
-4747
-5279
-5727
-6222
-5724
-6832
-2700
-5173
-4723
-309
-2676
-3005
-1394
-2095
-951
-17
835
-4160
-5948
-6763
-5796
-7766
-8077
-3904
-4601
-2820
-3465
-3926
-5269
-6150
-6738
-6617
-7127
-6802
-8165
-6518
-3785
-2985
-2666
-268
475
361
2509
5010
4508
-2707
-536
3191
2377
3173
4817
3178
2602
4691
4562
2919
3771
5108
4773
5582
3702
4554
2989
3676
5014
2341
6217
5389
4917
5437
5105
6549
5338
1392
2160
4456
4504
2930
1370
5138
2074
1590
1185
354
372
683
-1967
-4595
-1863
-5123
-5764
-4480
-3024
-3905
-6449
-6768
-5002
-6380
-6686
-6270
-6576
-7430
-6532
-8732
-8628
-4668
-3455
-2549
-4870
-4633
-5882
-2922
-2271
-3106
-2238
-1895
-3893
-5151
-5868
-7678
-7173
-4856
-2589
-1158
-1656
-2024
-559
-72
1243
1700
1383
2951
2851
1681
2131
329
2687
627
2500
2708
3653
5779
3710
6701
3695
3174
4483
3996
4925
4789
6690
7473
6535
8127
8014
9553
10284
7712
8748
8250
7128
5508
3784
2536
595
952
1754
5742
4581
2977
3464
2699
-432
-2068
-348
3188
-995
-2982
-992
-4638
-1872
-3304
-6929
-4328
-706
-3265
-3869
-5907
-3145
-1941
-1831
-2976
-6541
-5741
-5885
-5509
-4491
-5479
-8879
-8199
-9465
-6884
-5967
-8481
-8964
-6635
-6959
-8760
-9725
-8271
-6100
-6085
-6036
-3127
-1602
-2083
-1771
-1931
-1655
-1913
-1344
-1849
7
-1656
-1141
-164
-301
923
3337
3124
-378
1061
1377
984
969
2304
5152
6384
4093
5491
7172
6196
6825
5553
7775
5057
6384
5890
3777
4219
1339
7103
2582
-3721
527
-350
416
1874
929
4260
2530
-279
1136
1658
1349
665
1955
3120
-556
-38
-1236
-3295
-4340
-9494
-8304
-4147
-5167
-4555
-4316
-631
-2422
-2673
-4290
-8059
-4169
-6478
-4904
-6173
-5402
-7599
-8237
-6652
-4308
-3615
-4180
-5099
-5030
-3210
-5151
-3205
-1424
-1341
536
-1395
-2911
-1654
-1508
83
-475
78
242
-259
-1821
2352
2925
128
-1235
2485
2483
582
795
2358
3975
3052
189
1453
5808
3490
6438
6327
6639
7196
5233
2769
2949
4308
4630
3405
2505
2575
1294
1969
2341
2112
5539
4162
1100
3118
5489
4351
522
1220
6607
6513
667
919
699
1085
-171
120
534
-1049
-4922
-4251
-2291
-2930
-301
-562
582
-1135
-2007
-114
2131
897
-130
-1099
791
-763
-2312
-1229
-4577
-4109
-3639
-3255
-2771
-5101
-1659
487
-2579
-245
-536
535
-616
896
-588
-801
967
1515
1647
1662
5909
3633
1585
3422
6252
2319
1400
2307
890
2457
669
-522
1356
942
3038
1631
2044
4329
4467
5306
1890
3104
5000
227
959
882
530
854
46
1080
1364
2427
-2465
-596
2093
2928
1231
-78
-654
1586
1211
989
3363
3135
4354
-1682
-785
-1540
-1159
-3686
-3802
-5195
-8985
-4857
-7250
-5520
-277
-387
-6017
-4649
-5921
-7703
-6049
-3627
-2616
-3188
-3456
-2992
-4198
-4530
-629
-4648
-2041
-2050
331
2762
2587
2632
-223
-1488
-99
1954
699
3020
2826
1698
2653
3961
3969
2540
588
1853
708
1033
2344
703
2412
4557
2811
2025
1409
2616
2551
3868
3941
4105
5799
470
679
584
552
-2050
-2476
-249
-2637
-1304
-1397
-1509
-1763
-2891
-991
-1843
-1740
-2181
-2991
-2041
134
-329
-1269
-809
1151
725
-1192
1015
630
6009
1110
-2289
-2046
-3675
-10814
-14824
-9008
-10002
-6494
-5857
-5153
-3626
-1978
-7692
-6491
-7479
-7695
-3424
-5443
-6532
-5971
-2143
-3455
-2120
-3398
-1816
-1544
-857
-753
565
2631
-91
-2014
680
354
653
3272
832
482
587
2087
1482
2196
2938
2072
3037
3716
3309
3462
1874
3786
4575
3594
3269
2418
989
1310
2199
598
1834
3074
3199
663
-542
77
-780
-597
1049
-321
-720
-2197
-2584
68
505
2396
-191
-2035
-2622
-1611
-2840
-2053
1202
-238
-1227
-428
2875
1700
-1073
-629
2278
1578
3461
195
-3764
-7601
-9849
-10218
-9535
-11609
-13226
-8452
-12417
-7446
-4219
-5889
-6910
-5447
-5397
-4404
-3866
-4482
-3052
-2423
-3079
-3022
1102
1584
2600
-681
-2021
647
3450
2224
1800
4336
6589
4776
3309
3425
2459
2318
402
2450
4097
4567
3775
1448
2889
2051
1777
3250
1664
2465
3073
2497
1619
1092
-1002
-2087
-2189
859
152
-287
-264
-2317
-616
-3309
-3070
-2370
-1022
618
242
-40
905
870
-1459
-1032
537
-270
-79
-82
-1294
208
611
308
-880
761
2256
566
1768
5677
3521
-1786
-5582
-7568
-6954
-7749
-6668
-8285
-6685
-4751
-6379
-6555
-5820
-3810
-6333
-6966
-4309
-2387
-3512
-4264
-1240
-484
-1094
279
1393
1883
1926
1215
877
482
1874
-2298
-3841
1759
2177
3067
1398
-608
1291
850
837
-1388
147
2889
1636
2388
2566
1012
229
2404
1165
479
-707
-785
-1168
-4285
-4898
-1493
264
-3166
-2857
910
610
293
-1310
-3285
3007
986
-3063
-2941
1834
45
-1181
3073
1050
1593
-477
-1693
1555
424
-1213
-419
-2479
688
1081
-874
190
1457
1013
1031
1647
-4216
-7928
-6961
-8062
-1262
-3377
-4514
-1814
-5717
-5940
-9471
-4968
-4619
-2871
-1578
-2757
-201
2047
3504
3388
-304
841
2218
-767
2984
644
2178
3063
2112
3185
2585
2850
2910
3902
2874
907
1743
485
1167
1021
-486
1599
453
-221
459
-133
-2053
-2050
-3274
-4405
-6521
-4812
-4704
-7322
-7573
-7815
-6496
-6445
-4537
-4642
-6004
-3410
-2197
-3405
-5436
-6667
-3696
-2088
-1434
-785
-1125
-421
-1767
-4983
-2702
-1835
-2484
-717
16
945
2056
970
135
2893
83
-3818
-1023
-4054
-894
-1918
-7277
-3810
-4111
-1903
-4644
-5449
-3847
-2051
-4518
-5270
-2832
-853
227
3926
8465
8653
7652
4700
5743
5732
6653
4360
5782
6653
8170
6867
2380
4775
4875
2536
3498
5046
5162
2331
-1394
5146
4480
2080
4234
3798
5335
5831
3862
2712
4489
4088
1690
-3089
-3218
-1099
-789
-3749
-3021
-2900
-3951
-3009
-3302
-919
-713
249
-838
-3304
-2569
-4029
-5846
-4635
-4431
-3082
-4987
-2754
-488
704
286
-1751
-1282
-704
-507
14
539
2370
2552
2321
5579
1140
-311
-226
-957
-1304
-67
-5420
-7529
-6229
-4444
-1997
-1164
2313
-2525
-153
-513
-2382
1402
3918
4614
3279
7928
8682
6713
6549
6351
8610
9031
10024
6212
8479
9224
6106
7998
7762
9631
7082
6027
6400
7769
6081
6392
4354
3845
5951
3787
4984
4813
4168
2085
705
606
-557
-1626
588
-715
14
-2865
-4466
-3006
-2263
-1441
-5135
-4671
-1590
908
-2200
-1643
-1462
-1412
-3340
-4818
-4560
-5673
-4554
-5852
-3599
-4170
-5520
-5252
-6484
-5025
-1305
-1209
-2700
-547
-52
-619
2623
1991
1190
-846
-1285
-539
-2002
-2250
-7941
-6919
-5687
-4467
-2153
-3089
-549
-1049
2623
2749
1831
3592
3157
2882
3068
7235
4924
7899
7946
4479
5088
8628
8319
4187
6005
6932
6291
4600
4679
3916
7560
6191
4682
5453
4605
5109
5533
4197
5739
5278
1520
519
1223
1434
-2150
479
-1199
-677
-1308
-1087
-396
-2340
-1035
-2115
-3177
-4368
-1731
-1757
-172
222
-1425
315
-1957
-1425
3610
-4594
-9918
-6282
-4923
-2196
-4813
-4791
-3383
-2430
-691
-511
-376
-794
975
-932
-442
-1520
-1876
-1630
-2276
-686
-2320
-3739
-6128
-4789
-7534
-11187
-6870
-1469
-464
-144
-1200
501
267
-951
1404
2057
1588
2169
2801
3922
4084
4516
4477
3460
4618
4437
7575
5515
4445
4423
5564
6184
5810
4187
1801
3351
3190
3308
3536
3318
-666
-2308
1690
4025
1546
-926
-691
-2621
-1562
-1162
-3843
-974
600
219
-4048
-1942
-2232
-2448
-2158
-5697
-3184
-3144
-1290
-2812
-3087
-4014
-2213
-6375
-6831
-2995
-4193
-1780
-3798
-2147
-1813
-1921
-4737
-3920
-2648
-3490
-635
190
2648
3190
2221
42
1395
5683
2778
600
1178
-72
1373
-4049
-6203
-412
492
6362
6003
5688
6059
6302
6802
4029
8730
5841
4827
3741
4485
6431
8416
7994
8611
11637
9021
7524
6400
8835
4075
6559
6678
6054
8156
4991
1868
117
3581
1564
-599
501
26
-2509
-2496
-1100
-1363
-3462
-2000
-2520
-1365
-425
-1471
-3230
-5303
-3826
-3198
-2431
-3544
-2501
-2030
-3130
-1958
-1244
-3487
-5646
-3746
-2150
-87
-2449
-6434
-680
-2504
-2337
-2439
-3475
-349
-2430
-1260
-1883
863
-1191
-1443
1254
-3834
142
2751
-847
-1044
5560
5015
2226
3269
2421
4096
181
-2961
-2527
2204
1867
1592
4559
6522
6360
5172
7244
9313
4306
4911
7747
6509
8277
7439
8187
5554
7180
7390
6433
8499
9648
7305
8224
8529
7395
7200
5672
3587
1809
2435
2436
251
-2407
-2146
-1319
-999
-4269
-5026
-3537
-36
-383
-1607
-312
-1072
-2907
-4847
-6284
-6347
-5096
-5894
-5720
-6453
-7600
-4448
-4115
-4275
-2611
-3492
-5928
-6322
-5041
-4092
-6725
-4700
-5270
-10895
-5458
-5654
-4558
-1954
-1218
-782
-3425
-800
-2825
-2644
-1930
853
1969
305
4194
3019
2196
432
1744
2098
1835
-105
-757
-67
339
3681
2672
3172
3890
7102
4650
5396
10731
7957
7333
8854
7507
8140
8065
8615
9605
6868
7111
5146
5016
7662
8280
7923
5263
4142
3144
-1199
-2680
-3846
-2032
-1754
-2335
-1109
-3032
-3859
-4303
-2342
-5698
-5683
-6323
-6608
-5324
-4661
-1937
-2931
-2013
-1160
-4394
-7059
-6968
-5077
-6281
-7814
-9146
-8856
-8074
-10256
-7736
-5372
-4381
-5585
-5987
-6371
-4778
-4918
-5489
-7917
-6232
-5894
-2460
-6817
-9241
-4507
-6165
-520
-1545
-169
-1185
1227
2056
3114
3611
2877
2384
6104
1893
-4112
-3112
-6684
-1086
-433
1397
2121
1884
4524
4356
1391
2552
5005
3426
5734
4803
4861
10440
5926
5330
8180
6142
3334
2650
3166
5787
5821
2665
3802
2821
666
-5070
-3624
-3379
675
-910
-6571
-1225
-1832
-3828
-3829
-1379
225
-1518
-1744
-1267
-765
-4362
-6074
-5876
-7409
-5193
-7538
-5779
-4628
-2394
-3003
-6118
-6010
-9411
-5958
-6609
-7028
-5199
-5189
-4882
-5941
-4044
-4568
-4447
-3456
-3179
-1552
-2741
-3812
-2593
-2285
-1434
-1842
-807
878
2491
5065
3842
3609
2838
4556
3344
4064
4759
2660
3016
3402
-108
-2947
2174
1460
2671
4248
5847
6754
3507
5850
9584
7690
6252
6304
4737
4801
6994
5948
5106
7341
5464
3695
6334
5067
3387
-182
-1556
-1358
-2849
-787
-6459
-1778
96
-1213
-438
-3021
-802
-1873
-1286
-3744
-3120
-695
-2439
-441
-2463
-3220
-3955
-5282
-6001
-7369
-5077
-7823
-7157
-4846
-2748
-4093
-2974
-1097
-2011
-3825
-4422
-1315
-1954
-3907
-5085
-4491
-2457
-2916
-3403
117
19
129
-2171
2051
5061
2693
3023
4812
6012
4520
7100
6028
2635
5943
7030
3227
6912
4750
1450
2795
389
1091
-496
-2162
504
2837
4232
3355
3135
5520
4727
4023
4671
3594
5264
6045
3820
2507
915
2081
2526
1310
1207
502
2060
1842
436
-3468
-3301
-2359
-5443
-3804
-2368
-821
-1827
-3756
-3593
-1517
-1196
-3133
-5280
-4690
-1679
-5245
-7554
-8203
-5500
-4027
-8499
-7824
-4939
-7386
-9692
-7179
-7436
-6474
-6115
-5483
-4664
-3547
-2371
-3595
-2205
-2342
-2561
-4169
-5789
-4003
-1623
-924
-1653
-274
597
-227
1496
4010
6334
7484
6025
6140
7794
7791
7873
6701
9105
10326
8545
5511
-681
3599
6829
5299
4690
4093
6824
5660
5067
4869
5078
7738
6896
8544
8580
7381
9111
6342
4152
4812
2630
236
1022
-1740
-2874
-3258
-6009
-2862
768
263
-842
520
919
1169
-1747
-3610
-4278
-2817
-1006
-933
2648
-1730
-1140
-4592
-7081
-4425
-4945
-3865
-8473
-6355
-3709
-6113
-8494
-3470
-5487
-7241
-4506
-7501
-6058
-4076
-4153
-4456
-2031
-1316
-3307
-5670
-2661
-527
585
-451
1712
5945
3737
4382
6201
7401
8891
8212
7126
9285
9471
8218
9390
11017
8164
8137
9425
6591
8126
4995
591
1396
1873
3417
3345
3506
5502
5446
2686
4653
6306
6180
8001
7930
6299
7054
8981
4521
1714
4228
2334
-178
-553
-3277
933
3356
574
1307
2954
3128
4304
1717
-3017
1002
575
-2507
-5133
-4800
-2579
-4672
-3562
-1090
-1161
-6788
-4707
-4426
-3801
-3498
-13158
-10312
-8580
-8763
-7538
-7285
-6439
-7088
-6248
-6189
-3262
-1835
-4634
-3183
-3723
-4489
-1695
-3624
-4575
-2739
731
-210
-918
972
3304
3361
2410
3805
5038
2200
3571
4192
6306
9167
5439
7962
9957
10080
7465
8027
8404
5886
1520
1801
363
5481
8858
2363
2536
3102
5617
5854
8084
9791
5933
5335
6991
6842
6020
3981
3581
3001
3521
1063
2170
3277
1459
2117
940
-698
3611
2849
-1603
2531
2979
1915
1334
2024
185
-511
650
-156
-3075
-4851
-3240
-4214
-3882
-4498
-3466
-2486
-3899
-5515
-6984
-6399
-3615
-5755
-7567
-4596
-6182
-4870
-7512
-6232
-3506
-3733
-1501
-3283
-3172
-954
-76
-795
1880
560
981
2544
1950
3290
1845
5184
4893
5254
5637
5308
7080
6305
9644
7351
6192
5164
5347
7010
3987
1599
750
-104
-2508
-3104
-3782
-4686
-1010
3092
-121
-910
-31
417
906
-843
510
1407
323
-3347
-1722
-2205
-2634
181
907
2092
-972
4176
1880
-2191
-754
-1390
118
54
2268
2386
-2265
-7051
-3144
-828
-2631
-3943
-5772
-2988
-6194
-8702
-6497
-8348
-5536
-5525
-6255
-4514
-4787
-5434
-6231
-4263
-3613
-4615
-5412
-3351
-2379
-4221
-4702
-2732
-2181
-1890
-1415
-1569
1552
2089
565
-368
3200
3246
2264
1857
2648
5586
4323
3895
5131
5034
3391
4707
2919
4496
3581
2497
3014
5091
4560
1984
1360
-4141
-3135
1973
2389
1122
-888
-3787
-825
-2449
-3016
-1064
-2214
-2529
-693
343
1346
-448
-4984
-5807
-1512
-2283
-2181
-1383
-3965
-1353
-2496
-646
-14
650
-1168
-4116
-2724
79
916
-897
-5145
-2710
-1625
-3710
-4869
-3804
-1623
-5601
-3155
-3541
-2683
-3005
-5820
-4503
-4737
-7102
-5754
-6368
-6738
-4153
-3996
-4416
-1473
1641
1174
1176
3377
4217
1546
2349
3392
3712
4379
3872
5481
7121
5526
6174
6495
8466
7901
6675
7039
7227
7262
6148
6496
6712
7549
8187
6870
5180
8694
5064
1849
1474
-217
-1625
-116
993
-2589
-2932
-3872
-1066
33
-2569
-2264
-1832
-3619
-1936
1638
2591
1034
2227
-1526
-3355
-2084
-2705
-2082
-6152
-3645
-3390
-459
1051
23
1686
-739
607
-54
-3105
-4381
-2922
-3567
-5838
-6432
-6677
-4195
-2805
-6426
-5628
-4407
-5689
-4700
-2885
-1825
-2998
-3936
-4122
-2578
-2848
-3702
-1077
1743
1780
1993
2761
2659
2595
5101
3054
2088
3170
5245
6196
4158
6067
7114
8599
7081
8131
10527
6940
8418
8211
6811
10233
8200
7452
8371
7867
9417
13844
10359
7804
5039
2811
4417
2399
3309
870
-2035
-100
2888
904
706
4664
2546
1386
1758
2167
6187
2577
2989
4069
2551
-335
-764
840
-1304
-1466
179
-2838
-3025
-1725
-1919
3231
-387
-2701
-2643
-1341
-470
-1132
-4503
-3048
-2826
-4336
-2941
-3584
-8838
-9476
-5491
-5899
-3423
-5858
-3509
-868
-2150
-911
2513
65
936
3657
2225
1326
4097
4871
2444
3647
4924
6268
4263
5158
5440
6596
7333
5732
6686
7137
7403
7686
8053
9933
9049
7378
5158
4742
4772
7405
9486
5700
8180
5616
3199
647
-2107
-1041
-458
591
-1115
-553
-1594
-2909
-1753
-563
-3109
-2465
-3491
1135
3828
763
1589
342
2009
1190
-372
306
1283
-5531
-1269
1157
-3383
-2760
-3437
-4120
-3626
-985
-3428
-2033
-1507
-3573
-3969
-1976
-4455
-1867
-876
-3844
-5856
-5791
-5144
-9526
-8025
-9587
-6419
-7071
-5389
-4763
-4000
-1652
-4467
-850
-637
-688
-282
-119
-1166
1537
2145
3061
1593
3390
3226
1842
4031
1297
4410
3636
1724
1432
3320
3438
3594
2533
6125
7041
6468
7680
6601
7553
8353
7612
3101
3848
1410
-387
-2942
-3290
-4059
-5139
-3600
-182
-601
-2897
-4646
-5441
550
5063
3611
844
4548
1699
1531
-965
749
2856
-949
-431
383
1518
-3138
-2549
-1653
-684
-3302
-1151
-117
-1004
2143
-838
-1118
-3857
-1038
-1201
-3908
-3691
-6988
-4034
-2333
-7026
-3303
516
-1111
-3167
-865
1501
-576
485
140
-96
1158
2116
-658
2109
5208
3078
3055
3632
4153
4811
2265
2411
2793
3718
4479
1737
3187
3595
4712
4914
3305
3995
6461
6359
5399
6580
6350
6246
5604
4771
5052
2396
-227
1030
1382
-638
-4174
-7388
-7617
-8751
-7447
-9085
-4905
-3171
-4139
-2222
-2718
-2374
-5472
-4595
-8005
-5156
-3815
-2199
152
-1469
-1351
-2591
667
-3656
-3075
-285
-3016
-1902
462
2311
197
-1154
-314
366
-2122
-3212
-4122
-3191
-1343
-5584
-4263
-2826
-5066
-6081
-6567
-2567
-666
-1295
19
2479
3480
2621
1499
2281
5238
4778
4489
4905
7325
5950
5980
7094
6436
7458
6028
3461
3458
5019
2185
2916
4408
4299
3539
4458
3976
4391
6580
6049
6497
6203
4834
3985
3915
3052
4374
4231
2308
-90
2370
-2755
-7762
-5231
-9628
-4788
-4858
-4111
-1762
-1167
-407
-3009
-2144
-5600
-4000
-3136
-4021
-5135
-1845
-1137
-1519
-1511
-5176
-3956
65
-1024
-5553
-3892
-3800
-2696
-3508
-3086
-3286
-4512
-6481
-4898
-5302
-7580
-4167
-4199
-3109
-2171
-796
-32
2829
494
233
921
2580
4523
3677
3014
1636
3071
218
411
390
945
3509
3455
2576
4821
5115
2196
1859
6067
4448
2505
3225
3534
6588
3331
1953
5552
7704
5713
5888
5848
4872
4768
4684
2572
3395
1703
116
3524
1285
716
-2116
-3229
-2137
-2541
-6667
-7251
-5381
-7175
-6403
-5078
-6376
-4618
-2355
-7282
-7522
-3173
-2384
-4590
-5557
-7270
-6706
-8266
-4662
-4480
-3404
-4212
-8551
-6814
-5935
-679
-3236
-5464
-3864
-1702
-4410
-5421
-5790
-6128
-6278
-6181
-6723
-5080
-3678
-3742
-4337
-5092
-691
-1745
-357
-323
1752
874
1850
312
-409
2760
1580
1246
1993
1886
2210
5088
3674
4567
3582
3377
2594
3108
3885
4945
4755
5521
3000
2852
3938
1412
6177
5177
6492
4350
268
1336
2898
2180
1672
3261
2507
2523
1409
-320
1427
-1371
-2698
-1906
-6612
-5902
-5521
-3741
2106
1481
-862
-1066
-5989
-1681
526
-2880
-2877
-1222
-1280
-3373
-1526
-1661
-743
-1322
-969
564
-872
-7537
-7704
-5326
-3981
-5722
-6077
-5075
-5243
-4767
-6034
-3134
-3420
-1713
-2740
-3120
-1749
-825
-1660
-526
2827
1318
3451
4209
1716
1850
2094
407
2688
3016
4004
5923
2862
4375
4259
3981
3835
5122
6111
5065
4723
3196
5334
4399
4657
4078
4632
4649
4285
5380
2830
3080
1819
2118
3892
3998
2722
910
842
-1457
-2142
-1588
-921
-1009
4
1944
-93
-5881
-9046
-7487
-8853
-5991
-6034
-4177
-5550
-5251
-3424
-1104
-2848
-6888
-1300
-8831
-5934
-4934
-5955
-5233
-5208
-2421
-2010
-473
-1807
-1820
-379
-2504
-7718
-6928
-9018
-5947
-3703
-2431
-1206
-3119
-3024
-3339
-1065
416
-1300
51
2715
2042
477
60
2032
1177
190
-606
1063
2389
1152
1503
1254
3460
2218
1122
123
523
3226
2049
563
2037
1336
1185
3960
4480
4861
4495
7353
5106
2917
1496
1535
708
-1131
509
1047
2097
2606
1439
-396
-122
-518
-2712
639
166
-3764
-2245
-2276
-480
-5214
-4312
-2450
-1748
-2338
-5411
-2648
-6505
-3926
-4160
-4753
795
-705
-5204
-3772
1102
-1010
-1543
-1601
-3587
-2537
-1519
-3545
-1846
-3715
-5444
-5421
-4471
-2290
-1883
-3986
-5086
-277
-510
-36
-824
-913
1253
2616
338
1179
988
3109
3312
3269
6811
4386
4894
4120
4277
3432
2894
3372
4710
5087
3532
3066
4365
5643
3993
3043
2626
4196
5219
2464
3094
3466
642
-367
556
-390
629
98
-1706
-3135
-4543
-4817
-5254
-4424
-3226
-3348
-3575
-3950
-4318
-2897
-5904
-6099
-5706
-916
-3269
-10537
-10562
-8795
-10488
-6479
-8244
-12219
-7755
-8869
-8162
-7806
-7255
-12796
-11721
-12010
-11908
-6572
-5554
-6716
-3115
-3071
-6766
-7080
-3826
-1380
-1307
-3321
-6805
-437
-1302
-3682
-2238
2972
4273
4590
1989
2937
5602
1637
3538
3103
588
3066
4320
385
5282
3956
2822
2592
2655
8005
6516
5109
5276
4667
3467
5783
4283
5185
7927
5592
4098
5282
7459
6831
4414
3541
6426
4222
341
1343
2433
1964
-122
645
1354
709
895
-1414
-3219
-2682
-1074
-403
-1001
1728
1821
664
-3714
-5389
-6104
-7193
-7425
-8887
-4375
-5993
-8460
-8037
-4075
-4205
-4406
-4721
-466
-354
-4334
-3987
-7124
-3677
-5247
-3509
-6520
-8871
-5391
-2275
-3077
-6098
-2838
-1531
645
1646
902
-777
1421
2311
5154
2933
4034
5606
3626
8439
6049
7785
8924
9147
9486
7758
7551
8778
7467
7870
4828
3593
7254
5279
5388
5735
5765
5882
8714
10662
12016
8968
8725
6855
5321
4899
3673
4037
3285
1656
557
-792
-746
309
-1316
838
-1029
2496
1857
1872
26
-567
2535
-93
-348
-1248
-1396
-2787
-5261
-5992
-1176
-1013
-3169
-4739
-6057
-5831
-8028
-5252
-7196
-7331
-4982
-8274
-4279
-5955
-5143
-6108
-8466
-3143
-35
-1613
-4254
-5025
-3584
-1626
-2104
-1250
364
-766
-2188
2167
5768
4998
2816
4494
3309
3880
4503
3477
4419
5774
5618
5024
6193
6472
5880
6857
7441
7687
8083
4719
3759
3268
3154
4469
4494
4632
5971
5638
5388
5796
9248
8096
7522
7593
7179
6141
2644
3115
-283
1083
4047
4579
4125
3865
3597
4036
5142
2332
3429
4343
2363
2648
3028
3131
2366
827
-2375
-137
725
-4434
-3344
-3468
-830
-1518
-5567
-4100
-3903
-1770
-2375
-280
-766
-7161
-4505
-1372
-1970
1689
543
-738
1114
-4560
-2871
-2720
-4539
2082
4798
4249
1818
1111
-205
1204
6673
4789
3614
5291
4234
4220
5580
4681
4624
5346
4367
5470
3816
4241
5205
4905
5470
4176
6420
6903
5449
3291
3650
5094
2520
2742
3900
3775
2846
3723
3370
1893
2097
3745
674
-263
601
-3450
-2287
-1595
-2039
-3377
-984
-917
-2870
-366
-2265
-1459
-1989
-2688
-2729
-3704
-960
-777
-1336
800
-1447
-6460
-5339
-7250
-6466
-7106
-6217
-2991
-6084
-8273
-7616
-5631
-4226
-4358
-6190
-4185
-2901
-4391
-6969
-4311
-3512
-5043
-7453
-6112
-3424
-579
2116
2846
5655
3282
7109
5174
-928
2219
3335
1711
3361
7128
5450
3443
5003
5246
6165
4949
6323
6127
3631
3410
2149
5296
4863
2925
2574
3420
4732
2620
294
930
4003
6395
2213
1907
2673
-271
40
-274
480
-1444
238
-1126
-2756
-1767
-1302
-2104
-3684
-2384
403
-372
-3363
-271
292
35
1130
1980
-254
-1223
-2186
-1333
-288
-581
932
-1075
-5317
-8517
-6067
-8401
-9567
-7359
-9495
-8335
-8134
-3152
263
-3609
-2255
2631
291
-7321
-5719
-1840
1133
2502
782
1210
6131
6603
5338
7228
7696
8175
2490
1388
3913
7107
7449
4215
4826
6487
7434
4067
2936
5273
7599
6831
6227
9113
9384
8750
7969
8058
11267
9345
5620
7565
9425
7366
5205
4069
5835
5714
5756
5050
3870
2079
755
371
-501
2753
-2105
-2335
-875
-156
-1008
17
-1471
-1543
300
-2787
-2641
-3843
-867
-1895
-1335
-3833
-2229
-3595
-6052
-3811
-4602
-2100
-4504
-7658
-8203
-6938
-7266
-7946
-8544
-7846
-7242
-10725
-11924
-7777
-7555
-8352
-8657
-10665
-7798
-6750
-6279
-4242
-5241
-4482
-1333
-337
1147
2494
2929
626
3157
3929
1208
3005
2161
5629
7751
4694
-678
6983
8443
1548
5835
6303
5947
6540
6090
3852
5119
5797
5813
3397
2371
5254
3515
3398
-136
839
1086
-1276
399
-92
2323
1044
1959
2467
-941
-1723
431
-758
-120
-1714
-1306
-873
-3099
22
-3640
-2143
-2201
-1441
-1680
-2645
-2334
-1525
-2462
-2593
-1922
-6963
-6277
-7349
-4902
-5016
-4922
-4269
-3472
-5287
-10117
-10077
-12928
-11415
-8849
-8164
-8582
-7297
-6953
-6082
-6838
-7657
-4853
-2221
-689
-1283
593
117
1829
476
-823
-1641
486
3241
546
1621
3471
2430
2669
4964
5490
6346
3884
4883
2849
2572
5312
3567
1844
5645
5954
4666
5078
3128
5815
6433
5370
3989
5328
4134
4982
1998
1520
1277
604
185
-121
4060
2440
3065
1095
-806
897
2561
-3146
-1900
-1397
-3130
-5401
-4204
-437
-3084
-2278
-6681
-2324
-1704
-3618
-1086
-1592
-746
-2394
-4028
-554
-2015
-3061
-2837
-4966
-5273
-5199
-3869
-7769
-7313
-9274
-10016
-8128
-8929
-7922
-8995
-10280
-6786
-2155
-1640
-1460
213
652
120
2727
2201
2385
2031
1877
426
501
3524
2432
1491
460
5108
5209
4666
5271
6261
6210
4158
1447
4812
5162
2796
5540
3052
5164
6600
4116
2070
2291
1847
2626
-1800
-159
-1266
-3401
-2938
-529
-348
-2455
-2462
-5198
-638
1298
-1155
-2048
1225
2632
4202
2821
3433
4395
1127
-3789
-609
-2814
-2885
-2623
-4392
-470
-1580
-1837
-3908
-1405
-1168
-920
-3306
-3318
-811
-4063
-5604
-4822
-2769
-2249
-4321
-7649
-7091
-8470
-9268
-6258
-3686
-316
-3075
-3784
-2177
2442
3988
3251
3503
4970
6253
4197
3899
2989
4129
3900
4500
1080
867
571
628
1765
2246
3118
1413
1394
2778
5232
1853
2143
-449
88
4726
-439
240
3379
3024
2346
3331
57
1246
554
-2328
1148
-966
-2024
-5836
-3778
-3623
-5163
-4212
-6610
-5142
-6050
-4444
-2511
-2449
-2260
-4679
-5343
-6892
-5630
-4000
-5339
-7833
-5898
-3014
-5620
-4114
-3761
-3600
-3819
-5659
-5722
-4884
-4114
-2890
-5772
-5035
-4265
-5252
-4275
-5473
-4142
-7019
