-958
-1970
1494
-651
-1115
-102
-3652
3183
-1123
-952
1735
952
1002
1802
4309
138
2548
1723
328
1052
334
-57
-2232
-994
-2197
-1428
-1632
-2900
-898
126
1775
173
577
916
-69
-25
-728
-1571
-941
-1216
-2204
-1671
-3614
-1682
-1582
-1774
-751
596
849
1341
1245
-139
-155
-248
-917
-621
1608
-3029
1530
-257
-1920
1617
-1472
-696
-1247
839
-1180
-477
-49
-2829
-2205
-1681
119
-2231
-1812
-700
-830
841
-1441
-88
-399
379
679
864
1353
-445
920
1496
-815
305
377
-289
1760
-1151
-303
-2065
-1666
-2489
-2596
-1734
-2659
-186
-1746
-922
-810
-601
-761
676
813
489
2032
-1368
1652
1338
-219
917
623
678
544
1054
-110
1637
-56
1123
-2102
-706
-383
-3384
228
-887
-186
-522
1060
68
-575
809
684
186
-356
1177
396
1025
597
-406
470
133
-727
-1305
156
783
835
-874
-92
567
-577
812
2189
912
1511
1320
1997
2362
1931
2900
2403
5065
2106
3383
4236
2551
3545
4525
3744
4178
6672
4291
4303
4218
2408
3168
2147
3118
2899
3420
4189
4007
5429
3394
4755
4288
5074
2649
2597
1951
1188
3191
1277
1809
3078
2287
2939
2298
974
2819
74
1832
845
378
589
-293
1549
1292
1424
262
-120
-88
1035
157
-1185
-820
-179
26
-666
-462
-418
-433
347
1663
1349
863
236
51
809
1257
599
-1768
3351
523
-890
1304
-134
3093
-4026
394
1384
587
1403
-980
5039
-1289
-647
1302
-812
-268
-1744
-1515
-1514
-1148
-1274
-503
-1057
-175
352
-57
1192
-139
-1644
-1130
-780
-503
-34
-987
-745
-674
654
1361
2158
4009
3505
3199
1035
1539
622
-600
1023
1014
1191
842
1317
1317
1129
1038
66
338
714
2129
2596
2253
1537
2174
1459
1542
1386
-1635
1052
1192
-786
-1015
-1298
-603
604
-1867
199
-224
-2503
-626
-1902
-302
-914
-492
-380
83
-862
342
33
-91
-234
450
1135
1515
2346
272
1107
32
1402
-1250
-663
-1357
961
-3383
-369
328
-3436
744
-2880
-119
-1814
-2101
262
-725
51
2040
-206
3772
2400
2752
2089
223
1075
405
146
-1025
-69
-2338
-440
-1518
-1087
-1988
-1176
-178
-1439
-1506
62
518
7
-751
-1917
-413
-231
-868
-301
25
-1836
868
-874
-1301
-721
-535
32
-91
234
173
-1411
727
2797
5123
-9159
-10125
13326
-7358
-4273
3507
-1176
1021
-6522
6387
-742
-375
3558
-2842
3600
-2220
-357
826
-1330
2556
-82
540
321
-1548
3306
-2789
-3298
4510
-1363
-857
-1269
689
502
-938
-1040
-714
-287
377
1197
-1271
1921
1781
-1504
1117
1755
-7
993
481
896
1813
2565
2368
3682
3922
4018
1675
954
-483
-472
-51
-1161
-56
-388
216
322
-1072
1017
767
-179
954
-593
-62
533
-2190
-915
3422
-1453
378
1125
-1966
2316
-7574
-1723
6274
-9089
-931
-1646
4334
2777
-6922
8081
660
-2187
3694
1061
-3389
1137
3371
-4300
3004
2736
-2683
1670
1246
-719
-1805
2819
-42
-1764
1316
-811
-1876
70
-444
1469
-762
-750
-618
-858
1311
-776
953
-1622
514
-2207
-1566
-2196
-1241
-3024
-842
1993
-3609
1656
1872
-253
-119
1601
2348
3548
-930
-1956
4367
769
-4630
3650
2247
-636
-2398
-135
2324
-2742
897
122
1163
-654
-1607
-307
1249
1330
-199
1977
2454
-655
1799
491
425
325
568
4224
873
1351
-21
1926
1219
1804
3200
3603
1934
779
1875
-638
674
-408
-224
1758
452
30
473
574
2454
1979
1862
-1196
-755
194
-942
794
-165
469
1096
668
-48
1294
970
562
1625
-26
-360
-348
-1151
1171
1424
-814
-217
-866
-1912
948
1006
-770
-906
-574
1605
991
-948
540
1358
-1043
-3552
36
307
-1880
1476
683
686
-1662
261
-27
-1351
1242
-2154
349
-1100
-1785
-1317
-2425
-2046
-2710
-1558
-1347
-1871
-1057
-830
1029
1593
558
2369
2918
1309
-492
-1112
-3180
-3084
-4223
-2906
-3599
-3232
-3588
-3020
-2594
-4079
-1829
-2148
-105
266
-917
-630
1038
-195
1266
-502
618
1251
-586
228
194
643
-474
1559
595
1198
30
-67
525
-353
-262
-1331
-1464
-836
-453
-1682
538
1007
279
1304
945
263
-47
289
-746
375
1516
60
1804
1266
226
984
1838
1247
139
554
1263
863
79
1413
545
1075
-35
-226
1172
-488
-1161
1902
1017
-955
897
1000
-567
1137
1220
-42
1447
-624
1326
737
973
1569
935
1061
1001
52
1163
2571
5
797
250
-161
-965
-1131
-2353
-3022
-3365
-2827
-2691
-3838
-3451
-3681
-3318
-3911
-2515
-1394
-526
183
-1984
-1545
-1311
-383
-2166
-2332
718
-1761
-1753
-1418
-2251
-1460
-789
-984
-1460
-1983
-1423
-2301
-2276
-3048
-2744
-3288
-2870
-1444
-2080
-2359
-3086
-1793
-4477
-3811
-3610
-3985
-4240
-4526
-4056
-3694
-1991
-1243
-989
188
99
208
957
24
1758
1275
1566
158
471
465
-578
85
-683
-286
36
-1410
-430
692
-1128
696
692
1273
2260
2740
2234
1115
1147
1398
1963
1466
283
1076
1484
1
127
296
-730
-1547
901
141
-247
-649
-674
-772
-127
-340
-1427
1130
-488
-184
571
-182
1394
-274
39
25
-1464
1411
107
-711
-1514
-1113
126
712
1186
1266
923
266
458
-359
-781
-1648
-1995
-976
-1675
-1573
-151
-2499
-2561
-2298
-2281
-2533
-1810
-958
-1459
-528
-562
-1445
-69
-80
-133
46
-896
-1194
-2211
-1029
701
-675
-374
737
-1701
-831
-2164
-1932
-2977
-1878
-1881
-3694
-425
-1530
-1577
-3652
-1049
-1838
-3982
-1539
-3214
-3988
-2147
-1484
-1785
-1594
-939
572
-529
-666
972
84
-787
544
-1639
-2208
281
-737
1876
-814
-7944
4700
1175
-4816
775
-1072
2467
-65
-854
-3655
215
2071
-2749
271
-632
-2011
-989
-706
-374
-450
-1041
-1396
-1414
-2170
-1946
-2140
-1108
-1421
-2316
-152
-1473
-1560
-1818
-843
-2692
-1281
797
-1156
-1661
-606
-2489
-3017
2051
-6374
1072
1180
-4143
1399
-4864
3705
1054
-3399
3877
2531
-923
3106
211
-166
2819
-675
663
-1017
-169
-2179
-1156
-1235
-2516
-464
213
-3677
-431
-1237
-785
1136
-3441
1886
464
-731
32
730
-652
-140
-513
-2243
-3786
-466
-3838
-3891
69
-3619
-738
-215
1112
307
1760
1311
644
2100
3376
817
1549
282
-1580
930
-1748
490
361
-3001
298
-810
-2520
-242
-1702
685
-2351
-1969
-388
-1438
-224
-279
542
1949
1525
455
2237
1000
347
641
520
761
81
-678
535
747
184
1462
991
715
1594
1572
250
768
2072
-1378
-1304
1590
-905
-1608
-493
-1240
-742
-1239
-734
-723
139
-799
187
504
-1029
394
-1298
-2490
480
401
-1548
1445
435
-138
-197
890
386
1130
-206
888
964
-448
3849
1116
1066
1382
650
814
1374
112
110
1036
-1062
1007
1875
1562
2946
129
1533
2549
401
3092
1280
380
1676
-604
2450
433
-1062
962
-2182
-415
-116
-647
308
-1570
-778
-107
-752
798
1430
512
-385
536
-1817
236
-1567
-3320
689
-2848
-537
361
-1066
-326
-1265
-1317
-538
-856
-1610
-1587
-872
462
-771
693
1941
1693
1407
-760
-183
-1898
-1985
-611
-2891
-2642
-1840
-1753
-1249
-945
-999
-725
-110
-902
-896
-468
-1601
-535
-1504
-1139
429
-16
-105
426
-1742
-2924
-2340
-3827
-2479
-1961
-1254
-1889
-2503
-688
-2479
-2961
-1642
-3196
-1959
-3059
-823
42
-727
403
-727
568
-733
-373
-1778
-1591
-1782
-2161
-1915
-433
722
-1330
64
-624
973
557
-253
1320
2087
66
-198
196
-226
907
27
139
-1722
-333
-1155
304
-210
-813
698
963
1912
1510
-44
66
1356
-1603
1216
-419
-807
-1085
-878
-796
123
-596
-690
103
-756
706
-1785
-2067
-1693
-1257
-3874
-1505
-3278
-1739
-3568
-1589
-140
-1659
-220
-1361
1790
-493
2137
461
2061
1041
833
1792
135
1487
11
235
340
556
317
576
894
696
490
-1154
-760
798
-296
-495
-147
-222
-1196
-1436
-1571
-274
-689
-797
-222
-921
-1704
-913
-966
-1442
-425
-1162
-130
-98
-2008
-1554
-1431
-2005
-572
-1051
-1086
-794
-830
-240
499
-711
-794
-785
-1542
-552
-1565
-1706
-2518
-3678
-3035
-4007
-3092
-1672
-2958
-2006
-767
-325
-519
-96
-861
-1613
-1797
-1545
-535
538
828
1278
1643
37
898
-507
-266
-103
-864
-1309
-117
147
203
1351
234
-340
-1359
-601
-1458
-135
-352
-1026
-1698
-1397
-810
-716
-142
1099
1143
1300
1354
435
1792
-378
-727
582
625
-479
55
54
693
265
-167
-646
748
1426
-246
-719
641
424
-1104
-1592
-2771
-1193
-1873
-2661
-1400
-1033
-1816
-2081
-2656
-2329
-2616
-446
-1370
-1442
-296
-442
-191
-998
-840
-1200
1343
-74
-1034
-514
-982
191
42
-1036
-497
-93
293
-504
-540
-242
-580
122
-266
859
651
1065
545
331
493
835
1157
709
1940
408
207
-101
-1046
595
-592
-82
2018
-814
1041
1203
-1966
-778
-321
-1777
-1308
-756
-539
-630
-229
1282
-313
193
1323
859
357
1189
498
804
1260
1037
2262
2365
1702
1234
1931
788
1370
799
591
807
534
467
-27
1405
757
1442
1563
1234
1114
1290
685
995
-433
-1884
-1310
-1795
188
-1424
-660
-561
-334
1380
979
1529
536
1068
1303
267
-507
46
404
-1178
-789
-333
-11
1010
1234
887
1406
170
-1447
-1489
-2700
-2506
-3296
-2937
-3063
-4318
-3340
-2968
-3984
-1139
-2029
-2025
161
198
1602
-208
50
249
873
914
683
715
1058
-1410
-1261
-818
-553
-372
-1391
-644
-1389
190
-178
-499
-1818
-628
-575
-2595
-2307
-1471
-808
643
-1086
-1097
-489
-747
60
-1423
1173
1235
292
1434
1482
-860
1010
1363
146
1163
484
2857
3804
1389
3019
1931
2305
1927
566
2456
-667
1739
752
1052
1937
1208
2521
2545
2855
1300
74
1284
1532
1481
2076
1522
2857
1945
1061
-26
340
74
1496
396
-1093
-12
327
932
-119
434
1734
2532
673
449
628
974
927
-209
936
1499
1875
982
-163
254
-2
52
-465
-108
-269
-539
-1167
-2162
-1107
-89
-471
-660
-187
-32
805
1068
-125
36
-979
-1443
6
-806
814
294
492
1184
1606
1595
1507
2704
2317
2436
2056
2456
1973
2159
654
762
19
-550
-1058
-728
443
-1213
475
-259
230
266
90
898
593
666
545
1936
2151
2209
808
190
119
560
2262
1626
1615
948
102
1037
422
130
1150
770
807
2123
2375
1947
2594
2627
2022
1866
1322
445
-190
-579
407
-370
-32
1545
1247
2126
1309
1401
2222
2938
3373
3634
2787
1900
2932
2010
1439
621
480
345
946
2003
1986
3537
3964
4166
5035
5783
4166
4852
4678
3698
2611
993
571
415
-105
-1828
-382
-257
1253
473
685
1508
1864
1899
1136
1109
525
809
209
-814
-1762
-512
-875
-535
-609
347
839
2203
2066
1563
2895
3170
2757
1711
1857
597
2521
1836
881
849
-187
861
381
-365
517
324
522
990
-293
302
1036
1161
1938
1545
1540
1546
270
786
1386
499
871
1580
1411
2853
1756
753
290
67
1463
1154
1427
1927
2024
958
605
1015
895
775
302
-798
-1048
-777
-1206
-896
-1533
-2159
-639
-66
-259
-755
-473
207
-259
506
267
649
1445
854
1237
782
245
197
948
397
-44
-281
283
1753
1624
1990
1928
1681
1418
1481
376
1224
715
-276
-333
-229
476
76
204
-136
154
-770
11
-272
290
1130
2120
2192
1535
2887
1173
1410
1596
688
395
169
-1070
-596
-743
-1056
-689
-385
14
-546
320
-221
301
437
1093
478
1264
1902
738
1531
-101
92
-77
663
917
710
224
-851
-213
-1537
-1037
-980
-1504
-1166
-1199
-887
-1095
-2985
-2413
-1299
-1033
657
571
110
-671
410
344
-845
-1839
-2540
-1264
-1423
-1903
-1333
-1303
-2129
-810
-321
149
645
219
1643
953
-31
454
62
972
-586
-44
1699
410
365
815
2011
1439
983
474
1239
964
1927
897
-558
972
1074
1271
1291
2009
2209
2719
2593
3351
2152
909
3086
2826
1945
2316
820
960
219
665
558
734
1632
1133
1381
2585
3303
1079
1789
2053
2937
3080
2879
2371
2423
1627
1576
1888
1944
1659
-747
701
1199
626
526
1829
1783
2489
1982
890
1621
864
1256
1649
1276
985
113
257
262
1896
2216
1166
1157
689
2151
707
773
323
1468
2645
3280
3960
3427
2878
1661
3008
2529
3413
2357
1246
1217
-608
-1909
-2272
-2987
-2296
-1173
-242
350
1399
2089
2382
3437
1492
1109
-34
101
-472
-142
-92
-1648
589
107
-993
-665
-1256
-2303
-2024
-1172
-1246
-1900
-1533
1579
-1574
-2560
-149
-3348
-1098
-694
-3852
-1576
-2725
-2965
-2477
-4854
-756
-2646
-1479
625
-489
1404
254
-25
580
696
684
-425
-1143
-12
-282
-337
-564
1130
1936
-1223
-1663
2580
2417
1695
-820
217
770
90
1247
358
632
-224
1064
-155
-326
-946
-343
-1281
50
-1027
-2233
462
-2054
-978
-1860
-1598
-2053
-1107
-1032
-2407
-3198
-5621
-3270
-5533
-4424
-4328
-4631
-3589
-2838
-2049
-2022
-433
-1661
-227
-2054
-547
-1286
-2042
-424
-1899
-1954
-1211
-1372
43
-461
-2599
-453
-2719
-814
-554
-1655
-2245
-1749
120
-1460
-1265
96
-1268
-2487
784
-2110
-2461
-594
-2957
-2226
-1837
-2058
-704
179
324
943
1174
859
345
-750
538
106
288
31
-467
26
-947
709
782
122
-277
115
-794
-1988
-3433
-3352
-2822
-3103
-2192
-1675
-1208
-303
-95
889
1303
-478
142
271
1190
979
533
729
1078
1042
926
996
-642
689
-40
-298
238
-823
-297
-1058
-1675
-917
-772
-361
-589
-459
886
1599
1822
916
2105
183
-1296
222
-1012
-1804
-1075
-1258
-1505
-2196
-1689
-1139
-1116
-1794
-2209
-1067
-1998
-794
-836
-377
-422
-1263
342
436
-425
-373
-1010
-610
-119
-393
-322
725
519
-89
-57
-733
516
796
1157
1284
775
616
362
-140
-20
371
339
1126
2527
1537
974
785
221
353
1128
409
50
351
540
2857
2892
1933
1416
1133
630
-705
364
1437
193
741
-211
486
383
1032
979
1459
2906
2536
2979
2079
1921
657
522
-1182
-810
-315
-463
-1387
172
6
-164
-1082
-1945
-801
-2164
514
-233
-432
323
522
-1030
387
582
-359
-52
-1003
-401
-1011
-562
-1627
-2335
-1755
-1494
-874
-1872
-3161
-1641
-1209
-1991
-2087
-1838
-918
-2017
-2338
-1445
-755
-1828
-1551
-1733
-1185
-1175
-1644
2168
-155
536
1649
510
1185
1871
1942
2737
1374
813
1406
1007
1122
255
646
-720
-331
-1101
421
683
880
632
1627
1627
728
1857
1159
1253
-107
153
894
1035
927
1024
2129
2331
1918
2354
1730
1445
107
-1068
-852
-1248
-723
-1454
-1149
-521
-2845
-163
-28
-213
-291
-230
279
-903
-917
-359
-841
-1725
-1445
-2571
-954
-1529
-1195
65
903
-214
2242
-11
-425
2995
606
-550
1034
-1219
-2295
-1364
-3717
-722
-2763
-1560
-430
-776
-113
6
-1013
-1000
-147
-1350
-1220
-983
-765
-473
1706
974
572
622
668
-20
161
-560
-1149
-1073
-562
-1527
-1843
-539
-973
-1110
-2076
-105
-2003
-596
-650
-2269
-1008
-1124
-1514
-1884
280
-2953
-1198
-280
-1537
-376
-1211
509
902
887
762
-606
-786
-291
-413
-883
-1123
-827
-632
97
1091
991
2311
3773
4981
3886
2793
3184
1170
2327
628
-1892
-280
-947
-1534
-675
-663
-1383
-1657
292
-25
-1142
-19
779
-98
1779
2818
1759
3810
2447
3165
2949
1558
3034
1419
1302
736
776
1632
-826
159
538
-315
299
499
-719
-1105
-1949
-1957
-845
117
317
-1088
-290
-284
630
144
80
-425
-536
-177
-581
-244
-151
513
-1431
-1433
-1806
-2248
-2098
-2389
-2557
-3664
-2489
-2842
-2660
-3683
-831
-1063
-2296
-1110
-3038
-798
-2476
-1459
-1325
-2639
-1307
-1874
-204
-265
-1297
133
-112
-80
9
-841
-266
1018
-148
527
946
1452
2896
1124
2309
2347
812
917
1273
205
-186
-277
-676
-1257
-800
-586
-1102
-2049
-1655
-1301
-1877
-2020
-1786
-2245
-731
692
-664
-45
-360
1304
-456
545
810
-385
-311
-1841
-2543
-1896
-1570
-2802
-786
-1926
-321
-549
-1748
-405
-685
-829
-392
951
195
527
643
495
-80
-180
217
-695
-497
-358
-1957
-1285
-985
-737
-300
-859
295
-168
-304
38
1603
1321
1312
1719
1212
1489
1518
898
1819
-90
-76
-286
-261
-1938
-1590
-2027
-3117
478
-4965
-185
-1444
-887
841
-438
1067
-8
2652
-695
-589
599
-1160
-1469
153
-1439
-239
-1173
-682
658
-43
791
-1358
-1022
-856
221
-11
1065
-393
-51
-236
-277
-1843
-1317
-890
-724
257
-1420
1208
-331
-62
1560
-1435
-936
1120
-5430
1532
-1404
-1638
-19
-3336
-1533
288
-1683
-5850
1764
-1166
-4766
-2622
897
-870
-1309
-1380
1503
-987
27
3146
-248
754
385
-65
-1276
-1046
-2906
-2092
-1756
-2717
-1960
-3415
-1336
-1728
-403
619
-757
-1494
-3122
-392
-2028
-3693
-3563
-3242
-4046
-2664
-3657
-1944
-1204
-4372
-2326
-2509
-1756
-2185
-2078
-2022
-2138
-1272
103
-1024
-729
-60
-584
-384
-730
946
428
1713
663
-835
-1341
-875
-1262
633
615
168
3518
1092
1302
2739
1901
-1290
54
1372
389
1794
403
60
802
-1550
652
1703
-885
361
-408
-275
-1019
64
-22
1087
2403
-1589
2075
1552
350
-406
1184
595
-1493
-17
-1270
-1183
-2913
68
-2470
-3175
-253
-1659
-2282
-1369
-2395
-2645
-1682
-1535
-1708
-1681
-2183
-2885
-1597
-941
-598
-709
-208
-307
921
1136
103
-215
-1127
-1262
-796
-2293
-1166
-862
-713
326
1205
1268
934
915
8
-1292
-2006
-1564
-2470
-3734
-2736
-1581
-2007
-694
-1281
-260
168
-110
-268
59
-219
42
-104
-1600
429
-314
-406
584
281
537
1019
1045
1729
2092
911
2050
2430
1951
2088
751
523
988
832
135
-855
-41
-250
-720
50
135
179
1536
1787
1963
1774
2179
2564
735
1379
-291
-713
-652
-1464
-1138
-456
-55
812
624
262
461
446
108
59
947
-507
1539
865
-432
1159
-665
345
772
-1383
-2010
-840
-1190
-1632
-539
-1735
-1165
-1852
-1450
-1617
-1068
-1359
-478
-1411
-1086
-1854
-2721
-1231
-2773
-2369
-3844
-1820
-2880
-2809
-3337
-1665
-2490
-2292
-1269
-1774
-600
-655
-459
-1451
-360
475
121
315
989
-9
449
-3
276
-1355
-474
-1795
-920
-287
-2255
-1396
-800
-564
-1147
-523
204
90
208
75
67
1136
-395
-271
-1756
-1203
-1290
-2559
-2033
-1847
-1010
-1263
-1387
-1140
-1059
-1475
-728
-890
-1748
-696
-259
-139
510
1341
1809
2302
2184
1365
1482
2011
1765
1653
1509
1251
2015
2246
2459
1523
2475
1985
1179
1170
756
1169
-183
812
720
1805
2078
2357
2100
1404
2629
978
3125
2142
1342
1039
359
1802
2466
1209
1403
2803
373
801
-21
-169
335
1256
-1649
1568
-189
-256
1455
-1930
1141
-557
3368
208
270
804
654
1812
1091
4
533
2266
-795
1457
519
382
1682
705
1703
949
53
1511
728
2889
-422
147
2743
427
-545
316
833
-296
634
783
1431
-722
1194
-85
-204
387
42
1156
1094
1331
1104
2380
2465
2867
1982
3990
3513
3335
3148
3094
3338
4045
1436
954
3866
1808
3766
2842
3969
3565
2677
3089
1740
734
892
1331
-62
887
810
-369
-434
1044
-183
-556
393
755
-441
-675
-30
2073
2582
1866
4159
1885
3470
3405
2727
2300
1318
1254
2517
134
-648
1838
-487
298
819
2277
715
3060
491
314
1289
1346
1529
786
1443
232
474
-387
2479
-975
460
847
-129
-1548
117
-291
154
1423
-179
2009
-510
1045
286
398
905
1064
342
2264
1207
1746
1812
1906
2744
1850
-145
73
2082
242
2078
156
1719
853
2177
667
754
1572
973
89
598
-153
391
1966
-488
347
-345
1175
1184
2066
-738
501
-31
96
688
-410
-994
-1652
-2045
-1090
-1246
-414
-17
-780
6
-595
1147
355
646
586
1293
409
1013
469
97
-646
1296
101
-275
1993
186
2148
2459
2323
2951
3476
2341
3749
3985
1916
2792
2302
1067
1588
-147
394
401
-607
-438
-1666
-1233
-896
470
-1776
-2168
1485
-1584
-2144
450
311
-184
-440
2869
634
1027
1298
-868
303
-808
-137
-122
-398
-470
491
64
-457
-679
1547
105
942
349
218
782
-64
578
-993
-1202
-1596
-456
-1521
-440
-678
-178
-351
-747
-776
-129
-1981
-689
-1195
-945
89
-1880
-792
-1852
-565
-630
-528
-1614
-1616
-2495
-2351
-3303
-1451
-2178
-3373
-756
-3372
-1307
-1860
-1027
2007
-1281
-547
788
-115
-707
-648
795
428
-594
547
2853
-2145
-371
2345
-1159
-834
-311
-591
-1959
653
-69
-549
423
926
698
-99
247
533
593
602
742
655
136
-501
1203
352
-1036
-255
487
-1790
448
131
127
2096
1654
2157
243
2060
1250
-1718
-403
-825
-1013
-467
-2182
-424
-1280
-1636
443
86
-414
1139
1985
-140
101
274
-1032
-507
252
-1728
-1242
-217
-1023
-453
153
-1162
-259
-52
-1650
-1139
-2032
-836
-934
-1086
-1016
-791
-875
-538
-859
-1227
-806
-1995
-1734
-2453
-2881
-1582
-1597
-1196
513
-795
431
334
422
856
-429
-1270
-1009
-1769
-2112
-1399
-2661
-3180
-3584
-2733
-1774
-1989
-2533
-1651
-1928
-440
-818
-2322
-2173
-2122
-1273
-2684
-2628
-1577
-2237
-2390
-1730
-1978
-2237
-1586
-1828
-1234
-1041
-1913
-1326
-1601
-2465
-1433
-1826
-1478
-1218
-2057
-254
-425
-364
-1532
-1800
-2270
-2715
-2500
-2946
-2325
-1507
-1444
-2552
-620
-1662
-1734
-883
-2095
-2228
-820
-2455
-1450
-428
-1818
248
-819
714
212
291
1378
-522
-2650
1456
-2165
-4278
308
-1935
-2596
-5178
-478
-2245
-1928
-1225
-437
742
-1781
847
109
547
1686
890
464
730
-1178
1002
-889
1306
1540
-365
1337
316
1139
792
506
574
847
-328
527
547
-639
-765
-1297
-1038
-574
-1615
-1339
-2174
-2098
-1397
-1046
-930
-1100
581
45
-399
-648
44
1299
108
-1559
-190
-1206
-1946
-1118
-179
-92
154
1703
217
1601
198
-16
55
-1382
-1690
-1651
-1595
-2582
-1264
-2983
-2883
-3061
-3889
-2139
-3169
-1953
-1256
-2216
-1250
-2173
-1222
-442
-1362
-2190
-1524
-733
-854
-649
-1819
-1647
-1067
-553
542
-723
-843
-519
-136
-815
-750
-249
-1741
1126
296
772
1591
787
1341
903
214
-70
-744
-1443
-916
-1456
-726
-299
-908
-1527
345
-975
-901
-342
-617
399
-263
751
1333
238
1630
1613
1128
2207
1282
1333
1609
2708
3045
3196
1469
1626
1652
118
225
321
-996
-1447
-412
-1513
-1579
-1710
-1438
-1074
-778
-634
-1095
313
345
1215
1511
513
1376
866
680
215
106
-710
-1523
-1558
-1628
-1041
-946
-808
-964
2
-132
-190
-486
-2160
-1431
-2322
-3184
-2048
-1474
-1441
-199
996
1047
1014
151
37
-71
-903
-909
-1002
-650
28
-318
96
54
594
646
646
773
-196
1567
1376
49
1074
963
-362
-1001
-986
-1162
-1499
-1734
-830
-1051
-1345
-410
-54
722
1962
2460
1541
1092
1899
448
1259
692
991
1673
-209
785
510
265
632
191
393
2054
1210
1476
1857
1859
1205
2693
1360
484
2324
1107
2513
1120
1059
1572
2098
1510
1964
2709
428
2604
1471
1640
3036
3286
2255
719
1354
2036
2186
1977
2402
-2646
5380
1414
-1970
3210
-560
238
-201
78
-1286
646
478
783
542
3786
-481
1215
1613
-194
1423
-1000
1518
-34
2438
1914
2006
1838
2953
1432
901
2624
2606
1406
2104
2471
1279
2152
2535
2608
1033
1272
164
1284
1933
1160
1316
1393
1419
1627
2393
2906
1554
2069
-347
1278
733
-2498
1172
-704
-376
852
-757
626
1919
1473
2605
2254
1963
1379
1462
1742
2647
1830
628
1393
-421
1244
165
743
1105
-745
821
-274
-1267
-5
585
1751
2593
2662
2780
2265
2936
3029
2202
2469
3001
1822
2964
2557
-337
416
636
-1813
69
408
-714
1396
51
111
918
526
895
216
1942
1903
1323
2962
2647
1738
2930
3648
1267
4123
647
694
3924
212
1674
1345
1287
2524
2469
2191
2900
2138
2374
631
1239
1770
594
2330
1045
1399
778
601
852
-88
-133
1041
135
396
1417
604
2118
872
-185
1132
2435
2507
2496
1232
3209
2730
2497
3181
1843
1454
956
1963
82
1574
-1856
4558
-1118
712
5860
-3257
2050
1537
819
-1361
1306
1128
-90
2780
2294
2838
2810
888
3342
632
1595
-615
58
422
-330
1128
-1899
3357
-550
1400
-514
1204
1497
1510
3008
-624
2591
219
1456
467
2292
2254
1505
4660
340
3448
851
945
2085
-1475
2740
1444
1334
-28
646
277
222
579
-861
-1394
-126
-130
-438
-141
-1622
-1133
-2007
-1287
-1791
-687
-613
-2516
-2072
-910
-2013
-740
-172
319
213
390
-1300
-264
-1146
-3437
-1178
-2610
-3740
-3308
-1636
-5136
-3030
-1624
-2722
-1485
-1723
-2847
-2478
-2709
-3254
-3118
-1620
-2429
-2215
-400
-2524
-275
-347
571
1240
-522
1234
274
-1004
853
379
1489
917
698
2823
1962
2031
2163
1874
1621
619
1409
653
1013
1880
-798
838
-144
-447
637
-1425
-31
-1181
-2080
-1058
-2482
-3026
-1487
-483
-126
-46
-567
-1037
-662
-434
-1389
-1251
-2442
-1918
-1795
-2814
-476
-1632
-1078
-919
-921
-2447
-1255
-1584
-2596
1314
-2831
-1192
-762
-751
591
-1406
-1522
-1211
-695
-1365
-1676
-1242
-2028
-2181
-1781
-1716
-3021
-3520
-2572
-2361
-1921
-1587
421
-1127
1215
2128
1397
1041
358
584
-2303
-746
-2070
-2216
-585
-1553
703
508
1693
1549
1603
1951
213
2192
1180
1526
1022
-109
1363
1453
1033
905
549
2099
3128
2076
3392
3055
2847
2435
1975
940
328
1145
311
-918
130
1077
322
1641
1573
1172
1427
823
1129
468
-413
-255
-1328
-708
-1116
-767
630
348
467
618
884
1313
1200
545
-335
-205
-117
36
613
-769
-202
-1062
-596
-1202
-598
585
-1334
-1942
-2394
-3122
-2136
-1409
-2112
-1214
-1752
-1289
-949
56
128
31
-112
-828
-1896
-79
-50
-125
135
14
1703
493
1137
-18
500
529
61
-446
-1460
-1569
-754
-1175
-989
-60
-1407
48
132
-388
-55
1087
284
-1219
-971
-624
35
-1217
-461
-1589
-2384
-1860
-1067
372
30
1323
1435
1966
2283
2618
3150
4145
3667
4289
3320
1474
2792
1110
3202
2434
1325
3458
1100
1798
1348
1064
1484
-103
939
1336
294
1073
996
-762
-124
-330
-126
-607
-619
85
-583
302
328
161
625
1577
809
-1
569
-175
711
907
-645
558
1723
651
1893
1043
1456
985
-1163
1113
-389
181
-140
22
-379
-510
-168
-445
843
-637
375
186
1061
-447
158
356
-906
-537
-1424
-566
-1333
-940
-36
-363
-1968
-1474
-1299
-1076
368
-44
738
1190
247
503
525
-179
-460
-723
-290
-687
-1496
-1126
-948
66
-1034
-1842
-1500
-2801
-2805
-3008
-2044
-1817
-2440
-2535
-2320
-3247
-2558
-2007
-941
-747
-547
-211
1560
1309
1195
2536
907
3076
572
1982
588
610
-1238
-604
512
-1774
-1372
21
1570
-1521
-567
-1557
-952
-1401
-1434
-1402
-1280
-890
196
-976
-1135
-500
-599
281
-31
-1554
-1166
207
-329
306
988
332
-121
565
47
528
63
500
-383
-682
-608
-739
-712
-985
-1214
-221
1103
759
305
1639
2507
2600
2425
1615
1851
1622
2647
2594
635
897
3440
1501
1310
2937
3619
2015
2322
3109
2254
3062
1804
3673
2767
2936
3680
3323
3282
3352
3663
2100
2068
1339
631
433
-1
251
-127
140
1632
758
188
1117
1448
1376
1910
608
987
820
623
1197
1426
1453
332
1299
98
-145
187
470
407
-160
-54
-1447
-268
-81
-1902
-436
-305
-306
-286
328
-743
-950
-290
-1203
-2044
-2643
-2393
-1980
-1954
-3237
-1957
-3293
-2806
-2960
-2311
-2462
-3195
-1848
-2284
-2072
-3069
-2612
-1178
-896
-1208
-241
-1523
-1586
-1915
-3101
-2631
-2368
-2163
-1850
-1510
-1808
-1544
-2661
-2836
-2078
-1596
-2026
-1931
-871
-899
-360
764
1995
2110
2818
2056
1145
743
322
106
-497
-1114
-901
-524
671
1535
1192
2109
1597
2335
1339
1485
1906
1367
1362
315
1451
1560
1513
999
1581
1275
-171
933
388
393
273
-1
74
394
608
891
669
890
961
640
2032
1114
736
874
979
794
-13
243
476
-622
-1069
-978
-571
162
471
-979
-650
-294
53
150
13
993
378
195
353
252
-569
424
737
-32
-434
-118
-558
-1186
-1713
-989
-1222
-1095
-673
236
351
1325
741
275
836
789
1183
-2123
608
-1388
-2738
-2230
-1481
-1785
-1859
939
-30
360
-500
492
277
1643
2014
-646
-401
464
211
-55
-1022
634
627
-775
541
-1049
-744
-720
435
-360
70
967
-500
184
44
1366
1379
1138
772
2383
1730
1447
598
67
326
-7
79
-751
-879
-1572
743
-361
-1243
-687
917
929
190
556
1576
881
218
1784
326
217
-1188
-1509
-32
-97
780
133
-1469
-695
717
1096
-245
380
1302
269
484
1080
934
920
21
-107
-861
-2148
-466
-1733
-2124
-875
-2221
-2713
-608
-2525
-3019
-899
-1283
-426
-2202
-2894
-2616
-1043
-1749
-1240
213
-475
-750
610
768
-786
946
292
113
-678
-581
1033
173
-7
-91
-733
-740
-290
-18
-328
-676
-904
-1081
-956
-1473
-1657
443
24
-835
-1034
-948
-3044
-2478
-1361
-884
-505
-1566
-184
-303
-1469
-2647
-1537
-1118
-1117
-1640
-651
-809
-585
-703
250
-1891
-343
-1227
-2328
154
-2643
-793
-1284
-1088
-2117
-498
-652
-500
-1057
-2166
385
-1687
-1475
-1053
-1048
-1559
-238
-131
-1084
-115
-1047
-245
-2079
-2538
-2853
-1940
-2716
-2982
-2822
-3745
-588
-1707
-1047
-310
-1567
34
-714
-163
792
-2807
-585
-1656
-1296
-1428
-2428
-780
-1804
-135
96
-1058
-2631
-1254
-452
-714
189
-428
517
844
741
1285
-431
225
-913
-1022
-1176
-2048
-1905
-811
-604
-621
189
-53
1008
750
-886
-1219
-465
-1365
25
-631
-863
-361
550
1002
450
639
1053
1434
948
817
1266
1349
1307
852
-629
-135
104
-678
-347
-248
-1292
-1042
-2621
-1992
-1658
-1816
-1167
-896
-1331
-1147
-221
-1251
-1991
-1923
-1989
-2695
-3222
-3316
-1638
-1769
-1778
-1239
-2003
-994
250
-55
711
1128
387
627
561
-692
-698
-61
-291
1160
994
1525
3265
2048
3143
2640
993
1109
632
1119
550
-607
2278
2658
2527
1720
2757
722
1917
1006
229
2255
-991
1871
-2174
524
-1407
-2399
-1562
-2242
-1565
-1770
560
774
373
-183
36
-638
1122
-19
704
287
1816
383
1392
1461
366
1015
-624
1599
2491
1265
1625
1789
428
1588
892
1357
1448
812
590
-830
-961
-543
-267
574
796
263
1204
609
206
1188
-645
258
-746
-657
107
-830
-469
-1057
-60
-32
443
1188
1991
1104
791
457
203
159
1354
-586
928
865
-334
652
-752
2245
-371
-822
380
-837
-1146
437
-1313
-2604
-738
-1673
-1630
-1455
-2245
391
-1466
-1249
119
-1363
945
-1733
178
575
-1005
305
847
66
502
452
138
1253
-87
578
-933
-1544
-5
-278
821
2349
875
121
1064
373
536
1141
1413
752
1884
1108
1313
780
-1029
128
-624
885
950
704
471
951
1761
2153
2209
1731
545
867
758
472
567
-9
-578
-767
-1447
-1723
-992
-2132
194
-740
-143
450
461
792
2058
1016
-602
-1607
-2054
-1007
-1426
-468
-2011
-227
-1617
-2470
-2004
-2434
-2109
-1930
-1045
-694
-494
609
-117
641
687
877
1618
-4297
-761
3433
2823
-571
-3038
3884
2510
-597
2885
589
550
123
58
1769
65
737
-863
-940
-1578
-1106
-110
-971
-41
-7
-729
-344
-1087
-264
351
-827
589
-380
1863
43
253
2273
660
2222
2775
3394
3517
1988
1550
1943
-572
154
-602
-1724
-2506
-866
-807
-2954
-204
-673
-329
-797
-1161
-264
-1363
-1257
-634
-1629
-309
508
619
1244
509
2118
864
630
1431
580
494
-445
-97
225
-353
-1311
-2081
-1555
-1495
-1310
-1398
-2039
-1411
-2674
-3308
-470
-1481
-1459
-1445
-2109
824
-765
221
-1038
-1683
744
-1242
-515
982
-751
428
-205
-632
410
-1709
-736
-725
1030
409
-901
-554
775
-28
-821
-147
-1178
-493
-814
-2411
-991
-862
-442
1074
-2063
315
-1251
-1814
-1631
-997
1031
563
-326
-1991
2213
261
-431
-1462
-665
607
-2229
-999
-545
-1733
-2810
-1584
-2400
-2442
-3851
-2926
-2305
-3221
-582
-1095
-338
-842
-808
-1127
-956
-1582
-2108
-1147
-3250
-1792
-2719
-3386
-3146
-1546
-650
-1786
-2388
-1256
-1100
-2479
-1330
-1599
-1044
-1492
-2030
-323
-3093
-3815
-1202
-1490
-1323
-1496
40
-1375
-1576
-2333
-2925
-2500
-3145
-2745
-4146
-3475
-1537
-3716
-1344
1279
103
751
726
1215
879
2426
1654
2524
-689
1518
3250
1482
2912
2328
2463
1177
2640
889
326
1203
773
-383
549
1558
1927
2084
2031
1162
1128
1411
2474
2723
1205
940
661
246
1397
322
-968
940
-323
1080
1286
2279
1147
1665
877
898
660
9
1603
324
2739
1556
1980
2438
331
-33
193
-1218
-117
581
-849
-943
-335
-506
580
1191
1016
275
-1590
-1508
-345
-138
279
754
698
-60
-100
220
-115
1734
1577
2821
1847
2641
1752
1066
775
-146
367
692
769
-458
-570
-991
62
-26
473
936
1591
-194
328
-581
-262
-887
-1281
-555
-2385
-2165
-1369
-224
-447
336
-1165
318
62
785
1516
1108
2486
277
2241
2080
2226
1147
2000
673
-704
2917
-1168
1570
2128
455
1336
382
1222
442
-1457
398
-32
-1845
-1231
-1126
-481
-487
-995
-633
-233
-955
899
-928
304
-509
-1319
-593
-371
202
-275
1089
777
1201
715
1994
2054
1913
1794
3149
1872
2213
2827
1191
1197
39
384
-85
-724
-493
695
152
249
1993
1995
1799
2069
1391
1328
326
1229
2677
2227
-340
1375
1677
1343
1159
403
130
766
2207
-1967
1533
389
-134
925
731
1658
347
246
-145
-106
-10
1229
-992
-311
-637
-554
598
-517
-311
-623
1229
49
132
397
-535
-143
-316
-674
-592
792
599
733
-324
1307
-386
436
187
-1
2346
-348
224
-1114
-1731
-1245
-939
-1212
-1877
-1084
-580
-131
384
250
-326
529
1415
-323
-128
46
1031
1142
837
1575
1201
2923
2649
1852
2703
1941
1616
2235
1747
1582
1270
-408
-1117
1252
373
1528
2383
3465
3212
2750
3816
2193
1987
19
49
-464
-588
-1056
-1619
128
-343
1354
1579
-527
1338
990
1030
1651
790
603
524
663
1535
1214
2917
1861
2320
3847
1860
2192
2188
1777
584
449
626
443
-1207
-1379
-2195
-943
-94
837
977
481
435
888
-403
-541
726
532
338
-763
189
-2093
-954
-914
-1393
-710
-1625
-2161
-383
-74
-768
-1000
-1512
-49
-542
219
1765
1251
726
7
-931
-1057
-425
-1644
-2065
-1310
-1113
-736
-1018
791
580
504
353
723
-201
1347
1420
-175
1455
853
-1110
113
416
-1074
585
92
-317
-829
157
305
-210
907
1540
2692
2700
450
2347
1657
-186
56
6
-1907
-504
-1251
-1806
672
-289
264
-1119
-303
-993
-220
1020
904
780
-77
-195
-386
-701
1593
-1920
1777
1142
-406
2643
-1262
1507
148
89
-763
291
-1537
-1102
-97
-320
176
-1678
-1147
-277
-276
-429
1449
-199
991
-651
-1345
-1645
-1700
-1228
-375
553
-1360
-1014
-1569
-1771
-2202
-2958
-3393
-3015
-3256
-3779
-2823
-1225
-138
-496
-564
-337
-70
357
-473
-603
-193
1125
752
572
-1797
-1184
-783
-2628
-1890
-2496
-966
-647
768
1335
2502
1287
652
2028
671
1188
1568
174
-26
-48
741
161
1048
333
811
1542
939
1247
205
-460
234
74
-579
58
-2654
659
-2042
171
-1652
-673
233
-2056
1196
99
952
877
1138
-993
-1415
-3169
-144
-1065
-1196
-1430
169
763
790
2899
2828
2200
1535
1016
-1403
26
395
1407
1692
2035
2189
3153
2401
1781
1579
1178
1281
928
556
-97
411
287
1533
1660
479
117
-8
-126
-465
277
2271
1801
1494
2321
392
277
-889
70
209
-1886
265
945
-823
326
1051
829
540
-29
-55
-87
761
-1060
1035
-516
-275
-448
-1450
939
-1024
-1889
-2213
-2550
-1063
-1318
-1718
-505
-370
1360
517
795
499
454
192
1113
-350
134
935
-466
326
-210
890
-19
-836
-1050
-1055
-1318
104
-608
-1367
-737
-1483
-1510
-1663
-2792
-1994
-2487
-1719
583
-941
954
328
-31
-225
-1323
743
-1653
-356
-456
-637
567
433
1364
-75
-610
-761
-1570
-1743
-983
-896
-6
-888
-14
-24
-875
256
-475
-787
432
663
442
1004
2142
266
2046
2135
246
2257
690
723
1125
591
216
1321
1238
1093
-129
52
420
-1239
-498
200
-173
1359
1923
1002
1698
-114
-259
994
1754
1341
1279
1717
2220
1518
1302
2620
721
1466
1671
76
-1103
-2140
-1726
-1463
-601
-479
116
1267
816
634
1768
1587
1270
802
1615
1864
500
1187
735
1237
682
376
1536
845
905
371
1791
2331
1312
1459
1154
882
141
-191
-372
-826
-612
-231
-508
213
1178
1649
610
1030
574
-13
1085
-981
-249
980
-260
-598
-698
-2
-2272
-1491
-622
-2295
-354
-1078
311
-688
-1002
615
-591
50
-529
-181
284
-41
1338
1092
618
1468
-752
-792
741
-1462
-1741
-1205
-1322
-948
-1388
-1430
-936
-924
-1528
-1349
-547
154
-1188
741
372
-680
119
-1410
-89
1273
-257
-1409
-661
-1739
-2603
-1192
-2494
-3838
-2429
-3155
-2514
-2027
-869
-219
-904
-704
666
-269
259
481
-1718
-2142
-1911
-1294
-2277
-1592
-1618
-323
-971
-337
40
-657
236
599
-127
-809
17
-1190
-2323
-2559
-2821
-4232
-2489
-1678
-2951
-2632
-2737
-2151
-2304
-2327
-1643
-2534
-2240
-1903
-1800
-2329
-1127
-830
-2472
-2129
-1914
-2010
-2084
-889
-820
-1174
-1829
-2713
-3260
-3206
-4658
-5483
-3904
-3213
-3193
-2045
-2112
-1444
-1426
-1802
-891
-1863
-1360
-2278
-1939
-1979
-2303
-1284
-1527
-1797
-1747
-2452
-2890
-2680
-2159
-1828
-1806
-268
361
1316
720
247
-339
-700
-1468
-1332
-1473
-2292
-658
-799
-47
-157
1397
1301
1259
640
196
601
183
1350
221
325
-212
876
0
639
621
-1390
575
699
-603
-503
-318
-928
-782
-543
-799
-1060
369
221
-541
-534
-403
515
543
-207
1306
1373
621
535
1079
833
-703
433
-1381
-1267
-558
-505
-448
14
333
-643
-157
-372
69
-593
-218
156
-212
-1364
-747
-127
344
517
291
392
-321
570
757
589
473
730
1004
1772
852
1692
2379
1844
1141
878
204
-164
1115
672
1308
1355
2013
1405
1056
398
454
714
337
941
-250
-489
-213
-1189
-1324
-406
-2323
-2053
-920
-1454
-792
-297
-926
-1118
-940
-237
-370
-1356
-1336
-2706
-2532
-2646
-3793
-2874
-2683
-3067
-3338
-4176
-4403
-4490
-3793
-3790
-3114
-2609
-3229
-2743
-2278
-1636
-1997
-1571
-900
-1094
-336
868
806
-211
-1025
-1592
-2201
-1836
-2449
-1449
-218
-1517
-447
141
307
658
617
475
-653
-834
0
-715
-1596
-1336
-1837
-1881
-1040
-1225
-722
-633
-594
-133
-561
-495
-299
-501
-1287
282
-316
28
1190
99
852
402
1488
1564
991
975
1803
1185
603
696
494
672
1126
2008
915
251
-759
33
-342
-219
-696
-684
-188
30
212
517
-24
68
1322
371
-316
142
1138
421
1053
452
1188
1623
19
2
108
-840
159
774
581
524
892
65
-313
740
358
1254
1626
1608
1428
2230
2817
2609
1659
1211
1079
1128
1945
1281
1136
633
1090
2275
1471
2188
2735
1403
781
710
144
513
-149
-572
-554
757
483
479
1678
551
902
277
794
701
481
1516
268
295
556
1127
1246
308
1557
2033
708
809
1657
212
2112
1301
1492
3086
-240
1790
1422
1397
2118
1136
1631
1430
1743
1757
2299
1105
2039
982
1427
2015
330
1749
962
1229
575
1008
1336
765
462
-348
357
101
-968
-1866
-1467
-787
-495
-731
-716
-670
301
3
-304
-882
39
-625
-1749
-219
-1169
-14
865
969
412
659
1593
725
340
1922
1354
1467
1077
371
2048
1508
578
827
-3
-172
-927
-920
-594
-2378
-522
-358
-74
-1156
-543
-367
-638
165
-1467
-748
-609
-412
-1367
-518
-1246
-1514
-366
37
-1300
-1382
-234
-1483
-1704
-2305
-1138
-805
-282
516
952
-453
-648
-950
-648
-244
112
395
-1916
-522
-1003
-643
-813
-244
960
73
-336
-514
738
-312
-220
-640
-658
-535
-414
-182
934
2099
941
1271
481
-509
324
1136
111
960
2038
2099
1795
2475
2595
3282
3752
2728
1393
1313
2031
2216
2653
2062
3131
2282
2284
2407
3304
3747
3044
3005
1257
2098
1104
1545
2088
961
1851
660
1950
1426
1453
1035
1434
1987
1261
2016
1718
2829
2000
2945
2152
2710
3339
3187
2852
1348
1741
552
846
528
109
1347
1908
2186
2112
2273
2351
2228
2214
2152
2555
1486
718
551
950
1838
2348
1670
1650
2519
1065
794
1702
1249
-287
-744
500
283
-393
-13
79
-833
-2005
-512
703
582
63
306
271
-253
198
-239
-1035
-827
-579
-1017
13
331
966
442
266
677
551
861
-377
-306
70
425
613
798
729
1682
1405
2203
2017
2429
2793
1946
1801
117
1705
1150
639
157
956
725
2161
1707
367
1150
-452
763
-64
-704
803
-237
78
1207
526
1730
2013
1154
82
479
413
1612
459
716
753
726
1575
489
536
1226
302
-217
419
-40
1197
-1077
494
-633
1682
-1287
1699
2289
-1734
2307
-605
1709
-1366
261
-711
-345
-659
-693
238
-644
-172
-903
2091
616
1231
375
738
-351
170
1298
395
763
259
62
504
988
1514
1702
298
-1163
-987
-357
152
-541
446
708
366
-268
-1122
1911
-621
1345
1175
-626
715
905
-18
-71
1094
-89
129
-769
-275
-1637
-1996
-2141
-2199
-1836
-1257
-165
-1165
-1626
-1212
-1690
-1211
-837
-1165
-1209
-1930
-1698
-1724
-2283
-1264
-1850
-901
-1005
-327
634
-551
-223
178
96
-563
-609
-1761
-1679
-2982
-1368
-3400
-2156
-1594
-1766
-656
-1765
-1054
-1297
-1352
-1726
-451
-938
-619
-1471
-1771
-2577
-1355
-2803
-2387
-1362
-2764
-1606
-1531
-596
-331
-492
-973
131
659
-423
-516
-1283
-1777
-875
-888
-1458
-1219
-1110
-1427
-1223
-1362
-1454
-1776
-1677
-1655
-1926
-1184
-1651
-1325
-1165
-1521
-2079
-1475
-1931
-2168
-1565
-2590
-2142
-2679
-1190
-1823
-5
414
1103
2017
1076
458
967
224
-759
1502
-2033
-39
-192
-857
-976
-1209
-401
-805
-150
-1147
-27
-724
-839
-1545
-974
-1435
-2351
-1365
-2729
35
-1730
-289
966
-36
-84
-984
-1773
-2453
-691
-2992
-1665
-2326
-1295
-1822
-1250
-1986
-2216
-2649
-2415
-1420
-2180
-1422
-1343
77
-540
1136
1085
1528
1720
2120
1828
3494
-2130
497
2658
2812
210
-2793
4500
73
468
2469
1732
1324
1840
678
934
377
-1562
-1268
-819
-728
-365
-147
403
-178
384
-380
3136
-483
-978
4166
-2706
4819
675
685
2818
-409
2869
457
1795
90
80
300
480
1963
785
-746
1084
1175
1557
2511
2153
979
1258
1158
63
190
475
1611
2088
521
1032
3339
1211
3833
2997
3318
2765
2972
3640
1778
5171
3485
3597
2985
2839
2180
2540
2073
1786
4344
1652
2420
1280
881
2746
1422
1671
2538
3547
439
-781
1731
1326
170
1112
769
1469
-1588
136
3317
499
940
1392
1275
-642
297
251
329
55
517
-144
-227
323
132
81
1244
1647
-1202
-85
76
-1074
1577
2435
1759
-165
978
37
-3552
1152
-1408
-756
842
1002
438
-1008
818
1154
261
-1491
93
595
672
552
-1254
500
2274
700
605
-105
1480
-88
-256
-80
230
-151
-1669
-933
-440
-39
-765
255
-1243
-1250
1628
1451
2679
2647
1116
4557
3246
1894
2237
2283
3058
2758
2633
984
793
944
1935
2313
1220
1605
1133
1758
-130
-40
1897
1749
1569
2852
2162
1950
4783
3238
3215
3206
2135
1744
1943
343
196
800
511
1525
2877
2047
1203
1265
1634
1041
200
875
948
372
-169
131
246
-288
506
37
113
1784
524
1779
276
696
319
1302
97
248
2901
1450
1753
1826
2161
-97
7
45
100
940
1307
-187
3479
-808
-384
1186
-887
2658
-117
1354
1251
441
71
728
-685
-1686
-3057
-2505
-3721
-3944
-3237
-2940
-1111
-2468
-2022
-778
-1419
-842
-1247
-2226
-2580
-3451
-2388
-3004
-730
-3180
-246
-837
24
253
376
2122
1043
1567
1199
2286
813
1049
-235
1739
-1906
1284
289
-390
1234
280
1500
852
2289
913
539
119
591
-1420
1236
434
-370
1008
148
-130
434
1178
-292
582
-1177
876
1657
69
1721
1179
1993
1439
78
1670
972
475
788
1439
1294
739
960
1012
667
-432
21
-680
574
-871
96
-908
769
393
-906
-910
-3086
-709
-1517
-1203
-1113
-335
-856
1305
63
1075
625
-516
-225
-589
-7
-2631
-2293
-2791
-2723
-2452
-3259
-2074
-1939
-994
384
-831
-1892
-2164
-1687
-2546
-1489
-2967
-2670
-1596
-1106
-2500
-2214
-234
-2345
-1741
-1773
-1555
-2221
-2268
-1850
-2836
-2122
-2715
-2094
-2183
-1041
236
-1530
-1945
-636
-247
-1890
-2224
-2359
-1695
-2739
-2273
-3571
-3393
-1744
-2595
-2858
-1391
-2346
-2542
-984
-2384
-1154
-2801
-852
186
5
2707
1745
2243
1878
1362
3008
2605
3861
2452
1267
1326
-42
-783
-1577
-438
-1183
-573
-1665
-109
1215
-560
798
437
-67
1393
1224
1057
2148
1694
1417
1368
1659
1424
1091
1323
1063
2043
2169
930
2431
171
709
2181
579
1212
-380
756
359
-387
817
577
2268
2079
1388
1374
768
1601
1004
536
315
-237
-1204
-2694
-2393
-1553
-2506
-2724
-1936
-1108
-1997
-2424
-1811
-3096
-2918
-1515
-1907
-2608
-1546
-764
-894
-975
-592
-990
-365
-994
-2473
-2321
-2256
-2698
-2088
-1836
-1500
-767
-530
67
-183
-581
-395
264
767
658
415
-447
-1251
-1231
-1814
-1900
-2495
-1689
-1474
-1422
-420
-1094
-199
-859
-1933
-1353
-1468
-1920
-1603
-1053
-428
990
1226
1956
242
694
730
-182
655
-489
-652
-827
-1191
-666
-1052
-2277
-215
44
96
351
553
885
326
1189
987
-205
911
1282
310
745
1414
1990
1800
1397
1630
1815
1857
2091
1023
369
264
-400
762
-474
-956
586
518
800
1917
3127
2308
3342
3583
1991
2297
2339
977
3685
2112
1313
2833
2026
2796
1538
1516
1588
1586
2289
1292
1305
2271
646
1694
1326
770
785
550
-149
-488
782
-1
-184
264
-718
-798
394
-790
-30
-734
-1764
-1816
-1685
-1329
-2456
-951
-2304
-2024
-1250
-1712
-1284
-1020
-853
-1409
-2513
-2422
-48
-1505
-1127
-354
-710
-526
478
683
-636
-128
-1
-571
-979
-128
-185
-163
-61
-28
-133
-1242
94
774
-173
-942
555
980
-1637
-1273
1369
2062
-1865
-2941
417
-1080
-3131
-2745
-775
-281
-2580
-731
906
77
-846
181
-197
-487
-424
-2386
-1586
-1540
-482
-807
-2181
1046
1195
149
100
508
1013
167
-385
1023
-1064
-3676
-1578
-384
-894
-3100
914
-1797
-3827
100
-1458
-784
76
-854
-1497
-254
-1127
-25
875
461
794
36
-117
56
-73
469
1777
569
1003
554
-401
401
-1834
-1064
862
113
-251
-1047
520
1059
-312
1226
686
888
887
688
85
-1384
65
-485
-1447
-662
-45
-931
-258
-1328
-1845
-2478
-1911
-965
-1547
-365
-912
177
-730
-1736
-828
-956
-2120
-1791
-956
-1466
-911
-2848
-2981
-1486
-2141
-2894
-1931
-2554
-2645
-2625
-3355
-2333
-4053
-3266
-3388
-4607
-3930
-3271
-3251
-3102
-1647
-1036
-3383
-2094
-1811
-3201
-3316
-1197
-1537
-1465
-2362
-1339
-1957
-2352
915
-5772
-1183
824
-3258
-1264
1341
-1677
519
-313
49
1670
217
2152
-1357
581
1171
-713
-816
-977
-728
-1414
-1928
-1615
-1468
-1183
-912
-115
-1165
-592
-1132
-11
961
-672
1558
1767
-976
-206
1592
1992
1248
2271
1967
1642
1410
851
1131
1768
1700
2223
2740
1195
2266
1578
1500
1877
2490
1141
2746
1891
2281
2959
869
1809
2551
3069
2
403
444
121
719
1008
757
113
649
1338
69
705
832
126
855
-350
-849
-831
2
-226
995
1624
1178
559
1078
156
-396
823
-90
-1296
-388
-532
-2002
-1438
337
592
-492
-78
1181
2526
-1546
1
660
-1431
-157
-177
-300
-134
-119
-449
364
-864
190
-698
-1844
-915
-1791
-2664
-2517
-2374
-1246
-1714
-4006
-1996
-1539
-5112
-4350
-2463
-4510
-4463
-1853
-4856
-2062
-2318
-3831
-852
-2492
-1301
-1972
-984
-1878
-781
-1954
1179
-2102
-1245
1703
-2321
447
-2509
-1341
768
463
-871
2832
1248
1656
2520
1079
2226
1409
-12
-1714
-2767
-2586
-2044
-2661
-700
-957
-1389
-1553
288
-687
28
-823
-804
-1496
-2236
-1697
-2306
-1625
-766
-246
-1012
2228
-7446
-4410
6454
114
-7792
-1036
4673
885
-3322
-7074
1471
830
-2639
-1621
-2301
618
-1216
-1923
432
-3182
-2057
-283
-1890
-1717
-369
-1351
-386
-410
-467
-798
-1820
1555
-3071
-15
50
-840
-240
-1590
36
723
135
-4419
251
357
-188
-3018
-6649
920
-2084
-4146
-2082
-3729
-2508
-3020
-3536
-3180
-1998
-1261
-551
-1154
-2068
-549
2142
356
-830
1280
289
-413
-199
-1339
-1633
-1649
-3230
-265
-1620
-3521
-2083
-2914
-1889
-2491
-3291
-1208
-37
-533
1535
2422
1796
582
-622
2481
2653
988
1149
1150
436
-682
268
560
-576
-1880
-961
-270
150
-1515
415
2697
1763
1538
2967
4949
3201
2820
2800
3310
1523
1189
627
1399
2751
1667
2903
3340
2094
1921
3053
1605
736
1143
1523
1156
-1631
-840
301
-212
928
266
1338
-9
158
2019
-418
-526
748
1109
1769
1293
151
714
525
-398
-470
-342
174
140
-46
160
-314
-1761
-1009
79
-1135
-1403
-1754
-266
-231
-186
665
-1944
914
-1291
-1372
1631
-762
3087
36
-534
-68
-1890
1234
-380
615
446
-1598
-327
-920
1627
1112
-118
940
81
1447
1248
599
1079
-570
-348
615
-749
689
-257
631
-881
1284
1207
1206
2710
1649
2691
1851
2671
1412
2660
1184
2677
-653
1233
314
-1158
-702
-2827
645
-1815
377
-461
-343
-124
-647
-87
907
448
476
1852
2584
1676
-1291
805
934
693
-765
273
1431
-574
2071
1669
1238
2274
1440
863
791
1545
1168
1903
1606
1046
1092
1890
1412
694
1558
1077
1371
1699
2329
2503
1660
1302
35
1306
2532
1689
2689
2890
3188
3576
3593
1868
3194
2652
2377
1853
210
2200
747
749
1243
1265
616
289
917
857
-234
686
1674
1227
1414
622
1415
2240
1065
2384
1840
1234
1519
630
479
387
539
861
1849
1573
1151
185
182
-39
57
-1354
-955
-186
-1514
-1963
-781
-1071
-1391
-1436
-474
-571
-1411
451
-2189
-1640
-1333
-1439
-1163
-698
-274
-1014
-1864
-1824
-1771
-2113
-263
-672
834
406
102
858
-61
279
-641
-382
328
-262
-712
-1233
-1282
-286
-798
993
2041
1519
2044
235
755
500
-560
-565
-850
-1125
-1313
-887
634
650
151
28
-48
1480
2261
1939
1926
1806
844
705
-239
-1221
-541
-577
-314
-388
-889
-919
466
1736
387
1126
1314
806
932
1639
1098
324
396
501
111
197
875
143
-501
933
325
-985
723
417
-303
-764
327
-584
734
1013
265
1289
209
70
445
361
-559
-191
104
-578
-555
471
-364
767
1489
2078
2272
744
2140
2250
2201
1172
1695
2494
1961
2416
1705
2001
835
388
965
701
951
1064
2150
2174
2378
2773
2676
2660
2186
2617
1826
2098
1550
2268
2824
1621
2443
2488
1964
1272
1567
1792
1471
1197
1583
977
1125
601
686
1641
-704
2356
3580
1737
3206
3057
5136
3896
3614
4331
3377
3658
3944
3100
2139
2974
2881
3480
3903
3043
3841
4367
3592
3877
3342
3487
2485
2853
2768
3311
2485
2761
2040
3225
2584
3481
3136
2935
3429
-318
5353
2244
1930
2247
2737
2390
3032
2915
957
4966
2888
3304
4180
4349
4354
4189
3906
3034
3728
3691
4037
3233
1995
2367
2385
2134
2315
1862
1273
793
757
24
33
326
-1008
1107
-1514
-796
-1062
-2925
-844
-2230
-1826
-56
-626
-1011
-721
-558
605
-752
1129
822
-590
-744
428
23
-948
-119
-1457
-76
-1254
-2280
-2413
-1664
-1515
-1164
-821
-999
-230
-2333
-1353
-1979
-1867
-969
-1931
-2464
-1291
-3526
-3506
-2973
-4160
-2684
-4062
-2326
-3459
-3359
-3446
-2748
-1835
-1581
-1246
-1401
-2102
-2120
-1901
-2718
-2594
-2891
-2961
-3504
-3333
-4049
-2385
-2502
-2271
-2463
-3089
-2380
-2154
-3288
-2894
-3212
-3108
-3615
-3309
-2697
-3949
-2745
-3593
-2553
-1241
-2373
-1704
-736
-3860
-3191
-1830
-2930
-2605
-3090
-3237
-3424
-3731
-2181
-2083
-2227
-1441
-2101
-1968
-1619
-2767
-3124
-2719
-2625
-3001
-2855
-1794
-1949
-1614
-943
-855
-973
-492
-664
122
61
-1028
356
-340
-441
564
-1401
-2410
-970
-2133
-2496
-715
-2461
-2140
-1800
-3468
-2240
-3985
-4956
-4574
-5856
-4711
-4690
-3398
-3403
-3230
-4258
-3621
-2414
-3953
-2828
-4006
-3394
-3169
-3147
-2856
-2945
-2704
-1974
-2634
-2510
-2166
-4187
-3624
-3359
-3035
-3942
-3460
-2828
-2696
-1890
-2165
-866
-1764
-2540
-822
-2065
-2394
-957
-1993
-801
-662
-2736
-1226
131
-1288
-1162
-1213
-2474
-2576
-1743
-1635
-2435
-1749
-2564
-2533
-2654
-1855
-2102
-1895
-119
-2063
-350
-49
-594
-161
36
825
-273
373
-762
-337
806
-588
806
1093
425
1434
1558
881
1657
1749
1222
1996
1327
288
881
-451
-395
-418
-1152
-200
-117
-268
32
592
1287
254
-183
1408
58
909
1523
971
-397
244
881
-166
-456
45
302
-497
1161
544
367
2103
2448
965
3150
3748
2605
2614
3278
3110
2154
3349
3017
1659
784
943
843
1730
1620
1718
2264
1916
143
1540
1049
1429
3444
691
2638
1171
1179
2441
867
1179
867
2227
516
352
2321
825
1399
2033
1016
1056
-170
-257
96
222
-72
-570
-569
-1048
62
-189
75
145
-250
285
392
495
1697
1359
740
578
610
1340
733
1449
-217
422
970
-437
1337
-939
-1054
-460
-551
416
589
1425
-442
1783
663
772
2202
757
483
784
237
-311
1470
-694
-552
396
-380
819
681
-240
-19
-841
-525
624
860
-876
840
741
177
1308
174
-26
-355
-74
-134
283
-106
1245
2151
994
2611
2404
2184
1886
1080
1634
494
795
308
-409
-1464
-1962
-1154
-1311
-1615
-692
-1793
-371
-316
-138
-462
-473
64
185
2230
-1483
1133
-63
-1360
-660
-1145
311
58
-6
572
760
-255
-192
-806
-389
-1249
-1460
-2408
-1372
713
190
3
756
372
-67
-529
-523
453
-1179
-1116
-1251
-2107
-1693
-2284
-2187
-3116
-2641
-1685
-2992
-1709
-1941
-2855
-2408
-2171
-1913
-2036
-1953
-1125
-94
-782
-169
783
-292
587
404
-41
261
585
-145
-1660
-278
-25
532
194
1226
1063
138
1905
717
1569
-68
-375
217
-2086
791
-158
212
-835
-985
-880
-2329
-754
-1820
-1131
-1109
446
-1527
-2766
-914
-138
-1670
-442
-186
-727
178
-2176
-16
-343
93
1419
869
447
951
1090
-188
1213
-591
-770
682
-940
-411
-498
-581
-624
-646
-159
-413
-1117
-1602
-1005
-1725
-847
-1172
-1935
-1001
-1115
-27
-412
231
1117
-537
-230
694
-386
-245
-67
95
-115
58
3
-665
1010
348
-1094
-1314
-1226
-2149
-1198
-1844
-2476
-1378
-1593
-375
-358
419
305
-76
878
623
1247
1757
242
-210
1346
261
1002
739
-309
1596
851
1447
521
374
529
-1143
-493
37
337
395
-862
-435
255
14
-726
-121
332
-119
-370
-1102
-201
-714
-1578
-1138
-468
-1649
-1160
-799
-1538
-401
-906
-2130
-736
-609
-608
233
-908
-615
-2065
-2782
-1918
-1357
-3468
-3593
-2083
-3903
-2409
-1205
-1999
-1878
-2421
-2681
-1119
-1283
-870
362
-298
-1085
-328
-631
-410
3
-261
-1407
-1966
-2129
-1047
-369
-987
1098
-66
-802
-306
-538
-561
517
33
262
1284
1207
2460
2459
2416
3013
2290
2394
1075
754
1426
1431
1839
1858
3045
3351
3943
2208
4052
3480
2013
2707
869
1264
-150
-1229
-1166
-401
-1016
-173
867
757
1119
2313
1573
1521
1647
1692
1455
511
253
-1060
-1008
-1411
-379
-834
316
28
718
-445
-527
-683
-486
-2022
-3050
-2504
-2817
-1152
-2905
-1106
310
376
-959
545
-18
-954
-247
-1381
-2511
-390
-2459
765
167
-17
75
-3693
1969
-2490
-1036
-61
-566
-870
-941
-475
-2394
-39
-86
2192
-1347
102
2000
-1139
2071
-4051
138
1190
-4273
71
-2057
690
1212
1700
1084
861
2283
1401
2701
-884
-623
291
-1729
-2243
-2855
-3013
-1747
-1771
-1779
16
-736
246
551
184
1569
373
1013
-20
-1172
290
-358
-222
963
-194
784
1436
1920
1387
577
868
-789
-361
-1803
-1536
-3216
-342
-1227
-1970
2567
-478
1735
2412
1066
1034
-243
-218
-591
-2103
-1723
-1131
-2670
-2367
-1424
-2079
-989
-392
-976
900
-333
-936
-361
-2752
-2078
-2392
-1168
-3560
-2540
-1381
-3456
-774
-2882
-1555
-1178
-2685
-1449
-571
-1893
-123
240
-717
513
158
-83
838
581
651
-1
-909
884
-1228
-2351
-2046
-2038
-3322
-2689
-2244
-2687
-1441
-1493
-559
-3276
-3040
-1213
-3715
-2024
-1988
-1751
-4
-967
-306
612
-150
749
1000
697
324
-1331
-770
-1419
-1684
-1091
-1550
-1678
-1727
-930
-1794
-1740
-933
-582
-961
-1244
822
-1078
399
998
59
852
563
377
-422
-79
-18
730
596
871
450
1487
671
100
617
-3
1371
-412
-574
509
49
339
1838
1729
632
1344
1020
1368
23
-45
416
-382
-75
264
-609
-719
-756
-547
-1402
-2402
-279
-942
-1071
-645
609
24
493
1039
1251
2524
2389
2956
1905
1367
977
63
51
-336
-267
-301
645
673
605
1766
-285
73
-188
-791
258
440
903
90
197
1186
251
23
796
-170
-404
-792
-1136
-595
-1990
-884
1009
547
1841
2320
1693
2787
627
1371
475
-738
257
-759
692
-755
148
700
-68
-204
3
232
67
-432
254
-857
-943
152
-1289
-69
-713
-389
38
-560
253
257
1116
911
1729
2479
2124
2756
2709
2835
1944
2178
1426
2616
3617
3339
3391
3077
2744
3230
3051
2223
2523
2515
3423
2243
1190
1871
2120
1134
2285
1554
1074
1746
1865
1575
2129
2523
599
1192
1032
1300
1805
1976
1681
1358
1456
420
1111
1654
1521
1204
1072
1075
1498
1001
445
1266
908
363
-176
10
-1444
-833
-1334
-1262
26
-846
-194
-340
-564
-1091
-1262
-1869
-1323
-1829
-1422
-981
-1146
14
484
410
-344
663
1256
-78
-309
-159
-875
-1938
-2844
-1460
-458
-3154
-2662
-753
-3216
-2518
-3234
-2463
-2115
-2081
-3027
-2992
-1077
-2254
-1362
-3129
-1727
-2712
-1598
-458
-1072
-5
-1649
-1211
-1598
-497
-278
71
-840
-476
-928
-824
608
-1089
850
368
70
-874
-1494
49
1501
940
1065
1072
1039
1806
852
1858
890
1532
2047
2123
1965
1551
1277
1901
1882
1605
2410
1500
1357
2238
2461
1771
916
1365
3622
3149
2796
3841
2235
2634
2773
1553
1226
216
705
-502
-903
-19
-1380
-1760
-1054
-1281
-4
351
208
971
-170
-59
1439
160
618
-272
-974
973
-439
85
1174
1154
-2846
-771
2732
308
-3928
-2855
2634
1364
-2316
-9298
-4018
1921
1334
-781
-6466
-4192
864
1793
-3433
-1947
-3735
-285
-46
-2219
2475
-4497
8
2755
4
-600
-1154
835
1749
-110
-677
-1610
-1028
112
-2128
-2548
-1769
-544
-2054
491
-107
-583
-184
1136
2580
2499
680
1549
1230
-1616
1304
385
2308
2256
2016
1708
1126
1608
1636
2116
-205
-1273
1214
670
199
2124
1002
494
1881
887
980
1673
-2176
-465
-1885
469
849
-2136
735
-966
406
3667
1810
3215
2874
1182
2363
964
2690
959
399
1397
2507
1359
756
2938
1866
2429
2273
1232
1244
1201
2325
1272
1138
2635
850
166
1169
1972
1204
-958
-251
731
276
-759
-1289
-450
-142
1500
131
102
1903
2740
2044
2333
3271
2974
3882
2972
1608
681
1108
1035
-788
1190
2448
-1041
831
1802
435
20
970
1745
1339
2374
1192
1622
1424
1378
1990
1697
1761
1767
1024
522
352
972
1237
1124
1991
2210
2446
1636
1501
2297
2917
1866
1084
1138
-53
389
586
-40
-257
-1352
385
-927
-645
439
168
1155
536
2573
2072
796
1481
2416
3259
3314
2127
1694
1147
2706
2506
2125
1945
508
1611
-97
1170
1332
404
1000
-1032
-300
-103
-179
1009
1344
1611
897
2779
2402
2011
1915
995
855
837
1083
-2244
-884
-32
-1072
-1640
-993
-513
531
1137
909
-384
-642
2212
1023
547
600
1900
-437
7
769
-986
778
1423
496
-215
-151
-56
444
1780
1511
1059
2091
2255
1764
1569
1344
801
1138
552
1183
749
1819
2291
2518
1877
648
1860
1217
2778
1610
658
1170
455
1268
1226
1672
1610
1042
-871
108
-445
-282
199
-340
-498
-583
1035
-324
344
-1255
-371
139
-5
546
1702
1196
-1245
911
525
526
200
429
1459
305
868
1199
716
827
1901
1411
763
835
1240
2031
1348
1738
1298
1959
641
1036
2419
1182
2219
3511
2104
1963
2932
1497
1848
1678
474
493
2099
2049
2213
1838
1081
3321
3292
2393
2529
1548
2177
495
-1250
371
-96
-369
2951
2861
2803
4767
3747
4160
4507
3911
1390
1557
658
651
663
-612
-2188
-1411
442
-1909
-1200
-1299
-827
-2017
-1321
-1846
-2261
-756
230
1313
2531
2932
2036
3734
3311
3038
3638
1866
1459
2397
319
-147
255
-374
-2675
-2230
-1977
-576
68
481
192
543
2193
834
3090
2503
1290
816
-495
-624
233
180
561
1051
1589
467
431
-138
-765
-244
-175
175
-766
-9
-1340
-951
-402
-1500
33
-189
366
324
-88
891
457
493
-278
260
1954
1544
883
2211
-460
-84
-262
-465
341
-438
1055
577
1441
-427
1299
2124
1346
830
20
-187
-265
-500
-331
222
285
603
-564
1103
-27
286
480
-14
-80
-878
-872
-836
-348
-1033
-70
490
825
1527
1218
1263
1560
1068
2225
2404
1742
3445
2663
2658
-252
-1580
-648
-667
1703
675
777
-292
473
1902
-84
-117
909
510
-62
-452
-1084
-35
-193
-954
185
-616
-602
-1213
-1990
-2526
-2656
-3570
-2647
-862
-1873
-972
-1470
-1078
-1730
-840
-183
-1383
-119
-493
-1866
-730
-2249
-2169
-2678
-4059
-4793
-3415
-3902
-3867
-1963
-3452
-1760
-1924
-2387
-3269
-2552
-2686
-1660
-408
282
456
652
1521
935
-529
-563
-1389
-1309
755
-1033
-1746
-1733
-1152
-1764
-1425
-1621
-2042
-1300
-219
123
98
-188
-34
635
-69
-492
-1407
-1546
-1802
-1129
-1132
-633
-1464
91
1228
-1063
-19
-195
-603
-1358
-1863
-1351
-1083
-2098
-1574
-1273
-1686
-2088
-1363
-1126
-1767
-1623
-3374
-1585
-1113
-964
-520
-738
-1081
-1368
-2148
-1894
-2098
-2527
-1849
-3311
-2137
-2271
-1281
-1255
-1686
-501
-1422
-2596
-2241
-1381
-2332
-1561
-1326
-30
860
-215
76
35
580
-829
-863
-1059
769
-1072
-1876
1
-2133
-1265
-1120
-401
-1081
-178
-501
-172
-770
-2469
-1832
-1396
-1675
-1096
-1164
-2035
-1687
-2437
-1674
-2630
-2245
-1482
-2508
-3743
-3323
-3321
-4484
-3897
-3721
-2016
-2572
-2036
-2297
-2214
-1619
-1154
30
-2269
-1900
-2573
-2093
-2580
-788
-1151
-389
1013
753
1669
842
1552
1215
1130
224
-321
-545
-373
-1321
-1136
-736
-441
-303
168
-1200
-398
-998
-1103
1325
796
838
147
-922
-417
-1390
-1618
-1760
-2402
-1022
-1384
-1776
-970
-533
-1048
889
-505
791
1755
4296
1523
-706
2760
517
-1853
-1185
710
-1898
-1266
-1533
-144
208
-2
308
-691
-1140
-575
-1650
-1691
-989
-1912
-2786
-2500
-2006
-2968
-491
-510
-252
218
-1381
-1254
-1156
-3693
-3155
-2038
-1121
-2139
-2610
-1269
-1760
-1221
-1802
-2841
-1790
-1863
-2985
335
-25
-691
365
-819
-995
644
-829
-1479
-994
-2335
-2047
-2147
-1053
-1379
-1793
527
-282
-506
579
-2314
1579
-2119
-481
-581
-1252
-534
-360
-102
-982
1665
-5632
4306
-2535
-2112
2349
-1883
947
125
-1244
-1988
-598
-1458
90
-2693
778
985
787
1264
954
-239
210
-1667
-1480
-995
-2308
-2052
-1474
-1841
-2775
-2247
-3903
-1453
-3927
-2366
-1300
-1978
-509
315
1051
1385
1802
367
943
562
577
52
-48
-820
-2265
61
-386
-1913
-39
217
-1299
-1320
-470
-1122
303
279
417
-171
-783
806
928
-240
65
-58
-3574
2391
874
-2103
-2414
1633
5947
2011
-2468
-2734
4993
2562
-1649
-3265
799
-1902
-2556
-1184
-1726
-2898
-2364
-557
-101
2110
-3909
-225
3124
2410
-2454
-1127
3511
2923
-2157
-3474
4410
3774
2123
-804
2192
2230
914
1832
-1057
2884
528
593
621
-648
800
1208
1541
1204
-340
-1917
2133
718
-2423
600
-27
-3077
-2570
-2049
813
-1861
-1542
1936
-340
-1179
791
1460
1975
1793
-571
1794
2381
-350
1451
3370
517
964
1226
-100
-1114
915
-589
-2085
-2045
-2560
2204
-1502
-1873
-1402
-1131
1622
-931
-588
190
844
-101
-1350
-981
-303
-263
-2645
-1032
653
-1568
526
19
850
1283
1398
5104
2154
1231
2320
1694
1178
132
736
531
-694
-527
-456
-926
-965
-2761
-1192
-1364
-3881
-102
-1821
-1734
-8
81
-1050
448
1435
545
1013
-395
1673
810
2799
-733
729
1946
-752
-449
2821
1409
-992
2741
-326
1619
-66
1559
1432
-279
108
-1709
-869
434
-1187
-748
-440
-1918
-4035
199
274
-1085
805
-2745
392
-2800
244
-1207
1034
634
-1128
1181
-577
582
-353
-13
-2811
1066
359
-1686
486
-333
-472
1271
-238
897
1973
314
-1305
602
479
-2537
-1744
-3695
-2537
-2034
-2169
-1119
-308
-778
-338
535
128
1201
1277
174
-1277
754
992
-638
1133
1048
1331
1411
367
2298
1710
717
745
744
-583
-456
-1568
-1979
-1125
-2897
-2791
-1317
-572
-1858
201
-225
1049
525
-135
324
1553
1005
257
152
-198
2221
1942
1579
223
2891
1406
3018
823
2359
2362
-140
2911
763
2359
89
152
-314
1486
693
950
2307
77
1498
689
2189
99
1215
474
506
1759
1473
1900
1828
5056
1379
3432
1891
3766
3808
814
3278
1588
2693
2086
2029
1911
2169
7
561
559
216
494
84
1317
542
629
1389
864
734
974
333
226
166
-874
-666
366
783
806
-315
867
643
1082
35
462
309
-609
602
-252
410
-178
336
252
187
649
151
434
1381
-846
326
485
-464
-1014
-1602
-61
6
318
-170
413
743
246
-492
129
-1595
-994
-422
-448
-190
264
766
962
1619
22
179
-900
24
1734
-220
311
69
755
-644
578
-856
-1530
103
-2370
-203
-960
-800
-2152
-248
-2296
-411
7
-1618
1211
-1218
-552
61
330
-300
1075
639
52
635
143
1519
380
186
602
25
1335
115
759
1364
1590
822
2027
724
562
1076
-67
1336
-99
909
19
104
193
903
1214
1247
1834
1527
2743
2526
1489
700
892
1482
1487
616
-324
1012
2237
1951
1891
1317
1425
2580
2502
899
311
1450
1804
356
98
-316
374
-127
-498
-36
-273
37
-29
1221
-102
-552
742
-199
-552
254
-581
401
-950
-688
683
-1157
-439
-1656
-385
-1166
-2092
-780
-1388
-1107
-616
-885
-710
387
-174
-49
-297
-910
357
141
514
1302
-82
669
696
12
-419
-746
-73
-1291
-1347
-26
-1068
-994
172
-93
-40
500
-294
-7
-682
-1698
-485
-1615
-961
19
-389
-559
211
656
515
1406
1012
1328
1626
1438
1115
1332
1566
1270
1507
1148
772
454
34
-373
337
342
513
482
376
2186
1710
1850
2419
2264
2377
2542
2696
3751
3312
2991
2404
2575
3265
2099
1590
572
1150
-195
488
525
1393
1610
812
1679
928
1111
1461
26
92
819
223
130
-211
703
-424
604
-252
-454
-845
-290
829
996
348
-989
-198
-566
-778
-2178
-534
-751
723
518
1093
2132
1711
1999
1058
1352
1328
1861
1353
1566
1631
1100
195
585
-94
313
-1246
-1359
-2278
-2210
-1700
-2765
-2905
-3330
-1626
-1790
-474
-292
1949
1709
1164
725
43
-216
-1197
-2216
-2120
-977
-1837
-1633
-1303
-757
-404
-278
-623
-423
169
772
-122
479
267
1195
714
-181
570
-383
-386
575
-208
-1727
-694
-607
-795
489
-590
-174
1831
-336
813
200
-610
-409
-1490
-1707
-1588
-1881
-2792
-2375
-2061
-2092
-1307
-78
-447
-1205
-1506
-369
-566
-1593
-155
-189
-427
350
-1339
-79
-667
-285
153
494
1022
-438
-528
-1922
-928
-847
-331
245
861
454
48
156
-36
1498
1053
1127
1351
881
949
132
-923
-1006
167
-100
-134
144
173
1219
801
1062
185
-199
376
-1698
-1198
-441
-1972
-2633
-1703
-1033
-867
-1285
-1161
7
850
-392
533
400
18
855
-1658
-707
-1903
-1703
-1237
-560
-601
-1771
-990
-1781
-1058
-1051
-1622
-1343
-954
-567
-665
-90
384
-787
-1022
-1775
-1864
-660
-166
-270
99
-317
-967
-1093
-1317
-1608
-1517
-1535
-975
-785
195
441
-530
-48
110
-464
-63
-860
-1683
-951
-1748
-1155
-2182
-2078
-1657
-1988
-2104
-1346
-805
-593
381
1120
1152
627
-397
-917
178
-579
-533
-839
-191
-614
226
156
-1449
-429
308
684
423
1183
1069
1286
251
450
1005
-603
-375
-909
-197
-585
-700
-745
-988
61
409
517
812
507
-154
642
750
931
1455
1818
1393
2370
1176
603
1662
807
-147
-436
-214
-149
-714
-1433
-1309
-887
-1695
-621
398
-453
-871
-595
-218
-1542
233
37
-737
471
-1401
-2866
-2835
-3222
-2126
-2849
-2610
-1649
-2672
-1833
-1399
-1549
-1280
-667
-137
253
-621
-337
624
84
433
113
-348
-135
-314
-907
-1400
-663
-917
-1488
-1024
85
125
-535
-1152
-1365
-541
-1179
-663
-214
313
227
-670
-695
-1333
-633
-729
-689
-358
632
404
-394
804
305
1225
2114
979
1453
1442
655
839
843
-23
349
1028
-341
950
1425
1235
1128
694
1163
1022
1335
-21
194
-851
-1296
-258
253
634
1264
887
1287
1558
1406
1440
1017
912
-309
-515
-964
-344
-1118
-862
-825
-1151
-573
265
-864
-346
-255
-102
-571
-862
168
-612
-46
-1020
-167
-42
281
835
732
-418
234
875
690
48
-85
383
454
1359
2334
2526
2288
2151
998
86
334
329
-418
-744
10
736
-1602
-1324
-344
-444
-715
-978
-795
-280
364
924
-309
-664
-133
-451
-290
803
-64
-1220
-572
-571
-907
-2298
161
273
-1018
-843
-1623
-922
-589
-1026
-345
-456
-711
-1152
-663
-324
-796
-1103
-1179
-1754
-1586
-965
-1386
-3057
-2324
208
-596
1579
1123
1054
280
43
774
685
-195
-189
-231
-1187
-245
-570
222
-348
944
-204
-714
-389
-1562
-1978
-130
-182
-1089
-682
-2174
-1102
-664
-474
-439
-1816
-2955
-2178
329
-701
-1351
-2360
-3068
-1655
-1758
-1064
-2144
-1242
-686
970
1378
1017
-116
-268
420
-610
179
-518
-392
636
-183
-1275
495
-1089
-980
-1420
-1149
261
339
1373
23
-246
1376
2393
336
2019
1944
226
2125
10
-355
875
-478
-284
-473
-1441
-327
-868
671
1327
-459
1508
1186
812
1607
652
-114
467
1630
1661
1109
55
639
-685
-1223
-189
-2026
-722
-1212
-589
-871
-490
-281
-1819
38
-744
-803
-634
-211
-283
-715
-292
-1099
-558
438
-1383
-382
1037
-1309
-302
-93
-1170
413
38
525
1009
-931
-1328
-1127
-308
-224
-1687
-120
470
-1449
-1297
-29
561
-147
-127
-386
-730
791
47
-1064
-1035
-2
-1213
-1436
-761
-2498
-1029
-424
-917
-1234
-497
-915
-1430
-1871
-1937
-2560
-1846
-339
-1765
-808
-1171
-2202
-1890
-1313
-251
647
1344
2841
2420
2740
1417
1452
2248
1752
1227
-533
1327
713
2434
713
1054
906
1287
49
620
2202
-444
1661
-503
-595
-1015
-459
-2237
-1024
-1188
-1372
-2084
176
-592
-1435
-1121
-560
-1952
-78
-3002
-4448
3058
609
273
-8247
2025
-1401
-2782
820
-2030
24
-740
565
-2978
-1231
-1663
-1942
-2229
-625
-2334
-2315
14
34
-4823
733
-103
-3483
-681
-669
-43
-2342
503
-454
-3146
-915
-1042
-1561
-750
-1345
-236
-3065
-687
-200
-2146
-1684
-1075
-410
-649
1008
-169
654
468
-34
-860
971
2823
155
-72
667
362
95
-118
1185
1456
-322
627
230
306
804
-154
1468
629
-98
801
592
-211
204
467
-515
-637
893
1635
1117
1199
1140
817
613
1543
1183
329
-783
526
-302
852
1607
1141
2745
789
950
2143
1973
1870
773
2339
2476
-358
1716
1530
751
312
2318
3327
3317
3910
1965
1687
2966
1193
1320
2402
-37
2165
1981
1442
2501
1237
716
1749
151
278
1804
456
-81
1465
885
1822
912
-244
1980
1199
1091
605
1648
1257
1952
586
413
1303
786
1376
908
511
414
1134
899
473
-147
554
-648
-45
-98
692
1191
147
1258
1209
1319
880
1580
2128
1008
361
884
-203
234
37
-427
3182
2433
478
3429
2059
3761
1975
-1716
-172
-1127
-1271
-1898
-1516
-504
1191
-152
1608
474
644
-101
324
1022
107
1153
-858
1028
149
834
-368
-29
-147
2038
2372
205
1415
-109
461
1349
293
1807
277
-1053
1805
-66
456
-549
60
-1204
-1372
-989
-50
979
-208
1401
1095
1064
1043
2011
421
945
1166
261
481
-234
-849
905
-1048
-799
1958
-58
-45
610
343
851
-351
474
1056
191
1046
-1062
-311
-676
-492
1948
971
677
968
776
-327
-911
-695
-2265
-1479
-2569
-990
-1303
-1963
-753
-1230
-574
1106
1164
123
2583
281
289
1090
-302
-1647
-1167
-1277
-1159
-1683
-1133
-1959
-2218
-41
-1170
-711
-577
981
343
772
169
477
261
-836
-124
-1433
-673
-907
-690
-895
-928
-1022
-110
-78
-632
958
1838
1227
1577
1536
-324
-686
-514
-652
-1623
-821
-680
-395
-567
-115
203
-486
-171
316
31
406
-251
-1047
-772
-1224
669
-188
-742
-1270
-214
560
-955
-686
110
-35
-386
1011
665
-115
363
1088
821
971
270
247
877
-582
-570
-50
-61
-146
33
452
221
26
1435
940
448
850
1014
1622
1790
865
1667
1914
-1027
25
-159
-32
-36
-353
770
810
1463
1849
759
84
-5
689
1333
794
1025
-127
339
-82
587
788
239
854
196
604
-561
-381
-657
-833
-929
-1126
-1322
-1882
46
62
236
600
607
4
-453
383
225
342
118
-685
-1416
-638
-691
-476
383
-388
-838
-332
-126
-1819
-969
-756
-3259
-2142
-333
-446
1228
1047
1430
2234
965
450
-41
375
149
565
623
-139
2
-370
69
761
1178
1943
-254
121
733
856
875
307
1422
904
1265
2
-694
-1129
-1462
-573
-814
-261
-37
-133
-214
596
1079
774
1149
828
275
441
234
1012
998
18
1253
705
-54
-127
-514
-637
-347
292
960
1366
1481
1096
1304
-55
-1128
-547
-1014
-1852
-1584
-616
221
1849
1407
2234
1007
585
496
909
1612
1035
1383
1442
465
-630
-220
-1147
80
-742
-1416
-1940
-1882
-726
-341
-462
-835
159
306
1256
469
-57
222
-296
-182
235
208
-48
-314
-301
-52
-1176
-70
536
915
1433
1285
1253
1165
1181
1633
833
-274
655
-614
-979
-1776
-2074
-1539
-1062
-381
-717
-25
1210
-216
-4
-307
-778
699
-364
-1476
-1058
-76
-343
265
557
792
1997
1178
1423
1636
1399
1897
1330
1339
-20
-318
-1117
-643
-1112
-1850
-2301
-2312
-945
-2115
-2048
-504
219
416
690
843
1510
1276
280
-765
-1061
-1470
-2653
-1385
-758
-897
777
234
1331
1287
733
1920
2824
1588
1705
632
594
912
-699
463
1009
853
716
2959
3126
2126
1585
1044
-580
3
-805
-244
1027
1062
291
-1069
3
-276
1012
1569
932
436
856
-313
-398
298
-419
-611
-1262
-879
-949
-920
-1048
-1871
-1672
-2063
-1771
-1925
-2409
-1839
-1342
-1346
-2022
-1420
-1295
-773
-646
-931
174
-734
-892
-678
-955
-656
435
-955
-1027
-544
-543
-500
-1014
-395
-1087
92
-1178
-564
-917
-1287
-1084
-948
-47
516
128
-427
1464
-128
43
-288
-720
295
-374
413
271
-348
-311
-135
-483
221
750
516
1687
80
1201
740
338
-86
-739
278
-422
243
675
837
-598
1046
1125
733
1036
1378
1098
1599
1787
967
942
-400
-305
-1090
-439
-1703
-1118
-1407
-1284
-78
488
850
514
233
347
1741
26
163
363
797
681
1914
1703
816
881
731
670
643
348
1123
2110
264
400
726
1488
923
297
275
-744
-870
-244
-1662
-1777
-1890
-2565
-2369
-1610
-1775
-1645
-365
-49
636
-672
299
-521
-764
-526
-901
-159
578
168
-1913
1088
687
-1192
21
875
-396
503
1169
-1448
969
-3
-934
-101
-653
-1891
-1029
-567
-1228
188
-945
-293
-1166
-635
-1863
-1406
-530
-2679
-1442
-1386
-1705
-1396
-2090
-2570
-1461
-1634
-1749
-1499
-2541
-2548
-2269
-3052
-2216
-2576
-1558
-1187
-1372
80
-1762
-2275
-2991
-3377
-2041
-2785
-2098
-1953
-2556
-1815
-1246
-1131
-1866
-1257
-1840
-2486
-1795
-2008
-1833
-1345
-846
-861
-1310
-456
456
-784
-1340
-556
695
40
-1418
51
1516
1944
450
1457
2677
1083
2038
2105
1726
3317
3459
2449
2524
3193
2683
1201
1740
2135
676
-145
-458
-807
-1148
-1386
2
-131
-570
119
-422
728
1530
2296
2285
1998
2057
2386
1460
-136
-532
-425
-62
-1570
-1509
-3197
-2258
-530
-744
-80
261
32
-477
579
632
4
-184
-55
-1803
-2042
-2022
-2278
-2594
-2102
-1190
-1659
-1219
-1979
-2261
-1173
-2362
-1805
-1237
-2286
-1074
-1370
-1456
-779
-664
-467
-63
-2331
-3331
-2628
-3226
-2616
-1856
-719
-1643
-2514
-2104
-1666
-1048
-592
-276
156
104
-268
-122
-749
-1401
-1465
-2435
-2819
-872
-1499
-863
-640
79
484
1191
1793
1456
1316
652
1514
2890
2014
-356
1790
-1207
-593
-2396
-1156
481
-394
37
-1311
-871
-460
574
33
2655
2584
2852
1754
2198
1146
1644
-317
477
1490
461
2020
1018
1156
1841
2043
405
1243
570
1840
1682
1894
3010
2172
823
344
1286
730
-93
-1165
-823
170
-25
806
220
514
-372
1118
484
-517
-453
-1675
1998
-1326
-478
1168
-554
-60
-1138
-1447
194
-600
-176
1717
-864
1011
74
119
1165
-460
414
-2102
-1136
-649
-2102
-470
-1161
-1849
616
1053
629
398
1542
-146
151
606
-252
-134
-1813
-2191
-3191
-1604
-2709
-1822
-2537
-1325
-676
81
-102
-192
833
-11
-656
-1639
-729
-2266
-1497
-2540
-868
-464
429
858
954
763
-320
1036
769
501
6
-21
-481
833
2258
-162
1109
303
-1366
577
-464
467
1006
1229
1370
1783
2493
3124
2111
3417
1530
1530
2932
1285
1264
-4
849
444
1193
1042
-550
2057
2893
1314
3237
2047
2552
3334
2135
1591
1642
2790
2543
2962
360
985
1700
667
1876
1693
2100
1386
1552
1880
2046
2498
2048
2096
2150
2167
833
1015
1626
716
1043
530
145
-10
-188
-114
-272
98
631
1051
1000
510
1463
1303
1096
1757
991
1544
981
1392
1507
1717
926
1241
1332
197
372
-64
-207
-577
-274
-286
391
536
-6
155
-312
-1085
393
-318
-22
784
-204
281
2123
2420
1680
2449
3289
3123
2813
2862
1332
1077
738
1460
779
649
1653
581
2144
1547
-237
16
199
-819
-311
643
-957
629
614
-1169
-42
1284
2126
3105
3068
2795
2048
1653
1842
531
236
-1059
-1076
-490
-518
-147
-592
-688
307
116
720
1177
265
1374
1361
2102
2268
1980
1807
1671
2199
1857
1977
2203
2882
2838
3227
3361
2830
2734
2068
2013
2170
2343
2720
3533
3009
3266
2745
1853
4493
3952
2169
2563
2467
1427
204
636
1016
-589
905
1742
629
1773
1450
2720
2371
2240
3795
2072
483
1693
937
-628
-484
-423
855
1036
1110
1326
2040
627
1214
1702
1279
554
163
239
-842
256
-249
-630
186
124
-36
742
1049
648
504
340
-738
-129
-898
273
-37
85
583
854
1206
2064
2486
740
1500
-91
985
-145
-480
-548
-2173
-1861
-1161
-1948
-1019
-572
-680
-650
-1913
-9
1042
390
13
52
296
906
353
1047
1719
603
296
709
77
85
447
1161
284
1337
706
2936
3592
1274
2876
1849
2610
2391
1715
1096
1909
1274
1266
813
863
804
-234
985
218
1156
1714
2429
2629
3179
1099
908
2043
427
1151
106
-1039
-1068
481
-317
112
350
-449
1206
625
608
916
-201
-722
-53
295
-674
-567
135
466
856
227
879
805
1064
409
112
240
-432
-141
-2050
-2349
-2632
-2881
-1188
-1824
-1220
-895
-2035
-805
-1962
-2121
-2247
-1595
-2253
-4136
-3892
-3772
-4097
-3195
-1914
-1924
-986
-1987
-473
-1027
-650
-171
198
632
-74
-260
-1493
-1647
-2318
-3203
-3560
-2312
-1882
-2328
-1464
-1844
-2222
-817
-2468
-1097
-1611
-2711
-2689
-3895
-3043
-3520
-2818
-3047
-3155
-2435
-2878
-2365
-1399
-1708
-1389
-1982
-804
-551
-753
518
-1869
-624
-1151
-330
447
449
1226
533
381
-1447
19
50
-1152
-1020
-714
-749
-513
383
834
-968
172
-164
-4
194
368
1622
238
1888
790
182
1020
936
1128
998
1666
1116
1182
2075
2108
2685
1143
1699
1498
324
-88
14
-1064
90
1692
712
1731
905
3318
3864
2210
2522
2495
1553
1097
-513
-320
558
1159
1240
1384
2024
1465
2189
1753
1987
1270
2786
3299
2165
3048
3489
2691
1990
1944
669
588
829
7
525
797
387
333
714
517
-819
819
1631
1264
1296
392
383
-690
-1049
-2300
-2566
-2150
-1289
-1102
-2118
-1069
-2341
-1506
-1211
-1320
-345
-66
325
517
-202
-594
-1060
-2469
-2097
-1505
-2022
-1052
-510
-937
924
-22
445
-319
-798
45
-683
-1169
-371
-283
-166
942
-213
1092
830
1507
2464
2911
1871
1374
1099
28
1115
1444
2263
630
-514
1295
1957
1670
1979
3051
2385
2839
1879
531
2039
785
270
-52
67
-309
489
204
-49
732
2032
2504
4216
5636
3938
4317
3418
3054
3637
4150
3314
2516
2325
2758
993
-205
-232
76
568
368
1097
1705
2323
2372
1693
1213
1347
1769
1791
2356
1675
1384
2169
2075
1359
1543
2312
1432
2670
1811
2935
3727
2372
2131
1678
1905
1697
1045
1000
489
401
1147
821
833
-718
-316
-485
-2829
-2472
-1462
-1609
-1377
-1495
-1135
-1739
-1602
-2393
-2611
-1571
-1882
-957
-635
-380
-1103
-1410
-1512
-381
-1843
-1324
-788
-1964
-451
-683
49
-672
-255
-139
502
767
495
1923
1654
856
808
305
-985
-517
167
284
283
452
-531
53
229
-167
-342
977
1277
614
1802
1168
1045
694
1219
1262
658
206
272
539
438
198
929
1096
1786
3113
2445
2697
2826
921
177
971
539
-527
-34
821
-679
418
803
796
1092
597
1032
747
1142
870
589
1567
2186
879
1114
1632
936
819
776
1149
1828
966
756
1742
1114
1149
1525
2075
1226
1767
2267
1862
1822
815
1725
1583
864
966
828
1121
1183
1286
1885
1894
1028
90
-24
-728
-1340
-1549
-1085
-842
488
663
50
671
-302
-3
529
588
470
464
431
719
838
134
-80
-131
107
-24
-348
-731
-914
-2254
-2633
-2704
-1668
-2239
-2337
-1279
-1174
-89
-377
1213
-226
-311
-278
-766
-383
-14
118
1061
-219
-111
448
-87
222
-329
578
-821
421
1261
49
-229
379
-523
132
863
1835
1651
819
1515
1109
134
1261
307
1325
6
2493
115
3443
464
-2634
5860
-2883
1861
-392
-489
620
123
409
1401
1325
681
2178
770
2492
292
2075
325
67
585
1491
-98
1952
787
886
1900
175
110
-176
217
382
1264
568
2051
1058
1883
502
2040
1610
-115
1821
1418
1565
711
1479
1435
1016
62
98
531
-338
811
569
920
485
-277
802
637
1595
1308
1111
-5
-238
-177
-689
-349
-555
-251
-241
-1624
-1004
-1017
-1595
-147
-994
-11
-860
1535
-1469
-703
-521
-3315
-1704
-4558
-1400
-4465
-2889
-623
-3910
-1908
-506
-411
-597
-739
204
215
-291
171
-1526
-2081
156
-2360
-2293
-1148
-3757
-1178
-1733
-3547
-1909
-3045
-1542
-1148
-1760
-310
-1736
-1406
-2156
-1377
-894
-733
-1801
-2190
-2301
-2427
-1204
-1182
-768
-915
-1094
-1191
-743
102
585
1590
136
1064
2286
243
1450
826
574
-274
496
123
1699
465
308
-789
797
-775
-737
713
-470
3141
-1933
2538
1135
-401
1257
3577
-444
-902
2301
-745
1567
213
1641
1023
237
11
873
667
726
980
928
707
1040
1485
1277
1691
1399
2013
1103
1309
869
1300
-173
-1303
-739
-1975
-521
-407
-2487
-1580
-563
-1697
-1630
-724
-960
-585
-76
-752
-686
-630
2152
-331
-2360
-347
-1656
-1229
-1731
-2177
-770
-2882
-1534
-118
95
776
57
1596
-808
-850
-1669
-431
-642
-982
-1341
-716
-1604
-1830
-1126
-1842
-9
-1193
-212
-1126
609
-2469
656
95
-2575
253
-442
-890
-1707
-122
-427
603
1653
1221
814
1933
536
1031
-123
694
-114
-611
123
402
570
-141
1189
-558
579
2473
1413
894
3711
3545
1245
1551
3070
752
2416
2555
1537
1152
3038
1888
535
2326
293
-52
486
1814
-35
1077
802
2169
1416
531
2971
1516
-1097
835
447
-496
-1196
-1363
951
-800
-662
20
876
831
1457
-73
638
1661
-42
15
1253
-489
-539
-121
-1304
-677
-1810
-33
-1182
-1817
-1463
-1000
-1134
-940
-1110
-1445
0
-659
-762
-2095
-884
-803
-1077
1100
-556
-1880
-1096
-618
-1137
-2367
-2555
-3182
-2604
-3882
-3527
-3063
-2594
-2222
-777
-1970
-3601
-2113
-1421
572
-2387
44
1135
788
-387
-675
64
-38
-2012
-2309
-296
-4112
-1561
-1452
-3012
-619
-332
-2055
-957
-164
-1687
-1165
-580
-691
-1086
-960
-64
-595
161
687
882
920
2103
2039
2354
2370
1142
1840
647
2154
1861
1281
303
261
637
1647
2122
1651
1001
516
1015
2256
126
1088
1050
-900
-846
-488
104
137
-537
-2844
-807
-2719
79
-1776
505
-675
-1287
396
1935
1225
-1480
70
-2206
-544
-610
-772
-1352
1024
-1374
455
316
-179
-630
329
1904
288
1225
-115
54
-535
-687
140
-74
-177
-341
-590
-1002
-181
-539
-920
-605
-45
-1055
-3227
-1885
-1911
-1550
-85
1375
-573
1265
1242
559
-19
-1130
-1280
-1955
-558
-892
-2154
-3183
-1594
-1087
-1983
-1557
-1043
-510
-186
-372
1263
1055
1252
1678
2410
2357
1573
1959
1258
665
1975
1214
905
794
2160
1831
-213
-417
-1890
-876
52
442
580
2452
-920
603
1922
794
665
56
-233
-784
673
85
1345
1355
1972
372
2026
2214
1699
2627
3514
3416
2497
3756
2063
1544
1336
997
576
1214
1152
2255
3168
2679
3138
3606
5228
6142
5572
4181
4764
3152
2510
2166
972
1928
969
1066
1115
1015
1756
2281
2915
3577
2476
2633
1387
1277
1603
1996
1594
731
712
-183
1241
1802
2863
1753
1786
1143
265
975
194
609
864
-67
231
1120
401
-58
-900
-1829
-388
-1200
-2434
-268
-1818
-2064
143
-94
1580
951
586
1264
-159
-448
-616
-1409
-1398
-1336
-1503
-1024
-1282
-1099
-1465
-2151
-1697
-1146
-595
-819
-196
522
-277
-394
-305
-1046
-1631
-1832
-1173
-276
-1459
-906
-1269
-365
-831
-1068
-1686
-1483
-1267
-2522
-208
169
514
480
1616
799
2286
1488
933
1699
958
638
21
-823
-198
-207
71
1341
-566
-870
-1067
-959
-509
-387
-1656
515
168
-1075
-805
-832
-128
-245
-1007
427
765
838
832
-735
-1383
-2193
-1497
-1693
-2129
-3172
-2157
-2642
-1977
-1026
-1589
-2216
-1929
-1503
-1117
-1452
-917
-856
-3429
-1884
-2408
-2405
-1744
-1652
-1811
-2406
-2864
-2530
-1717
-2626
-2126
-1095
-746
-2837
-3630
-2394
-906
588
-1470
-999
-430
-1053
-1500
-4086
-2804
-2035
-3242
-2692
-3601
-2879
-3261
-3961
-1624
-3099
-3153
-4113
-4959
-3163
-2992
-3032
-2166
-2005
-3594
-2644
-1404
-3214
-2069
-2290
-1968
-1409
-2369
-2035
-4410
-4317
-5263
-3265
-2627
-3512
-1338
-2077
-1735
-567
-2685
-1792
-1807
-4199
-3827
-4180
-3763
-3198
-2581
-1867
-1449
-1635
-1936
-2031
-1748
-1419
-742
-970
-458
216
-743
-276
717
11
-618
-407
535
432
1288
1574
-471
403
-1
-144
75
-1449
-706
177
356
847
253
503
-465
-1083
-1066
-2833
-1644
-1748
-1573
-1021
-970
-1057
-114
-92
-472
-237
-182
143
-584
276
-1996
-945
-993
-290
35
-1223
-344
211
1487
-47
-930
-1147
-1250
-1218
-480
-801
-667
-553
-790
-1271
-2318
-2667
-1450
-1165
-1943
-1110
-1465
-1573
-2584
-2543
-2441
-2483
-1697
-3588
-1672
-1796
-1953
-768
-1467
-919
-788
-953
-2070
-1847
-2720
-1977
-2223
-4204
-2983
-2463
-1681
339
-939
-1088
-193
-877
416
419
-1480
-1290
-792
-1131
-837
-2786
-3660
-1152
-1867
-2470
-2140
-952
-420
-1875
240
266
-435
892
2043
1977
901
-123
-26
405
-345
-813
-1080
-1756
-1117
-1834
-1048
496
1465
2167
650
2209
1649
1490
1870
954
792
-1784
-1176
-668
-2234
-1372
-859
-881
-1918
-175
1594
117
171
1887
2174
1237
-20
-561
136
-38
7
268
580
257
1476
1564
2121
2756
56
1969
2478
-692
-135
1661
475
1390
140
-840
2652
485
31
2583
830
1262
2360
-766
1392
1599
1647
650
-1443
2085
448
186
380
-194
1009
483
2295
1450
-347
927
2139
1318
518
1200
-321
-549
531
-378
-1253
-500
-510
-271
-970
-531
355
-720
-1211
-551
-512
995
265
-1233
-555
-122
957
-1290
-1619
-1893
-1417
220
590
454
193
701
1506
-294
235
211
-1951
-364
-2620
-1712
-1806
-2678
-2072
-1745
-1796
-1330
-57
-1247
-1227
-712
84
178
1468
691
1308
13
51
606
-569
-1422
35
161
440
1161
-650
1150
822
-378
-928
-212
-1825
747
-1061
-1591
-157
-490
-680
-792
1544
-490
426
887
656
1714
1728
781
378
2150
1793
260
1139
-633
813
-281
199
941
387
2655
2113
3304
3988
4090
3508
2796
2166
1373
-489
830
349
926
1273
1080
211
50
618
1499
2344
2326
3104
634
2506
1114
636
-1245
-1016
83
2447
2792
2825
3675
2705
1627
39
2965
53
1112
40
991
-614
557
2003
103
1510
120
-280
-827
-335
-693
-1303
-3094
-1206
-1761
369
1168
-95
-682
-513
1281
-1341
172
-228
-1416
-140
-1331
-527
-159
-29
906
349
-619
139
103
1001
3015
2260
1474
1640
822
693
67
-688
109
-1788
809
572
51
186
-1815
101
207
642
1410
672
660
1724
1875
561
1022
-227
-163
1339
307
968
394
428
-370
-1804
-1385
-1239
-1096
-562
-296
260
448
463
-22
611
1435
737
1767
2727
804
1030
262
78
-188
-820
-795
-902
-337
-483
137
-56
-172
42
-1123
-1378
99
-31
1844
-765
1615
1766
-208
-195
-550
2878
110
569
1251
716
916
-92
1992
-862
575
1455
-1081
2137
889
-525
805
945
-301
1033
-1433
-1551
-27
-1174
-1445
-1458
-489
-605
-98
207
-182
-147
34
-148
337
-172
89
1260
-426
541
392
-1643
-1150
-1049
-1119
-1829
-1240
114
454
779
769
-381
-563
-661
-924
-2477
-205
-1152
-770
188
-3041
-1443
-1202
-996
-771
-473
-207
-473
-1681
-715
-1033
-1668
-875
-1536
-1328
-1949
-639
-1352
-2422
-2682
-2585
-1102
-2757
-2112
-1582
-1575
-601
-106
-538
-822
19
-392
119
-239
-925
-1534
-512
-1441
-1020
-1077
-2044
-1349
-1797
447
-792
-469
646
436
694
-7
-20
978
1216
156
-308
356
72
-467
-1025
-976
-54
218
-95
440
1849
-68
919
-613
-406
-52
-945
-759
-447
344
430
583
-140
114
750
42
-551
-371
-1714
-348
-1675
-363
-525
-491
596
-476
-1214
-685
-287
1739
-1036
-2864
-2851
281
1028
-2906
1389
-3047
-1207
-117
-1707
-2250
-2106
-1103
-2705
-1474
-2619
-1368
-1596
-1859
-1293
-1569
-1853
-2015
-404
-1659
-1370
-2141
-1340
-2123
-1786
295
-2056
-1154
-806
-972
-1748
-1028
-1581
-1039
-2340
-2001
-1767
-2246
-1676
-3039
-1189
-2198
-2184
-2176
-1478
9
-1665
-610
854
-527
218
86
778
1599
-110
1119
458
-1136
-1182
-446
-898
-1090
-114
-1648
641
2157
896
358
1336
1163
-613
846
-218
646
367
-375
1204
527
1408
-178
941
1952
-952
-709
-935
-1014
-2499
-210
-204
-25
2300
1769
2764
1660
873
1504
577
-776
-707
-482
-479
-470
786
-1275
2500
1772
1177
1602
-534
-501
-957
818
-754
-953
-310
-204
169
1582
1294
1132
1561
1993
1323
790
703
-308
-394
832
537
1903
2402
1392
1946
649
193
334
-1748
-675
-667
-1963
-1005
-1951
-2439
-2052
-1305
-1155
713
-1084
-318
-321
-1976
1092
-494
-546
-359
-1813
-1719
-1047
-941
-1880
-2068
-1033
-975
-689
-1432
-1863
-1015
-2108
-2018
-1870
-1483
-1244
712
289
1018
526
-551
77
-119
-938
-1974
-914
-1527
-2373
-1365
284
-2135
-211
-1031
-288
20
65
939
-2266
2333
-234
-1761
4225
-483
-2270
5172
-1953
285
5181
-782
4094
971
100
3107
906
1919
3198
2112
2404
2771
2073
3054
2992
2078
700
2535
2281
1151
2631
1561
1507
2851
1570
1694
1152
-488
1331
151
-1071
-46
36
-1292
-815
-142
-560
-675
-668
-1415
1460
-2284
-4132
3849
-1753
-2030
-699
3305
2742
-3415
828
4678
1697
-1832
1688
1376
2274
-460
-1118
2720
-2868
-5771
1682
-1941
-2241
-256
-4038
-722
-2289
-2313
-202
-1081
-1012
-469
-96
-770
-421
523
-976
-400
-1659
-1546
-147
-1031
-1010
-874
-1495
-2202
-1389
-1897
-1214
-3962
-4222
-1051
-2604
-1359
-261
-1231
-2155
-85
-288
-298
1151
-1050
719
390
-491
-871
-960
-1305
-333
-10
-149
1716
-40
17
691
1958
-536
-2023
220
268
-1053
-898
-594
-1950
-766
18
-212
44
-553
358
303
-2346
-2512
-1464
-2220
-1444
-620
-1451
-92
749
1265
1719
127
-767
557
2677
656
-60
2088
1095
-344
437
1679
-594
1607
1635
1020
1890
1362
1146
676
1249
2167
922
-887
1764
58
340
-309
-122
895
-293
409
1442
2242
1158
1420
284
213
-21
-635
23
-1397
-1837
-686
-877
-2123
-2531
-1737
-1168
-1573
-1113
-1682
-1387
-1376
-2095
-1048
-1647
-2093
-1931
-2001
-1995
-1589
-2391
-1658
-1991
-3175
-1392
-668
-343
-483
318
1350
1827
1433
1091
1535
-46
-364
-353
-852
-1147
-1834
-1575
-1045
-696
11
1019
68
-819
-813
-774
-1923
-2730
-2304
-4076
-3281
-1552
-1797
-660
-711
246
236
-60
313
-762
540
-1330
-1793
-2012
-2444
-2410
-2114
-736
-351
909
333
2060
1811
2275
1610
2190
2455
1389
2303
671
-266
-683
436
707
-1168
-2072
-860
-1396
301
-61
-514
-1247
-309
861
-316
-162
394
1947
842
856
239
1079
-788
1031
286
-498
-91
510
-773
-743
1163
-3660
963
-141
292
-946
-1657
24
-30
625
51
1813
-70
409
764
425
238
-362
486
-96
-421
653
-845
1529
759
-406
-1153
-1767
-2090
-2839
-2546
-2475
-2011
-1722
-1500
-1506
387
-922
-737
-1317
-340
73
-80
107
107
1165
707
-325
198
964
-56
173
161
122
-334
671
71
-853
427
278
192
245
-1086
580
-688
-1423
591
-1216
378
992
3
536
534
1076
701
1041
1622
1196
758
859
1066
293
