6760
11918
3339
11647
9119
14382
20119
13293
18078
19006
16904
13427
13860
12490
10019
11275
11291
9171
9795
12940
12339
9869
8335
7136
2846
1329
770
-1213
-3710
-3945
-3276
-3997
-4072
-6211
-10773
-11294
-14004
-13550
-15006
-14637
-18450
-10942
-15454
-15086
-8614
-13842
-851
-825
-3934
-1224
-836
762
8974
10976
7988
9557
10691
12827
6911
11417
17871
14389
16075
16242
11668
9252
6067
8051
8393
6286
3253
3761
7068
7502
8553
7419
6106
2235
562
-2554
-4539
-5003
-5895
-7088
-9470
-8954
-9661
-9048
-9988
-11720
-15465
-12694
-13109
-7478
-8483
-20145
-16884
-19421
-16808
-13856
-10209
-9195
-10092
-1093
3682
3335
4378
6632
7206
9402
12373
11088
9583
15781
16781
17894
17008
13583
15174
13588
12527
12415
11755
11179
11416
12119
8800
7340
9464
7947
7351
4813
3152
2095
715
112
178
-979
1662
-2767
-3067
-1887
-6776
-2643
-6540
-6529
-7341
-8209
-11522
-12250
-11953
-13234
-12922
-13081
-11243
-12493
-7888
-9232
-2470
-624
-5556
-2479
-504
4550
7947
7401
6772
9185
10532
11595
10236
12247
13679
12749
11114
8080
8038
7977
5185
5834
6342
3632
5038
5423
4259
7306
6615
-227
-1402
-3813
813
3509
-2857
-5577
-3784
-1349
-2513
-3094
-3290
-530
-2023
-3044
-7305
-10655
-2565
-3179
-4348
-11905
-11348
-11213
-8973
-10657
-8671
-7113
-7927
-7437
-2860
1464
-4076
3221
5616
4085
7611
7685
6693
7431
7500
5092
10155
6930
8522
10424
8738
9122
6824
9832
2998
7587
4400
-248
4412
-2222
781
2875
1302
42
2067
1795
998
129
911
1273
2649
4628
2422
994
-2112
-2648
-3832
-2524
-5667
-9600
-8927
-7130
-6405
-7981
-9074
-6468
-4242
-7090
-6791
-3811
-5129
-6383
-7681
-8899
-3796
-6933
-6125
395
427
2399
2568
2811
7650
3121
3764
1546
2013
9893
8440
8140
4292
11583
11203
6931
9590
10830
8198
8329
8109
2871
1498
2127
-218
-1798
2724
-1297
3508
6432
4475
1539
-69
474
-2593
-5160
-5341
-6814
-9604
-8627
-10653
-10127
-4826
-4185
-5751
-2966
-3233
-3778
-5188
-4726
-9950
-9102
-8766
-7914
-4602
-7063
-6302
-1319
-187
-4795
2401
5881
7618
7181
2056
4245
4707
5537
6447
7419
16685
16995
18340
15028
13178
11513
8477
10310
4258
1000
3549
2798
1607
1681
1769
870
750
-629
-2860
-3636
-9985
-11421
-11992
-11493
-9375
-9422
-9257
-5281
-7797
-6643
-3211
615
-2207
-3577
-6010
-6342
-2299
-5633
-2369
-2435
954
-2217
-548
2883
2142
5782
9496
12965
11147
14728
12347
14328
13217
12915
16467
14101
15465
15774
13404
11261
11039
8250
6951
5941
6798
6713
4842
6940
6170
4407
4303
2255
262
-2376
-3720
-4297
-6260
-7647
-7093
-6420
-8589
-7335
-3102
-9164
-8543
-2635
-1605
187
-3923
-8364
-6106
5373
1687
-4663
-6856
-10699
-6033
-6162
-4657
-1202
4829
4174
-796
743
6264
6462
3619
5271
1016
-133
2022
5661
8056
10159
12196
10662
9785
7587
5477
2510
1540
1203
-2073
-3054
-3008
438
-313
-3350
-2971
-6337
-3386
-1696
-4680
-3370
-3228
-4715
-4507
-1577
1317
-3420
2741
6034
3083
8558
4410
2410
4691
2816
4481
3105
1569
5151
4466
4678
5766
4875
3210
377
413
-1825
-3442
-2924
-2964
815
1863
4115
3554
3130
6446
6827
7001
6875
3706
2284
2062
6354
9007
4065
8687
6483
2776
-2004
-8134
-3900
-1067
-2534
-5599
-3691
-2713
-1126
-2544
-1733
2131
-1804
5023
6696
6064
7135
4212
3105
3288
1158
657
-110
1587
2036
1906
968
804
-2585
-2765
-2834
-5297
-4058
-5105
-6791
-6715
-3352
-6357
-9737
-3599
225
-1342
224
740
-76
7756
5268
4169
5013
5192
6738
2343
4822
2407
562
5692
1234
78
2873
2107
2191
3171
3636
3894
3023
6511
8523
7933
7876
8152
11096
11055
9989
6663
6052
7006
5213
4644
4524
5916
6241
4575
3553
1274
573
-1328
-3088
-8233
-7639
-9497
-14044
-7938
-14216
-14473
-10720
-13785
-13949
-7423
-4450
-5813
-792
-971
-18
-516
2678
5415
6333
9723
8008
6335
5509
4871
4079
2621
1223
2636
3219
2588
1301
3340
8824
7588
3705
7747
9793
7015
6736
3329
2396
1502
-835
3979
3615
3095
3696
2348
-2113
-1524
-5276
-4248
-7669
-3598
-3574
-8014
-9338
-9877
-8090
-8623
-7951
-6302
-3640
-5199
-3522
-198
-3175
-5885
-711
3538
3355
3485
4416
4404
4220
5619
6302
6548
4809
4664
8570
6904
1393
8117
9455
7308
8992
7527
4969
4400
6307
6559
5730
6571
11807
9185
8293
8582
9101
81
4149
-1124
-262
3556
-575
905
-6662
-9219
-1755
3846
-2660
-6913
-6704
-5057
-5500
-7831
-5829
-3730
-4300
-7520
-9329
-10708
-10482
-11617
-8545
-15278
-15079
-7445
-7512
-3429
-3400
-769
2158
2534
1267
3602
4790
4693
6777
2181
2401
8896
8284
4891
9108
11067
10236
13897
11119
8019
5545
5897
8433
6077
2534
3052
5616
1550
1486
1904
5159
5006
2536
5915
4078
2970
1096
-818
-2200
-2395
-2411
-2883
-2963
-2367
-3257
-4444
-5970
-9740
-9726
-11978
-14040
-14369
-9724
-7175
-10286
-3447
-3570
-1055
-926
-5544
-7479
-9927
-4429
-1230
-1541
-2760
5392
3236
1213
1250
6985
6457
2508
13333
6318
12448
9217
2841
7171
13367
22436
13196
7650
5628
7538
10896
7811
10828
14065
7746
5625
5481
6958
5192
72
-2925
-5318
-5372
-5429
-5495
-8174
-9279
-8302
-9480
-12185
-13367
-14160
-15763
-17839
-19920
-11935
-12202
-15478
-11682
-7037
-6023
-6718
477
2590
-10766
-6359
55
4730
9079
7859
12896
9100
11255
15841
9773
19446
15892
12825
19522
15261
10803
11139
10083
7051
14866
16869
13263
13710
16384
15731
13724
11677
10124
6189
6442
4087
2163
2135
-2945
-3534
-3532
-2906
-3576
-3903
-5173
-5381
-7078
-8319
-10885
-9881
-13703
-11978
-17821
-15568
-12319
-22773
-11574
-8558
-9097
-8577
-11095
-8093
6174
4204
-3813
3131
4640
10408
9309
11416
16309
14165
15017
16032
14740
13363
11191
8883
5167
4919
4136
2782
5843
9752
9830
10513
2663
1093
-1621
-2548
-2325
-2482
-1652
-2789
-2297
-4593
-6215
-6195
-6306
-3690
-9699
-11472
-15148
-13823
-8813
-9977
-12146
-12190
-10503
-14828
-10514
-11429
-5209
-5409
-10195
-1161
2785
1439
104
2662
2805
6667
5233
9326
17709
16777
23001
22319
22123
21597
19334
17197
15168
14177
11783
11780
13944
6270
7281
8046
6557
7658
5756
4100
3167
687
413
-1684
-404
-1605
-1380
-1952
-7689
-74
-6711
-9047
-7972
-14765
-7915
-7179
-12122
-14781
-13762
-15187
-16382
-17036
-16210
-14761
-13698
-13258
-10685
-9778
-7331
-4928
-5812
2878
2947
2157
3495
5060
7808
8853
11585
12858
15503
16417
14794
11342
9649
9260
9827
8942
8539
8010
7319
7368
9540
8241
5694
2921
1737
4978
4845
2804
-1916
-284
-2522
-3186
-2126
-3151
-3343
2622
5307
165
-2368
-1839
-2398
-4322
-5286
-5928
-8153
-6316
-9706
-11038
-13113
-8805
-7162
-10825
-8896
-3476
-7543
-2328
4921
3973
6743
5837
7708
9413
11604
10488
9818
12069
10948
9154
11487
7011
6284
9829
5700
10905
8841
6917
7362
6319
5882
6246
6673
4198
4435
5346
5874
3812
4391
4046
3285
1803
1104
-1692
-2663
-1497
-1950
-2916
-6828
-7302
-7055
-8546
-9613
-10834
-11534
-13434
-12221
-10648
-14932
-12973
-10939
-10639
-11963
-6752
-7489
-10704
-3374
-759
2425
4084
8816
2720
1171
2709
2166
8793
15703
11893
10051
13105
11794
12717
9591
11012
12840
13009
11651
7266
4865
7021
6503
3947
4481
3002
1688
1835
6316
5677
3789
1713
-3853
-5790
-7557
-9225
-8025
-7927
-9057
-7774
-11891
-13414
-6020
-5930
-9897
-9652
-8304
-5833
-7484
-7456
-8960
-10294
-9589
-6022
71
-7181
-6674
1681
1194
8804
8313
3384
2871
5118
9285
6788
10024
13304
13481
13815
17670
17558
15646
14681
10749
10045
10046
6745
2227
914
-6
-935
-2267
-2216
-4371
1226
2429
-484
-3203
-5571
-7740
-7342
-6825
-8500
-9713
-10731
-5844
-9864
-12683
-8600
-5010
-7978
-8582
-8683
-11246
-9432
-10004
-8626
-4936
1339
-2851
-155
-2400
-3607
2033
4553
6889
8469
7379
9508
7927
4643
7342
14310
14935
16455
15183
16971
15449
15317
14731
12011
11949
10117
8114
6111
4197
3711
3154
-1696
-1031
-2980
-2688
-1682
-1662
-2787
-4328
-4030
-5131
-8489
104
-4344
-6018
703
-4010
-1266
-3254
-1044
130
-968
-3408
-1041
1618
-401
-1770
-1126
647
915
1025
2805
4186
-3008
-2067
3269
6160
5352
2954
1696
4406
6843
5917
11491
13599
11858
12128
10948
9705
8302
7595
6227
3648
594
1268
-1768
-1175
-3546
-5781
-3515
-7439
-8451
-5757
-5064
-7969
-10548
-10003
-684
-9590
-4696
3056
1674
10673
3620
2738
3839
4211
3347
2659
4400
1773
864
-145
1911
428
883
3424
-571
-3737
-3738
-2361
-6039
-9274
-4899
-3877
-424
3449
4568
6563
7000
8091
8690
8303
6557
3993
2358
3201
-1218
1934
307
-953
973
-6816
-2307
-4138
-3674
-525
-1035
-2944
-2460
1404
1714
389
70
4741
3804
3901
3874
3066
712
1179
1609
1121
664
-2108
-486
1811
866
-3533
-3021
-3254
-4502
-5310
-6858
-6645
-8541
-9057
-10610
-11338
-8715
-14945
-11079
-7130
-6211
-2486
-7625
-5207
-7462
-2043
4607
2069
1159
370
1195
51
3084
3078
4882
7823
6758
6538
1551
-393
2153
1604
3428
4403
3604
7672
11250
12015
13394
13328
14645
12729
9447
11289
10172
6149
3675
1639
-839
2442
3629
3270
1074
220
101
-1535
-8499
-9139
-11493
-8370
-10759
-6550
-9310
-8430
-4218
-12386
-11616
-4662
-1515
-3013
1048
2542
4399
82
2813
8396
8129
8959
7626
8634
7301
7411
5860
5099
3944
2535
3515
5323
4450
2839
7338
8660
5668
7072
5565
2780
6568
6680
6285
5512
5124
4283
3414
3911
1729
2063
1043
-3294
-2439
-7537
-3761
-1020
-2561
-5698
-4954
-15638
-16890
-13481
-15299
-7953
-14520
-12687
-5101
-7823
-11207
-4024
-1461
-1735
3463
3251
5761
4722
10691
13263
9822
10466
8442
7050
6431
5626
5062
3737
6189
10069
6707
6357
10345
11833
10512
8384
6532
4549
5539
4892
5206
3561
3071
7131
5735
7075
-1303
4167
1538
3153
-1609
-11559
-9270
-3327
1741
-3584
-8811
-11398
-6779
-6615
-8297
-8221
-4153
-3252
-5187
-6242
-5181
-3995
-9855
-5520
-3334
-5760
-2567
1520
814
1024
2994
6039
5453
4299
3813
1030
2401
4756
3393
-330
3399
6199
6110
5908
6412
4904
6451
10037
5737
5228
2836
8056
6122
3040
4028
4514
5291
80
1538
4207
6436
4208
5592
4772
3840
1223
-1667
-573
-2561
-3130
-3424
-4044
-4754
-5046
-5433
-6612
-7918
-9064
-8311
-5100
-9463
-10201
-5708
-5046
-4669
-2710
-3994
-4576
-2613
-3639
-2981
508
2430
439
3304
6810
8091
6681
10476
5343
6252
7654
5866
12016
8361
7155
7663
15574
18949
5626
1860
-234
3135
4611
1734
5770
10406
4678
1864
-1283
-3941
-2841
2079
-2967
-6926
-6921
-5006
-5376
-6027
-7863
-6668
-6450
-9588
-10751
-12284
-13866
-21094
-17191
-19236
-20356
-13707
-10529
-7769
-7281
-7655
-553
848
-4312
-4216
3256
8896
8135
7103
8833
8485
6546
12106
13858
15341
15877
17675
17826
15926
15869
14394
13605
12381
13157
10834
10698
13601
11628
10589
10484
8315
6380
5009
2217
129
609
-491
-761
-2850
-3730
-4497
-6687
-7078
-8631
-14399
-13826
-13547
-13986
-17849
-17261
-17696
-20508
-11278
-20530
-14099
-7301
-10677
-5142
-8393
-8833
11397
16527
8042
10040
9146
11811
11890
12693
19523
19770
16322
18977
14279
10389
8654
9183
11563
10783
5976
4674
8588
9643
10496
9426
8575
7122
4725
2572
-274
-344
-2010
-4230
-4282
-5956
-6372
-6671
-7199
-12696
-13335
-16648
-16657
-12508
-13756
-15604
-21115
-16397
-18648
-16577
-9203
-11924
-2475
-2385
-4886
1040
5651
6816
4431
4012
4861
7361
8166
15495
19460
22295
15157
16050
14370
14131
13648
12274
12847
13766
13342
13433
13189
13127
12741
11295
9917
7357
7439
4319
2878
1615
10
-1478
-2206
-6615
-5843
-7848
-10591
-6358
-14497
-12836
-6759
-7820
-5774
-7622
-11286
-12248
-14980
-17030
-15640
-12319
-11515
-10255
-4451
-7784
-3004
1210
-2705
635
2287
3809
5476
8532
6413
8411
9537
12344
14950
12680
14402
13763
13095
12313
10749
9486
8338
8296
7879
6682
5574
8079
7354
2727
1305
-2380
4666
2993
-4856
-4751
-6525
-2308
-2901
-4818
-1994
-1116
-839
-273
-4048
-4794
-5214
-6837
-6460
-6371
-7405
-5749
-6347
-4920
-1308
-7075
-9665
-7338
-4293
-8201
-5219
-2511
-7205
1307
6082
8173
9485
12360
10818
12621
13010
11584
12261
10545
11209
10446
11142
9230
10494
4588
506
8347
3267
4643
5495
-844
2871
2784
978
-827
708
-736
-628
-370
522
375
1483
689
-488
-1523
-5264
-7564
-8099
-5551
-7325
-11468
-10477
-8251
-9215
-5025
-3147
-6843
-6786
-3683
-4690
-5352
-4310
-6887
-5134
-344
-4854
-3728
1037
3769
4551
5704
7432
7435
14254
6796
4578
1139
1589
10624
7435
3937
11044
12833
12778
14833
15033
9673
6904
7547
4686
2013
3920
3988
1809
2241
3293
-458
-1283
14
-829
-2962
-1553
-3764
-5976
-5831
-6405
-4301
-4475
-6527
-4067
-72
-2061
-1552
189
-660
-3263
-7239
-10608
-12744
-5899
-6098
-1608
-269
-6320
-8000
-2090
-1429
-1344
8349
4152
1901
1838
9017
9323
11771
12463
11458
14359
15488
16372
15841
14832
12162
7945
7861
8738
5460
2363
-3665
-3226
-1315
-1124
-3919
-4237
-4384
-5729
-6834
-6367
-6561
-7132
-8394
-9600
-7902
-11123
-8706
-4078
-7639
-4871
-1237
398
651
-2149
-3746
-8039
-6394
-2604
-3006
-852
1643
-1137
2066
1168
804
10431
9020
10008
11842
12363
12798
12483
15663
12488
14085
15944
13868
15009
13804
13147
11881
11248
10095
6832
6101
5785
4710
3440
2227
-315
140
1412
-1972
-2762
-4950
-3684
-4013
-5815
-5385
-6620
-5284
-2361
-7554
-12139
-2515
-4159
-2537
-2428
-9507
-10331
-1210
6388
180
-2742
-4200
-4262
-4632
-4211
-4170
-1086
2762
-941
-6565
2373
3665
5860
10286
4179
2128
4151
7559
10550
10026
12058
13478
14299
11673
9226
6001
4617
4466
3508
1669
623
102
-6349
-3676
-6697
-4184
-5180
-5284
-2009
-2305
-6156
-2473
-1430
-4196
-3873
-3
6820
1855
4565
9004
6444
891
4893
5363
3852
4475
3104
3727
1309
2465
552
-1359
-2083
-3872
1413
-1702
-1544
-2992
-3652
2099
4284
6695
8720
4980
8367
9697
8717
9269
7467
6234
6937
7425
5330
9307
2358
6421
4640
-465
5301
-6752
-3573
-3676
-6303
-4671
-4518
-1411
2265
998
1851
3671
5389
6128
6391
5513
3770
4216
4693
5780
3217
2449
2193
2172
3176
1418
804
-761
-2117
-2358
-4374
-5527
-7003
-5767
-6113
-8016
-2836
-7010
-8236
1254
-1618
-1521
-592
-2681
3710
5443
1838
3155
4491
6706
7366
4052
7620
4341
7256
8347
3362
6277
5007
8134
1850
3951
8871
5480
5680
6703
12604
10586
12221
8654
4734
5503
10296
10232
9510
2582
6475
849
998
2008
1414
1575
1255
-446
-3963
-5515
-9235
-9351
-11971
-13422
-8595
-9687
-4253
-11485
-5166
-9790
-13639
-2528
-2432
-3302
-644
-4914
-5146
-2196
-2065
-71
3488
5466
7467
4284
2858
5679
4733
3816
1053
4079
8322
8381
7336
11471
11389
9545
12229
9981
8820
8465
9428
9185
8399
5988
5085
4414
4695
3243
2592
2208
3448
-620
-5295
-7781
-6895
-1208
-3008
-4733
-12811
-10135
-12602
-11986
-7747
-10834
-9213
-7006
-6445
-4843
-5837
-8804
-1732
-5532
-400
843
-1681
1503
891
2819
5307
4985
2827
3694
2093
10525
12415
10801
7673
15154
17469
14246
17731
17715
13551
9191
11871
13438
12176
10721
10756
11072
7249
7165
3679
6917
4604
1927
7634
-5571
-2476
-1510
-8747
-2674
-6470
-10025
-9777
-6959
-8739
-9019
-9840
-7548
-8131
-6961
-7021
-8768
-11263
-10505
-6170
-11712
-10547
-9893
-10473
-7712
-5456
-4221
-3471
-4608
-4883
2361
4755
4301
6703
7730
7477
7248
9410
10647
10979
9687
6030
9893
9092
4212
3494
4236
7841
935
-876
2857
-1932
632
-2204
-1087
4105
3239
5301
4779
5560
3604
-112
-1009
734
935
-344
-961
-427
-1105
-2238
-2681
-5204
-7645
-8207
-8683
-10891
-13765
-9650
-11403
-15475
-11861
-8385
-4668
-6873
-3953
-274
3087
2987
2388
8938
12055
13578
14724
11930
7214
12705
7223
10397
12271
9358
15888
6526
1450
3159
12454
14044
8507
3525
54
3940
5661
5272
8295
8232
2378
1189
3500
3594
-2761
-5097
-4726
-6436
-5896
-5264
-5116
-6548
-7203
-8634
-12495
-16043
-18820
-18904
-18690
-19336
-20262
-19172
-11152
-13031
-13052
-4692
-3391
346
1875
-1121
929
4041
6670
7782
4627
7399
7370
7621
12052
7935
21273
10801
12052
14616
12699
12149
10468
8872
8895
7361
7770
9066
12286
12358
13348
12161
10258
8822
5756
4802
5253
2574
1584
-30
-621
-1335
-8178
-8291
-7629
-9607
-10574
-10730
-11436
-13621
-14365
-16062
-15848
-14646
-21109
-12454
-14480
-12828
-7553
-7381
76
-1210
1255
1488
12023
14367
5753
6161
9463
13377
13521
16700
22806
22663
19590
16934
12258
14503
15835
11436
7413
2736
6127
8791
9862
10023
7487
8354
6533
3239
299
-1031
-4399
-5670
-7371
-8651
-9195
-8002
-8166
-7664
-5638
-11331
-12038
-14434
-12196
-8723
-14120
-13004
-15836
-18934
-15778
-17229
-6524
-10378
-10121
1320
-6319
-2679
1799
5043
6098
8452
11138
10458
11791
15134
19969
20422
20274
19243
18578
17560
13510
12239
11685
9105
10674
11460
11069
8193
7362
7766
4967
3271
854
-2677
-3084
-5315
-4395
-3496
-4499
-7825
-5216
-7493
-12547
-7093
-13490
-9493
-13429
-19736
-12015
-8260
-12876
-14680
-11707
-13471
-8853
-11527
-10367
-9168
-5817
-2043
-1018
3437
-3581
-5512
-2219
3208
4845
1657
2560
5265
12405
12678
13447
14412
14542
14448
7645
3333
3543
5133
5809
4338
2709
4956
5262
5166
6694
4530
2390
-963
-3149
1234
1482
-6378
-5731
-5697
-6801
-3146
-5101
-3699
-3230
-3456
-8672
-7765
-7670
-9726
-8643
-7790
-1954
-4761
-5365
-1973
-504
98
-2115
-4051
-3996
-6656
-7639
-2762
-2166
-1296
5647
8005
8193
11711
11478
10853
9802
8189
3908
4834
4803
5337
5010
2578
7303
2890
5032
4778
3778
5901
6251
4693
-117
954
1426
238
-476
647
-1134
-579
-238
-3034
-3484
-2754
-5189
-7563
-7164
-4821
-4903
-6573
-2453
-1105
-4343
-1679
184
-1376
-360
896
-1097
-3796
-6003
-5176
-5015
-2771
-3969
-2334
2826
-6046
-2261
1375
2220
6380
3981
1028
-2760
3390
9902
8366
5203
7216
9611
11516
12972
13300
12545
10936
12126
3949
-275
2499
7221
4594
5489
5671
4498
5952
5877
5300
3089
-5446
-5438
-4243
-5259
-6485
-1402
2981
1000
1670
3275
2133
1863
4772
4635
733
-1203
942
472
-3041
-4469
-5735
-6380
-9108
-5905
-6402
-560
-5653
-5658
-1754
49
5928
4968
5825
6254
7109
4688
8932
10879
11884
12008
14391
17198
13384
13302
7777
6454
8889
7262
4000
3786
354
-2784
-101
508
-582
-2067
-273
-1832
-2996
-1564
-5779
-7313
-7967
-5454
-5662
-4432
-3197
-1324
-1904
-2877
2795
1363
-1514
-162
-6451
-1197
249
-3848
-3467
-2036
-5757
-7708
-5919
-2509
3431
-9383
-3324
6662
1880
4466
7806
4719
4009
6784
5817
8399
11766
13410
13261
14012
12120
10219
9482
7915
6627
4638
2820
4078
344
-917
287
-224
922
-180
3943
3525
-1107
1635
4036
4772
1421
1207
4024
-2879
4512
1313
-3983
1252
292
6192
4409
-290
-2117
116
-2978
-6038
-5038
-5450
-4847
-4761
-2585
-4634
-5031
-4553
-3144
3010
-4405
-3030
-5034
-1558
2232
2162
2213
4549
6891
6383
5669
3051
22
-1722
-2273
-3445
-4346
-2098
-12
1605
507
-2770
-2355
-596
3570
823
815
2656
3745
4963
624
7522
7152
5762
13360
6721
4075
10238
8522
4320
3023
5147
6095
3773
2887
5330
2793
788
2989
-601
-807
-495
-3343
-5332
-1470
-6308
-6445
929
823
5193
2439
3863
3720
2797
-870
2799
5096
5885
5641
2262
7086
2809
2447
2079
-1431
2759
6909
2727
2665
3852
1669
6674
7073
10360
8585
10284
11692
8065
2661
2651
3726
3125
3630
1385
-1250
-2385
-989
-909
-1895
-2689
-3185
-7249
-6083
-2913
-6955
-6320
-7745
-8297
-8045
-10288
-9867
-8746
-4326
-8398
-9579
-9181
-10090
-4939
2033
1096
861
3466
684
-255
2305
6697
6948
-206
4776
1372
2498
8623
2507
7385
11678
6010
11947
11374
12105
14123
14800
14517
11095
10687
9645
10134
7538
6598
6784
5291
5688
4958
5636
5110
4195
4842
-678
-441
-2350
-5518
-8818
-8555
-11923
-9229
-6886
-10240
-6724
-12121
-13006
-13514
-6465
-11240
-15288
-11343
-10158
-4408
-4012
-1242
34
1874
5268
3181
2557
6621
5678
6277
6961
9025
9428
6877
12019
12947
14502
14206
15332
15094
9482
10325
9570
7358
7212
5172
4620
3391
5100
4817
3600
2985
6645
3683
-5158
-3352
-6725
-5040
-1925
-7923
-5991
-6252
-9102
-5531
-8305
-8871
-5125
-9701
-6504
-7226
-14003
-13594
-12468
-7436
-8633
-11347
-6290
-2084
-430
2391
3085
1728
5409
5292
2182
6088
8909
7992
10306
15174
14865
12195
14165
16717
15380
13468
11967
11366
11318
10236
9605
8571
7721
7240
3889
6264
880
919
1950
-2759
1751
-5226
-7411
1272
4733
-1338
-4698
-3357
-4201
-4591
-7940
-5503
-4211
-5973
-6106
-8318
-8423
-8416
-9605
-11126
-11727
-12806
-9127
-11337
-12459
-8309
-5229
-2629
-1633
-39
679
1421
3025
5543
3139
4465
7457
8682
7437
8175
7591
8544
12967
9373
8139
7317
4008
4910
9086
7132
8012
5703
1915
3273
6504
9492
8917
9389
11037
3217
2586
-3031
-4772
-2436
-3063
-2696
-3195
-3477
-3985
-3976
-3418
-5815
-9630
-10684
-11872
-14470
-14783
-15034
-16942
-16108
-12969
-11383
-15012
-10687
-3094
-5661
384
4186
4063
6477
8578
11778
11122
10886
9267
12382
6973
12038
15733
8198
10725
4365
7094
19850
16455
5171
3578
3167
4975
3463
3670
9117
7635
5281
2345
873
3832
3629
-1008
-2658
-3417
-3858
-3845
-2015
-2525
-3713
-3067
-5493
-7752
-11917
-13652
-15552
-16692
-18268
-19385
-20329
-17970
-15307
-11105
-4868
-9228
-7615
-1267
4955
3160
4100
1945
1532
9766
8358
9403
12062
14831
14286
11652
15727
18729
20742
18626
16067
19124
15629
15046
17276
14043
9554
10139
10637
9666
8834
9082
7561
4984
5725
2691
1150
730
-733
-2863
-5496
-7636
-8855
-4190
-4543
-7569
-8913
-8782
-10496
-11710
-12446
-11648
-13332
-10883
-14290
-10822
-12122
-13016
728
-6353
-6631
-1162
-882
5628
12940
11450
1391
2083
4428
8313
10470
18835
25213
20260
22128
18202
11959
12174
13063
10670
6645
5897
6404
10203
9312
6246
9393
8654
8284
5500
-4464
-6252
-7617
-5569
-6614
-10384
-11293
-8588
-5682
-7234
-8926
-12506
-14678
-9049
-8831
-12935
-11018
-13010
-9922
-9671
-9191
-5224
-7082
66
-1430
1289
3230
-385
919
2169
8209
8528
9025
11254
15103
16063
17509
19777
17691
20127
19175
14287
10639
10041
9926
7631
6325
7470
7243
6299
7427
6191
4412
2371
3069
1327
235
-401
1743
-674
-179
-1610
-5396
416
-5655
-2928
-5943
-10805
-9709
-6738
-2933
-6684
-7002
-8966
-6394
-4681
-6501
-6953
-2225
-315
254
692
136
-2614
-2965
-2512
-6435
-189
1918
1460
3683
7084
9394
7443
7367
8058
8848
7231
6846
7634
7906
8465
8808
10240
7094
3546
4592
7137
6283
5958
2186
1633
2321
1802
1546
-4283
15
-690
-3027
-1267
-2064
-4974
-1932
-6489
-9989
1220
-1574
-209
-2389
-179
2741
1371
1463
4990
4230
-3848
-3062
-4071
-6465
-6893
-4622
-5420
1162
-1741
-2554
2813
1129
5689
4680
3533
4099
1663
894
5879
3928
4341
4995
1628
6006
4531
3447
4177
4122
2215
2860
929
6108
5429
6188
4300
1216
4650
3274
1387
295
2
-2539
-1892
-2663
-2794
-4819
-5861
-10607
-4757
-8058
-7729
-8140
-3341
-867
-1309
-556
-2435
-4223
-4771
-5948
-7646
-11259
-8558
-9675
-8783
-3960
-1937
-3799
2380
1049
-61
349
5805
11348
7238
4249
6860
10722
11723
15592
14030
15969
17539
15650
14313
6530
8863
10941
7697
10547
7913
7775
8843
7238
6714
5230
2303
1766
145
-1179
-2264
-2104
-246
-3789
1721
1644
-4886
-1506
2705
-84
-904
-1674
-2106
-3513
-7221
-7510
-7815
-6658
-8735
-7330
-12251
-8372
-10945
-7759
-4017
-10402
303
996
2038
241
3701
7018
5682
5629
11725
14736
11921
14050
12267
10928
8102
6152
-297
-730
7438
6241
4780
4821
3645
3348
2754
-2421
-7223
-8842
-9061
-10473
-12394
-11999
-5870
-3723
-4086
-5870
-2621
523
-3742
-2173
-7555
-2141
-5785
-2983
998
-6948
-4924
-3152
-4085
-6623
-5444
-2609
-1960
-2587
-1109
2489
0
-9252
-1531
2746
6103
7333
10137
11377
10306
7407
7592
7379
9294
9849
9480
10124
8925
7817
7323
6237
4807
2973
2339
1463
827
-1599
-5223
-5049
-5180
-3084
-3734
1094
738
657
-681
-97
4831
1136
5176
418
-4347
-2757
6761
5916
1316
2281
492
2043
-1687
-417
298
-38
3880
-1651
-8254
-7338
-6484
-591
-2136
-12193
-6934
-944
3019
4739
1428
6350
7569
7002
5668
6442
5470
3683
3504
3700
1509
-1244
910
-1221
-3381
-759
274
-5885
-4134
-5640
-2914
3440
1751
-1965
5542
4843
387
8330
5929
12222
5265
2298
8486
4709
2633
1328
2518
2414
509
667
2899
1669
2073
6313
262
-4017
1260
-3083
-8070
-9069
-9401
-8078
-2801
-8790
-7551
-2475
-2873
63
5280
5104
3952
2923
-600
4467
2317
5750
6869
2976
5852
-830
1777
-1274
-97
-1149
186
4956
5368
4746
7394
7409
8425
13662
12650
10608
5385
6403
6210
5028
5132
1200
1826
3324
4386
4180
4222
2939
1454
2001
-1846
-3769
-3079
-5672
-6257
-8411
-9797
-11100
-9007
-9171
-9649
-10591
-9796
-11939
-14223
-4957
-6643
-6729
-3902
-4490
-6175
-1663
-3506
-5610
1257
1399
2260
5034
6687
6235
7360
11277
11372
6604
10752
13208
14543
13807
14885
11850
7184
12362
8514
13175
11460
10131
11907
9908
8665
9869
9026
7771
684
1749
-1668
-5587
-5592
-7443
-8255
-7584
-3495
-7555
-9507
-7811
-12974
-10423
-9752
-11356
-11532
-11446
-8382
-5819
-17548
-9451
-7469
-8484
-2130
-4764
-4287
-3257
-3156
-3609
-1075
3447
2674
2440
7801
7220
3960
8134
8388
8440
8588
8412
9062
6815
9163
5652
5997
8700
6673
9619
7420
6636
5794
6651
5626
1979
224
-1937
1943
-476
2376
-3495
-8641
-4183
-9099
-5587
-7572
-10643
-7427
-5440
-6232
-7435
-7515
-6670
-6274
-8511
-413
-5839
-13371
-3749
-1522
-627
-1857
-3189
-2665
2307
4766
1538
1111
5757
10385
8076
8487
12318
14106
15370
14178
12666
9250
12310
13271
12287
9889
4504
8858
6230
5387
1791
5674
-116
2639
2600
-6647
1057
-4148
-873
1843
1232
-3774
-1957
-3534
-4934
-1663
-3687
-2046
-4069
-5052
-9163
-7693
-6380
-6838
-11515
-12052
-12532
-11448
-8016
-13934
-8617
-5845
-4939
-477
-2059
-3797
512
5052
2004
1960
2871
6808
9639
9243
10752
9533
14275
11300
10695
9639
11912
14368
11072
9251
4708
8814
6165
6200
5975
8426
6512
6711
9838
7934
5779
3774
3280
-2072
1219
1193
645
2546
1736
88
-2330
-4740
-7096
-9487
-10607
-11855
-14514
-13758
-16081
-16091
-16749
-11027
-11012
-19206
-11917
-9204
-6815
-3424
-1766
-823
1132
2128
5862
8400
9261
10929
8573
15120
10753
15189
12235
6393
9224
14874
23784
11842
10225
7261
8678
11726
7238
11047
13862
12787
9406
8014
6860
6286
3725
1499
-760
-1859
-2505
-1920
-2577
-4746
-2980
-3296
-6030
-9356
-11894
-14861
-15571
-16844
-20301
-22284
-22898
-22214
-15160
-11040
-9204
-13418
-6102
4362
-3670
881
2356
1853
8581
9918
8790
8396
13286
8526
15168
17049
17258
19457
22314
20992
15790
18536
16374
14840
13955
13052
10959
12448
14258
14178
11637
12827
9902
6680
6006
3670
3249
2605
2747
1926
-5711
-3587
-3483
-3406
-3780
-6688
-7835
-8755
-10076
-12103
-12439
-14827
-10175
-17960
-13587
-13771
-20006
-6882
-12871
-11027
-7562
-3316
-2029
-824
9706
12571
1739
3239
9579
8960
13834
13351
21645
20060
17048
16521
13099
11381
10484
8927
7132
6161
4708
6754
3070
6326
5931
3903
3679
-84
936
-502
11
-1091
-3339
-4344
-4487
-1723
-5424
-7276
-9338
-12846
-7038
-6913
-11096
-10249
-13335
-10862
-9937
-11222
-6167
-6395
-6260
-3955
-4160
-3973
-830
-4585
-2428
819
1730
6190
9251
10826
11527
14243
14835
15756
13586
14436
13051
10982
10823
8406
9822
9223
8737
9196
8245
7230
5826
3965
-683
-1150
414
-2697
-1108
-3361
-2481
-1848
-6740
-1984
-9830
-8799
-9082
-13021
-6573
-7755
-9142
-10706
-7856
-7621
-7444
-7453
-6982
-6674
-2654
-1994
-4621
-2818
-143
-692
-1840
-3245
-2108
-1148
-1939
5364
5987
6960
10238
10822
10321
11227
8944
11381
10801
8171
8564
6579
7372
4498
6144
4848
6255
3066
299
1053
-2365
2698
2711
-4482
-8247
-2826
-3428
-3064
-1779
-4832
-468
2169
1741
-813
1045
-1505
-4732
-1084
-1351
-812
-3311
-964
2766
-638
-1913
-3786
-3461
937
647
-451
-1763
-4913
-4600
-3552
-1369
3830
-1398
-1269
3215
3643
5239
4357
4964
3761
3258
5983
5017
7399
8474
1067
6229
1172
1558
4294
-2557
2406
4144
3926
1714
3169
2075
-2405
-1277
-1439
-2900
-2714
-1189
-1188
-4919
-6181
-8682
-8930
-7555
-5810
-6225
-5450
-3492
530
-1383
-1833
-1430
-2114
306
-1309
-3145
-4820
-4576
-3592
-4497
-3475
-10652
-11934
-7841
-3344
-7272
490
7003
98
3702
-487
4179
11396
9159
7271
7383
11509
10937
11926
10779
13124
12185
13311
4334
5647
9148
9114
3948
4069
2994
577
6863
7135
7724
3007
817
-51
-2820
-5245
-6802
-4076
-5655
-2983
-2523
-3551
-4070
-1431
789
-1414
-2332
-3162
-5835
-5064
-5395
-6833
-7241
-7929
-8616
-11041
-5323
-10636
-7460
-3011
-9507
776
2061
2463
6572
6419
6414
6133
6134
7975
11044
14730
18402
16139
13914
11844
11575
13445
9073
4947
3065
3952
4181
2764
2697
-1388
-1046
-816
-1641
-4239
-6114
-5809
-7388
-7965
-7464
-6203
-7754
-8788
-8193
-4693
-2133
-28
-3894
-7620
-8137
-10596
-2908
264
-2232
1153
1810
-344
-2220
-722
2932
1763
2629
4173
1507
4943
10089
7174
8414
8427
7951
8797
5415
8822
11906
14138
13740
13863
12690
10513
10738
9447
7111
5779
5029
3529
4162
4531
-233
-2990
-15
-1843
-1083
-2289
-2835
609
-208
1981
-4169
363
3704
-4522
-278
-3633
-1372
-1912
-4064
-4472
-4010
-874
-5134
-4997
-6039
-4941
-5671
-4991
-4803
-60
-3185
-3320
174
-1830
-134
-792
545
3368
7330
7965
5970
7812
6428
10290
12164
11142
9388
7054
6392
5331
3773
4309
3674
1981
5718
3531
1388
-613
-3645
-1057
1268
-1629
-304
772
2683
-62
-1097
13225
4962
10192
12993
-123
6530
7446
6009
4445
6782
-656
-1672
-659
925
2712
723
1469
-3537
-5286
-2267
-4185
-6669
-5424
-2080
-5955
-5045
524
844
3326
7131
5083
4482
3112
531
8043
5901
7149
7666
1491
3274
2593
2738
2130
3815
3599
2514
2431
4287
5664
1539
4765
7379
8407
3809
2768
7770
6531
7354
5659
4089
2827
2573
3166
2522
1813
-436
-2410
-2344
-2682
-3798
-3733
-6334
-6095
-7266
-8037
-7939
-8105
-7004
-7135
-8638
-10474
-6811
-9057
-7005
-1240
-3627
-2607
3053
-654
-370
1353
123
4157
3746
4227
5290
6656
6955
5873
5883
2270
-1351
3174
2521
2322
3443
2910
5986
4052
3177
6405
6006
6972
8280
7518
6693
7791
8950
8974
8484
6841
6123
3251
783
-2732
-3965
-5870
-3752
-8946
-5990
-7607
-11364
-10451
-15488
-18368
-14766
-12442
-13023
-16726
-9551
-10700
-12806
-5269
-3903
-664
1811
3077
3574
6182
5600
2986
4946
7057
5917
6349
6288
4928
5043
5207
6243
5224
8269
7621
3879
7004
7641
6791
6382
5775
5208
4969
7231
5737
5519
4626
3793
3754
5040
-89
-3485
-5155
-5803
1295
-6360
-8295
-11585
-11700
-7206
-11482
-8310
-7837
-7039
-5741
-4973
-9547
-10884
-9150
-10808
-6792
-9555
-8214
-606
1602
3812
5398
2195
4099
5771
3366
3756
4449
5916
5097
8520
7429
9823
14691
7866
7124
10673
10353
13228
12756
8105
7674
11530
10003
6611
6171
2792
7426
173
5682
7174
2832
8591
-2400
-2590
4125
7140
-2997
-8161
-8527
-6954
-4982
-496
-1917
-4581
-4282
-3451
-2911
-5807
-14096
-16166
-13302
-13581
-8715
-10251
-12512
-3334
-6279
-6381
-3388
-6140
-7428
-246
-1514
611
-116
3175
8876
2622
9042
11642
14858
13372
9810
1956
62
8626
6380
5629
5995
7780
6242
4242
7520
9432
7313
9228
12771
9796
8751
9839
5670
4305
6212
3939
3537
3452
3889
2196
243
-1052
-1766
-5108
-7180
-10515
-12549
-13492
-14454
-13995
-15138
-14846
-11883
-8397
-13594
-11314
-8860
-10332
-7048
-6866
-5055
-5107
-66
901
-650
1143
5380
2966
3465
16558
5478
9895
10092
11110
18801
14394
10645
9097
12243
11255
9119
4396
9380
8408
9912
11526
6080
1341
-766
691
2063
-2365
-6685
-7336
-3453
-1266
-2830
-3863
-5393
-5342
-5790
-7533
-8276
-9808
-11149
-12261
-14961
-15002
-15889
-14395
-13294
-9082
-11723
-15366
-7653
-2449
-499
1298
-3567
115
7119
7232
5279
9852
9587
6887
14226
9575
18470
14491
12351
19920
16502
15191
16048
16099
12401
14226
9056
10172
11421
11813
11194
8616
7806
4582
4748
5029
1320
-893
318
-1617
-2486
-5613
-5704
-4901
-6327
-7035
-5900
-9469
-10768
-12851
-13591
-11685
-19616
-15210
-19374
-18613
-15096
-12432
-10534
-12860
-8045
-3478
6573
5851
6130
5287
7559
8680
7386
15207
20887
19516
19801
17973
11109
9775
9338
8794
8149
5960
4283
6280
8341
9322
8908
10357
8213
3843
2508
86
-2371
-4413
-4485
-5327
-4904
-1383
-4710
-6557
-5634
-6019
-3632
-4178
-7389
-8439
-7661
-13128
-12064
-9798
-10838
-9701
-12656
-10916
-9495
-12359
-10777
-10868
-7640
-8676
-690
-1105
241
5668
6391
12419
17998
15745
18190
16354
16093
16726
15371
10145
10219
9406
9901
10356
8970
14148
14236
11974
9554
7572
4414
4340
2331
-2146
-1469
-3646
1507
-5552
-3076
-4574
-8299
-4706
-7526
-9078
-4250
-3128
-3530
-3567
-5970
-9560
-10141
-11800
-12567
-12101
-11158
-11149
-10807
-12155
-8841
-10737
-9168
-8766
-3054
-245
-6256
-684
4424
4842
5813
9935
9144
9129
8744
9047
9683
9935
10407
9427
7770
7300
6098
3409
5165
2099
4862
5289
2415
406
793
3919
3240
4258
4798
6208
4786
5966
5779
5451
4319
2026
1985
1832
863
-959
-302
-1939
-1835
-3756
-4357
-4795
-6985
-8317
-6960
-3662
-9019
-11501
430
695
-54
543
-1582
3511
-2234
-801
6667
5600
8243
9454
6876
2857
6530
3514
7975
6040
5974
9164
5579
5148
7905
6151
6477
8820
7958
7933
8102
8792
8326
8035
6872
4992
1085
1748
1737
1620
-1368
-5042
-5635
-7018
-7439
-8209
-9000
-9826
-7824
-9049
-6827
-7670
-8082
-4409
-7298
-8072
-8257
-4596
-3492
-5727
-8076
-7591
-6904
-7074
-3955
49
3569
-6902
-2960
-3559
-6322
5344
4898
8
26
4649
4825
9545
13196
14766
15516
16707
19914
11474
11445
13747
12179
11788
14333
6281
4801
6751
3658
7143
6824
5193
2905
-16
-1060
-1625
-1300
-2059
-10123
-10737
-6444
-7767
-7649
-4838
-6672
-7892
-6412
-3729
-5686
-7107
-3013
-497
-7311
-1991
-2863
-8862
-4062
-7411
-543
4466
-2260
-9694
-3024
2862
3670
4750
6914
11869
11918
13604
12371
12884
14625
15138
10924
9147
8001
8011
9009
8755
7965
8388
8045
6672
3333
555
-931
-2879
-5442
-8327
-9792
-10583
-11531
-14398
-5829
-12602
-7275
-7032
-7906
-10689
-10179
955
-4144
-2283
72
711
1483
-3170
776
5941
4557
2640
3641
3076
3538
754
1525
1226
2101
2251
-2905
3658
4972
6343
7185
8093
8806
7864
10180
8152
8382
9210
10365
9643
7896
6154
4165
4375
3149
-369
4222
2867
-1985
-4239
-4698
-4210
-4679
-7712
-3989
-7019
-7570
-4658
-7941
-437
-5466
-551
1923
534
2512
2242
442
-1852
677
35
2117
1409
1205
1782
1485
-156
-2689
-6925
-8301
-5197
-5243
-5794
-8515
-197
-3522
-5647
3803
-509
2707
2241
1338
1010
471
-930
-1406
652
1424
2906
1650
1794
5103
3230
348
-1271
-2365
1386
3317
-1583
-2014
-1913
-190
1707
-1333
11914
3095
5064
12489
6577
8930
8961
6368
-186
4093
2485
3098
3114
8910
10201
11625
10019
4756
3731
3558
938
-5176
-3344
-5506
-11336
-10359
-8464
-8570
-5400
-1854
-7872
-3943
-2533
-1070
-5694
335
-939
-2800
234
-5534
-1138
988
2319
-269
2368
583
572
2100
1953
3871
3167
5548
4901
3011
6122
5739
-95
-1498
3199
3442
409
2469
5323
5783
756
8098
8088
5410
5067
4166
4413
2032
-1538
-1940
-2524
-5561
-9974
-8330
-8944
-11921
-10940
-12665
-10109
-6053
-7528
-10314
-7671
-6588
-10756
-2736
-2842
1157
577
1966
4387
3281
2954
2330
6081
3183
4200
2501
3438
4679
3834
3596
4412
6282
6114
7849
11237
6706
3266
9969
10674
7546
9015
10859
9612
9274
11690
10798
8994
8895
4461
4731
2388
3767
2478
-499
4145
-4299
-2806
-4154
-6942
-3542
-5100
-8705
-10008
-6791
-9680
-8554
-8616
-6972
-6275
-4859
-4286
-7242
-1309
1718
-336
1932
3548
2364
2422
1814
2039
2509
2984
1371
771
6549
7435
7734
9322
10310
5831
7162
10888
9787
7544
3166
4751
2081
2030
7087
7148
2362
672
-2056
706
5732
-2164
637
850
-6767
-1573
-3083
-1289
1120
1094
4023
873
-1037
-2559
-4350
-4135
-3411
-4428
-5684
-2898
-3337
-4435
256
-2919
-7238
-2440
15
159
1163
3224
660
21
2331
2220
4566
5953
3696
1537
4969
7869
4924
3794
7072
11300
10400
10958
7156
8229
6752
5061
11308
5950
9785
4003
-1308
1565
10875
8975
-2606
-3133
-4068
893
-798
-490
199
-2130
-3826
-3089
-883
-3153
-6979
-9917
-10363
-9053
-10888
-10728
-9749
-13488
-12360
-12047
-13716
-11004
-14716
-15514
-10465
-11095
-11912
-10467
-2802
-3644
-2164
-2798
3952
10569
6416
3320
2362
13692
12894
10264
10397
8782
12854
10693
13036
16379
16383
15920
13346
9829
7492
6438
7334
9756
6952
6570
5668
6564
5455
5065
4435
705
-552
-718
-2903
-4178
-2632
-2871
-3016
-2836
-4566
-5603
-7695
-9850
-11060
-10388
-9939
-11940
-12102
-8155
-15274
-10074
-6297
-7016
-5396
-8174
-521
-3952
4558
4450
139
1658
8200
15157
8690
9198
6500
9104
10630
10561
12281
14566
17165
17653
14000
8797
7744
6863
9663
8196
766
160
3625
4868
3304
2116
142
-1803
-1935
-4892
-5033
-6464
-6982
-7121
-9337
-10475
-11361
-9514
-11344
-14694
-14910
-11941
-10742
-14583
-17159
-18511
-14934
-6457
-8537
-14160
-4651
-6783
-6843
5072
1648
5004
7992
5271
11051
16044
11011
7542
10183
12873
15625
14720
14967
17617
20495
19743
16974
16105
17340
12535
7036
8898
7846
7466
6346
5784
4453
3041
1914
-687
-1179
-2322
-217
-247
-9488
-7675
-10145
-13518
-8278
-15004
-8967
-12653
-18228
-18414
-17318
-11805
-12809
-15347
-18208
-16360
-12499
-6990
-14071
-9252
2968
2484
1059
5298
3933
4362
9333
9078
7343
5400
9231
10273
13012
14871
14865
14172
13861
12084
10886
10004
8426
7919
8489
6917
-1599
1517
3260
-422
2663
3568
-2043
-4020
-7495
-5524
-308
-4923
-6844
-7661
-8165
-9195
-7447
-4850
-5060
-6315
-4077
-4447
-12732
-13323
-10460
-12703
-11873
-8192
-10107
-8924
-1237
-1036
-1530
1609
5803
6444
6315
10618
7615
6475
10597
11189
12469
10884
12364
11949
12479
11783
10197
7917
5250
6129
5908
8003
2973
7525
3586
5374
3672
-2208
3445
2736
2938
785
2515
-88
1271
-526
503
1262
-1622
-758
-2880
-4568
-5448
-7610
-9444
-11328
-12470
-13060
-15209
-14432
-15919
-13959
-13503
-5961
-8203
-5815
-3679
-1967
430
-6141
2595
478
-4965
1947
2455
4408
4264
10968
7855
12674
10620
6816
5150
2958
10436
8567
5751
3180
7677
6285
7501
8553
6832
10000
9417
5699
5956
3812
-455
3588
879
759
-1386
-1821
20
3037
-4489
-4552
-6748
-8234
-8132
-10372
-10014
-10044
-9182
-9203
-10576
-6976
-9334
-13157
-8662
-7151
-7035
-7138
-7003
-5094
-5026
-6436
242
564
1162
8036
1695
5616
5304
5121
10854
7307
7363
8701
8652
4722
7027
8092
6643
12524
12371
14445
11648
11501
8194
5283
7200
3170
3613
764
-107
250
-6094
-4069
-6027
-6085
-6930
-7371
-8300
-8683
-8873
-8269
-9737
-9836
-10090
-9757
-5997
-5863
-8892
-8220
-1763
-471
-4941
-6655
-8750
-5890
-3766
-865
613
-1457
2645
3071
4372
9417
14805
12091
13203
15412
12926
14752
16796
14929
14027
14683
13718
15387
14878
14290
15124
14605
11643
11099
9293
7155
2884
-273
1245
-1463
695
-967
-3360
-4005
-4787
-4450
-5812
-7194
-6821
-6573
-6039
-7551
-7564
-6786
-8730
-5818
-13405
-5102
-10366
-13398
-3130
-9956
-8650
-10814
-7342
-8638
-7672
1332
-385
-5244
1528
9371
3488
7855
6511
5281
5777
9515
5821
7320
8435
6318
8223
8445
9811
7844
8231
6896
5983
4679
941
-870
-3666
-5559
-5027
-4172
-1209
-517
-25
-3326
-10031
-12245
-7898
-6986
-9699
-7883
-7370
-3704
-7289
-2797
-606
-3979
4457
2661
4046
5066
-571
-2567
-2803
-1585
-925
-1813
962
2889
297
8330
3344
802
10630
8818
8074
8968
7883
5807
4551
10533
11574
10549
11547
10009
10836
8696
5148
2495
1574
3697
5117
-337
4604
498
-1946
-1564
-8707
-1108
72
-1757
-3765
-3546
-3918
-3908
-3394
-2570
-1341
30
5236
-176
-2305
2353
914
-977
-339
-2256
-6134
-7537
-3122
-1975
-4058
-3571
-7073
-5839
-5652
-6683
-8230
-6303
-6234
-8109
-1642
-1849
2709
3539
113
-3265
3140
6853
835
1473
-187
4148
9007
8788
5979
3339
127
4436
1640
3617
2328
-2603
4475
-4360
-2210
3005
-6148
-3814
-1116
-4801
-2826
-3152
-1186
2185
467
421
4319
4620
2788
685
-343
-1719
-3816
-2207
-2583
-3136
-3235
-2794
-2188
-2971
-3928
-5486
-6817
-8035
-7940
-6307
-8929
-9284
-4635
406
-124
-842
-2729
-725
6044
7361
6774
5270
6656
7581
6520
6935
6675
6523
7492
7803
5747
3405
2293
1246
-1367
-4490
-2249
-3224
-1160
309
2089
5742
4187
1048
3556
4397
687
567
-635
-1654
-2625
-4002
-4522
-3885
-3138
-748
-5531
-6962
-8414
-10261
-4480
-2217
-4141
-8030
-9577
-7603
-9816
-2229
-2483
-8437
843
3835
4712
7179
8259
6279
10107
5567
6371
10455
8071
8011
6698
9187
12382
11475
10106
7347
6108
7083
6531
5175
5733
2620
5067
7021
10183
6578
4595
6862
4016
5194
835
1349
-2242
2796
441
2668
1965
-2564
4153
-582
-2436
-3930
-7144
-3861
2093
-2085
-7821
-7134
-7052
-5504
-9705
-8841
-7923
-5342
-5440
-9867
-5625
-5451
2829
3494
2436
4496
4716
6694
6589
7689
9667
9733
9255
6890
4721
3826
3760
3852
2503
3193
3478
5611
2319
-4810
814
7752
4080
4382
742
3685
5752
5557
6112
3693
3300
1450
3387
4180
6214
5726
7511
8816
5786
3685
3749
3334
-4470
-1880
-2864
-3393
-2248
-2044
-1656
-3602
-5039
-6761
-1532
-12056
-8142
-1750
-7326
20
-1316
-1757
-44
878
1003
2010
2929
1522
3478
4016
6390
4903
4064
4090
4513
5509
4218
756
3678
2459
-993
10588
4747
3145
5440
5019
12818
12609
6824
1644
4362
6047
5036
4550
9242
8698
4180
4308
4325
3641
1747
-1971
-6981
-7084
-7563
-9751
-11214
-11025
-5712
-6005
-6819
-7427
-9457
-13957
-9753
-7814
-10545
-6614
-6088
-4822
-6974
-5696
-1111
-399
-598
272
3991
-1072
-4793
-1624
-3905
6072
3526
5077
9310
7302
10401
5237
8654
16639
12529
6139
16514
10794
8733
11475
7053
5877
6281
7856
6554
10226
7949
4829
2366
4318
3697
-2146
-2716
-1950
-3318
-3437
-5691
-6613
-7655
-8356
-6992
-10399
-13006
-12878
-13026
-16351
-14685
-12208
-14647
-3762
-4125
-3539
1329
-11803
-8702
-6185
429
6673
2386
1990
4196
5518
7218
8344
6896
10659
10861
13268
10767
7060
9952
8304
7868
11460
11530
8994
6146
9019
8498
7814
5748
5185
4848
4893
2960
820
-6246
-6030
-6311
-9213
-10499
-12708
-11684
-12346
-12977
-13238
-14521
-14321
-11633
-14269
-17310
-18815
-12812
-11049
-10858
-6501
-8005
-778
-6392
-531
1953
-1969
7558
2961
9818
13953
7492
10918
15582
13695
16205
17076
11200
16848
21639
23074
17900
13201
13608
12448
11744
6218
3010
4878
4869
3692
2476
2412
3995
3389
2729
357
-666
-5342
-3382
-9160
-8312
-4858
-11271
-7081
-14432
-15220
-13675
-12569
-13848
-15739
-15433
-15946
-16186
-13261
-8559
-15267
-11690
-4576
-5236
-6387
-2878
-2314
-4954
-2279
378
1168
3095
10404
10908
10968
13429
13742
12921
12101
13963
12229
12333
10823
12021
6021
3491
4842
3785
8779
3782
4772
2019
-717
4318
3552
2014
626
1582
-120
-378
909
2829
557
883
3335
2525
2945
-5543
-2496
-2144
-5055
-5853
-8234
-6372
-7417
-8306
-8654
-2856
-6303
-6583
-2871
-2075
-3013
-829
2491
-2467
394
12954
12817
12750
14966
14623
13420
13141
14293
11698
13138
12820
11086
12378
7286
9229
10048
3800
7375
8583
6963
8150
1719
1665
183
-361
-878
-220
456
-121
-49
-1266
-1444
-2811
-2763
-2399
-3676
-2852
-5183
-4856
-6378
-8438
-9354
-11752
-12098
-12405
-13898
-14247
-15377
-12680
-13500
-15473
-10705
-6502
-5301
-6540
-1233
-641
5618
7198
5397
9447
8071
10256
11739
11845
8737
9546
10350
10549
10934
10324
12073
12580
12851
6850
10267
9895
2545
6969
5572
3082
4037
4112
7755
7112
6980
5659
3065
2931
3761
705
2133
1011
-2615
-2978
-7970
-7716
-9093
-10145
-11539
-11397
-11517
-11635
-12816
-14574
-13201
-12477
-14584
-10640
-10005
-10171
-1667
-1544
388
3165
3053
3760
11413
14498
13472
15958
14306
16441
15743
17952
17146
14859
13817
8530
6654
7951
13533
6379
5052
5465
-2021
1138
1524
463
-73
870
18
-1185
-1162
-2962
-6263
-6968
-7355
-7396
-8700
-9473
-9582
-9818
-9391
-11481
-12117
-12445
-10280
-13160
-14255
-15664
-13649
-9166
-7142
-4886
-8069
-4664
440
345
2770
9916
8318
16719
14695
11659
16288
17557
21193
19391
19385
19974
19571
20053
19315
18640
16322
15064
13374
12749
10836
-583
4195
4904
5926
6596
3936
4200
1237
2748
322
-2389
-4251
-5568
-6500
-8236
-7919
-12380
-8137
-11593
-13003
-9126
-18620
-15498
-12415
-9174
-9274
-10120
-8736
-9377
-4683
-5485
-5490
1278
259
2549
9435
6693
6992
7712
12294
14164
10283
9013
9837
11103
13871
13537
12624
14627
13913
13174
11050
11350
9792
9130
7495
6357
6235
981
2201
-584
-785
178
-638
2201
469
-4512
-7893
-12385
-12187
-8650
-15194
-6096
-8227
-16807
-11370
-17227
-8295
-6063
-11006
-8760
-8974
-5881
-8935
-6588
-2318
-436
-2932
-549
1119
3357
8877
4016
10010
9881
8505
11883
9968
9343
10818
14454
13494
11412
11751
13979
13344
14371
12786
11515
8225
10285
6941
5823
8725
108
3487
-4003
-2283
1924
-633
-50
-2527
-2
-3483
-4410
-4894
-5460
-7438
-7778
-7391
-10476
-9086
-9737
-4753
-5510
-10117
-8639
-13339
-9395
-6279
-823
-1522
-1070
-2608
-2762
-2085
-1334
-2164
273
2223
-6823
1311
3940
3095
7410
6605
7622
10813
11869
7749
2091
183
4988
8197
8082
8690
8923
9798
5768
10466
11612
8950
9599
6219
3515
3946
3834
-1865
589
2385
2908
-752
-951
1160
-401
1378
1121
1050
1141
-770
279
-1166
-2581
-2325
-286
-15
-888
300
678
-1638
-944
-5913
-5880
-4917
-4036
-6184
-3111
-4333
-7914
-4612
-1514
1596
-420
9357
6452
4754
7631
4002
12108
16150
8520
5209
7674
9456
10775
8928
13419
12588
13171
14245
11856
9561
-401
-1427
922
-1006
540
-2581
-1414
-923
-935
1175
-472
-1301
-3719
-2432
-3960
-6153
-6166
-2134
-2232
-1704
125
-2649
-5711
-8802
-5981
-3048
-2681
-3504
-965
-5415
-5289
-5292
-1081
305
-4060
4049
4187
5678
7728
7720
10151
14753
12943
6856
11036
14635
13361
14889
14782
13446
15815
14944
12966
11492
10111
7731
6350
7450
1616
170
1980
-955
145
-1592
-1396
-3511
-4538
-3710
-4935
-1256
-6834
-3710
-3861
-2028
3144
-2719
-4224
-5717
-7693
-6749
-2414
-6091
-6957
-7646
-7465
-7014
-7561
-4491
-2714
-4999
403
-654
-5811
841
-341
2399
4442
2263
5417
9147
8527
9986
10559
8036
6995
11547
11187
9836
8003
7488
6521
5537
4290
3563
2766
2673
-779
-3230
-901
-2949
-12251
-9570
-10022
-6169
1690
-6477
-8613
-7191
-2875
-1413
-6953
797
4826
5292
2094
7485
4916
4215
4313
-265
3442
2941
-175
2749
3175
2610
3247
104
1410
-2335
-6459
-1867
-962
2229
1915
3178
5875
8541
9883
9285
8316
5549
5647
8778
8554
8770
7072
6396
6656
5419
4192
2195
2599
-2550
-2377
-6014
-6475
-2751
-6619
-1283
-4224
1504
355
2878
2885
-3324
1382
930
3985
1725
5864
5433
3868
3978
904
436
-2835
-6406
-7819
-5914
-6776
-5820
-4475
-4390
-6006
-6006
-1625
-7322
-4445
-5050
-6438
-1845
-6533
448
5023
5077
7116
5067
4872
5287
10886
6860
-642
2134
-5538
569
5899
-951
-3096
-674
-1482
-4038
4734
4392
10204
7288
2910
8316
8165
10809
10797
11135
9036
8853
8156
11162
10614
4798
5526
3720
1012
-2085
-3512
-3922
-4936
-4989
-6242
-6402
-6254
-8099
-6558
-7535
-9860
-6037
-10015
-12043
-8714
-10343
-8130
-7330
-10208
-2058
-2717
-4197
1045
-1255
925
1900
4147
-490
713
3838
2165
2478
769
2858
2929
6547
4850
5512
5024
379
6395
9418
9495
7370
5877
6524
5632
6610
5212
3401
3771
4658
4488
2024
-390
-178
-1305
-2502
-3522
-6199
-7683
-8029
-7558
-8917
-10215
-9842
-9026
-8830
-6172
-5032
-7751
-12772
-10076
-1130
-32
-2120
-219
194
3049
4945
-2574
6210
8999
4002
10842
7783
3249
4966
3989
2137
6431
9144
7311
9261
6207
6570
9121
9619
10256
5051
4599
7531
11526
10425
9429
7777
9001
9130
6452
5020
2803
-1159
-1206
-5216
-9266
-3420
-11016
-9857
-11827
-14458
-7795
-9284
-11403
-12498
-11223
-9837
-10088
-6326
-6235
-9758
-3840
-1664
-999
3632
615
-1989
69
-2546
-933
2611
2402
1183
304
2116
3761
3704
6687
5397
2804
6096
7883
4460
526
6498
7756
4950
6500
5957
6984
8356
9173
4923
4207
2190
-1827
1922
-1080
-729
2915
2479
-204
137
-2092
3023
2910
1673
305
-2574
-594
-1546
-3208
-4414
-10864
-11235
-11959
-6807
-8974
-8006
-1001
-4404
-3357
-2884
-3355
-3773
-161
-373
-79
6017
7351
8000
10596
12675
7557
8994
10949
8850
7176
7917
7331
4165
-741
8518
11468
8880
14075
5951
2052
3442
6812
9603
5683
-1027
-2657
6760
11918
3339
11647
9119
14382
20119
13293
18078
19006
16904
13427
13860
12490
10019
11275
11291
9171
9795
12940
12339
9869
8335
7136
2846
1329
770
-1213
-3710
-3945
-3276
-3997
-4072
-6211
-10773
-11294
-14004
-13550
-15006
-14637
-18450
-10942
-15454
-15086
-8614
-13842
-851
-825
-3934
-1224
-836
762
8974
10976
7988
9557
10691
12827
6911
11417
17871
14389
16075
16242
11668
9252
6067
8051
8393
6286
3253
3761
7068
7502
8553
7419
6106
2235
562
-2554
-4539
-5003
-5895
-7088
-9470
-8954
-9661
-9048
-9988
-11720
-15465
-12694
-13109
-7478
-8483
-20145
-16884
-19421
-16808
-13856
-10209
-9195
-10092
-1093
3682
3335
4378
6632
7206
9402
12373
11088
9583
15781
16781
17894
17008
13583
15174
13588
12527
12415
11755
11179
11416
12119
8800
7340
9464
7947
7351
4813
3152
2095
715
112
178
-979
1662
-2767
-3067
-1887
-6776
-2643
-6540
-6529
-7341
-8209
-11522
-12250
-11953
-13234
-12922
-13081
-11243
-12493
-7888
-9232
-2470
-624
-5556
-2479
-504
4550
7947
7401
6772
9185
10532
11595
10236
12247
13679
12749
11114
8080
8038
7977
5185
5834
6342
3632
5038
5423
4259
7306
6615
-227
-1402
-3813
813
3509
-2857
-5577
-3784
-1349
-2513
-3094
-3290
-530
-2023
-3044
-7305
-10655
-2565
-3179
-4348
-11905
-11348
-11213
-8973
-10657
-8671
-7113
-7927
-7437
-2860
1464
-4076
3221
5616
4085
7611
7685
6693
7431
7500
5092
10155
6930
8522
10424
8738
9122
6824
9832
2998
7587
4400
-248
4412
-2222
781
2875
1302
42
2067
1795
998
129
911
1273
2649
4628
2422
994
-2112
-2648
-3832
-2524
-5667
-9600
-8927
-7130
-6405
-7981
-9074
-6468
-4242
-7090
-6791
-3811
-5129
-6383
-7681
-8899
-3796
-6933
-6125
395
427
2399
2568
2811
7650
3121
3764
1546
2013
9893
8440
8140
4292
11583
11203
6931
9590
10830
8198
8329
8109
2871
1498
2127
-218
-1798
2724
-1297
3508
6432
4475
1539
-69
474
-2593
-5160
-5341
-6814
-9604
-8627
-10653
-10127
-4826
-4185
-5751
-2966
-3233
-3778
-5188
-4726
-9950
-9102
-8766
-7914
-4602
-7063
-6302
-1319
-187
-4795
2401
5881
7618
7181
2056
4245
4707
5537
6447
7419
16685
16995
18340
15028
13178
11513
8477
10310
4258
1000
3549
2798
1607
1681
1769
870
750
-629
-2860
-3636
-9985
-11421
-11992
-11493
-9375
-9422
-9257
-5281
-7797
-6643
-3211
615
-2207
-3577
-6010
-6342
-2299
-5633
-2369
-2435
954
-2217
-548
2883
2142
5782
9496
12965
11147
14728
12347
14328
13217
12915
16467
14101
15465
15774
13404
11261
11039
8250
6951
5941
6798
6713
4842
6940
6170
4407
4303
2255
262
-2376
-3720
-4297
-6260
-7647
-7093
-6420
-8589
-7335
-3102
-9164
-8543
-2635
-1605
187
-3923
-8364
-6106
5373
1687
-4663
-6856
-10699
-6033
-6162
-4657
-1202
4829
4174
-796
743
6264
6462
3619
5271
1016
-133
2022
5661
8056
10159
12196
10662
9785
7587
5477
2510
1540
1203
-2073
-3054
-3008
438
-313
-3350
-2971
-6337
-3386
-1696
-4680
-3370
-3228
-4715
-4507
-1577
1317
-3420
2741
6034
3083
8558
4410
2410
4691
2816
4481
3105
1569
5151
4466
4678
5766
4875
3210
377
413
-1825
-3442
-2924
-2964
815
1863
4115
3554
3130
6446
6827
7001
6875
3706
2284
2062
6354
9007
4065
8687
6483
2776
-2004
-8134
-3900
-1067
-2534
-5599
-3691
-2713
-1126
-2544
-1733
2131
-1804
5023
6696
6064
7135
4212
3105
3288
1158
657
-110
1587
2036
1906
968
804
-2585
-2765
-2834
-5297
-4058
-5105
-6791
-6715
-3352
-6357
-9737
-3599
225
-1342
224
740
-76
7756
5268
4169
5013
5192
6738
2343
4822
2407
562
5692
1234
78
2873
2107
2191
3171
3636
3894
3023
6511
8523
7933
7876
8152
11096
11055
9989
6663
6052
7006
5213
4644
4524
5916
6241
4575
3553
1274
573
-1328
-3088
-8233
-7639
-9497
-14044
-7938
-14216
-14473
-10720
-13785
-13949
-7423
-4450
-5813
-792
-971
-18
-516
2678
5415
6333
9723
8008
6335
5509
4871
4079
2621
1223
2636
3219
2588
1301
3340
8824
7588
3705
7747
9793
7015
6736
3329
2396
1502
-835
3979
3615
3095
3696
2348
-2113
-1524
-5276
-4248
-7669
-3598
-3574
-8014
-9338
-9877
-8090
-8623
-7951
-6302
-3640
-5199
-3522
-198
-3175
-5885
-711
3538
3355
3485
4416
4404
4220
5619
6302
6548
4809
4664
8570
6904
1393
8117
9455
7308
8992
7527
4969
4400
6307
6559
5730
6571
11807
9185
8293
8582
9101
81
4149
-1124
-262
3556
-575
905
-6662
-9219
-1755
3846
-2660
-6913
-6704
-5057
-5500
-7831
-5829
-3730
-4300
-7520
-9329
-10708
-10482
-11617
-8545
-15278
-15079
-7445
-7512
-3429
-3400
-769
2158
2534
1267
3602
4790
4693
6777
2181
2401
8896
8284
4891
9108
11067
10236
13897
11119
8019
5545
5897
8433
6077
2534
3052
5616
1550
1486
1904
5159
5006
2536
5915
4078
2970
1096
-818
-2200
-2395
-2411
-2883
-2963
-2367
-3257
-4444
-5970
-9740
-9726
-11978
-14040
-14369
-9724
-7175
-10286
-3447
-3570
-1055
-926
-5544
-7479
-9927
-4429
-1230
-1541
-2760
5392
3236
1213
1250
6985
6457
2508
13333
6318
12448
9217
2841
7171
13367
22436
13196
7650
5628
7538
10896
7811
10828
14065
7746
5625
5481
6958
5192
72
-2925
-5318
-5372
-5429
-5495
-8174
-9279
-8302
-9480
-12185
-13367
-14160
-15763
-17839
-19920
-11935
-12202
-15478
-11682
-7037
-6023
-6718
477
2590
-10766
-6359
55
4730
9079
7859
12896
9100
11255
15841
9773
19446
15892
12825
19522
15261
10803
11139
10083
7051
14866
16869
13263
13710
16384
15731
13724
11677
10124
6189
6442
4087
2163
2135
-2945
-3534
-3532
-2906
-3576
-3903
-5173
-5381
-7078
-8319
-10885
-9881
-13703
-11978
-17821
-15568
-12319
-22773
-11574
-8558
-9097
-8577
-11095
-8093
6174
4204
-3813
3131
4640
10408
9309
11416
16309
14165
15017
16032
14740
13363
11191
8883
5167
4919
4136
2782
5843
9752
9830
10513
2663
1093
-1621
-2548
-2325
-2482
-1652
-2789
-2297
-4593
-6215
-6195
-6306
-3690
-9699
-11472
-15148
-13823
-8813
-9977
-12146
-12190
-10503
-14828
-10514
-11429
-5209
-5409
-10195
-1161
2785
1439
104
2662
2805
6667
5233
9326
17709
16777
23001
22319
22123
21597
19334
17197
15168
14177
11783
11780
13944
6270
7281
8046
6557
7658
5756
4100
3167
687
413
-1684
-404
-1605
-1380
-1952
-7689
-74
-6711
-9047
-7972
-14765
-7915
-7179
-12122
-14781
-13762
-15187
-16382
-17036
-16210
-14761
-13698
-13258
-10685
-9778
-7331
-4928
-5812
2878
2947
2157
3495
5060
7808
8853
11585
12858
15503
16417
14794
11342
9649
9260
9827
8942
8539
8010
7319
7368
9540
8241
5694
2921
1737
4978
4845
2804
-1916
-284
-2522
-3186
-2126
-3151
-3343
2622
5307
165
-2368
-1839
-2398
-4322
-5286
-5928
-8153
-6316
-9706
-11038
-13113
-8805
-7162
-10825
-8896
-3476
-7543
-2328
4921
3973
6743
5837
7708
9413
11604
10488
9818
12069
10948
9154
11487
7011
6284
9829
5700
10905
8841
6917
7362
6319
5882
6246
6673
4198
4435
5346
5874
3812
4391
4046
3285
1803
1104
-1692
-2663
-1497
-1950
-2916
-6828
-7302
-7055
-8546
-9613
-10834
-11534
-13434
-12221
-10648
-14932
-12973
-10939
-10639
-11963
-6752
-7489
-10704
-3374
-759
2425
4084
8816
2720
1171
2709
2166
8793
15703
11893
10051
13105
11794
12717
9591
11012
12840
13009
11651
7266
4865
7021
6503
3947
4481
3002
1688
1835
6316
5677
3789
1713
-3853
-5790
-7557
-9225
-8025
-7927
-9057
-7774
-11891
-13414
-6020
-5930
-9897
-9652
-8304
-5833
-7484
-7456
-8960
-10294
-9589
-6022
71
-7181
-6674
1681
1194
8804
8313
3384
2871
5118
9285
6788
10024
13304
13481
13815
17670
17558
15646
14681
10749
10045
10046
6745
2227
914
-6
-935
-2267
-2216
-4371
1226
2429
-484
-3203
-5571
-7740
-7342
-6825
-8500
-9713
-10731
-5844
-9864
-12683
-8600
-5010
-7978
-8582
-8683
-11246
-9432
-10004
-8626
-4936
1339
-2851
-155
-2400
-3607
2033
4553
6889
8469
7379
9508
7927
4643
7342
14310
14935
16455
15183
16971
15449
15317
14731
12011
11949
10117
8114
6111
4197
3711
3154
-1696
-1031
-2980
-2688
-1682
-1662
-2787
-4328
-4030
-5131
-8489
104
-4344
-6018
703
-4010
-1266
-3254
-1044
130
-968
-3408
-1041
1618
-401
-1770
-1126
647
915
1025
2805
4186
-3008
-2067
3269
6160
5352
2954
1696
4406
6843
5917
11491
13599
11858
12128
10948
9705
8302
7595
6227
3648
594
1268
-1768
-1175
-3546
-5781
-3515
-7439
-8451
-5757
-5064
-7969
-10548
-10003
-684
-9590
-4696
3056
1674
10673
3620
2738
3839
4211
3347
2659
4400
1773
864
-145
1911
428
883
3424
-571
-3737
-3738
-2361
-6039
-9274
-4899
-3877
-424
3449
4568
6563
7000
8091
8690
8303
6557
3993
2358
3201
-1218
1934
307
-953
973
-6816
-2307
-4138
-3674
-525
-1035
-2944
-2460
1404
1714
389
70
4741
3804
3901
3874
3066
712
1179
1609
1121
664
-2108
-486
1811
866
-3533
-3021
-3254
-4502
-5310
-6858
-6645
-8541
-9057
-10610
-11338
-8715
-14945
-11079
-7130
-6211
-2486
-7625
-5207
-7462
-2043
4607
2069
1159
370
1195
51
3084
3078
4882
7823
6758
6538
1551
-393
2153
1604
3428
4403
3604
7672
11250
12015
13394
13328
14645
12729
9447
11289
10172
6149
3675
1639
-839
2442
3629
3270
1074
220
101
-1535
-8499
-9139
-11493
-8370
-10759
-6550
-9310
-8430
-4218
-12386
-11616
-4662
-1515
-3013
1048
2542
4399
82
2813
8396
8129
8959
7626
8634
7301
7411
5860
5099
3944
2535
3515
5323
4450
2839
7338
8660
5668
7072
5565
2780
6568
6680
6285
5512
5124
4283
3414
3911
1729
2063
1043
-3294
-2439
-7537
-3761
-1020
-2561
-5698
-4954
-15638
-16890
-13481
-15299
-7953
-14520
-12687
-5101
-7823
-11207
-4024
-1461
-1735
3463
3251
5761
4722
10691
13263
9822
10466
8442
7050
6431
5626
5062
3737
6189
10069
6707
6357
10345
11833
10512
8384
6532
4549
5539
4892
5206
3561
3071
7131
5735
7075
-1303
4167
1538
3153
-1609
-11559
-9270
-3327
1741
-3584
-8811
-11398
-6779
-6615
-8297
-8221
-4153
-3252
-5187
-6242
-5181
-3995
-9855
-5520
-3334
-5760
-2567
1520
814
1024
2994
6039
5453
4299
3813
1030
2401
4756
3393
-330
3399
6199
6110
5908
6412
4904
6451
10037
5737
5228
2836
8056
6122
3040
4028
4514
5291
80
1538
4207
6436
4208
5592
4772
3840
1223
-1667
-573
-2561
-3130
-3424
-4044
-4754
-5046
-5433
-6612
-7918
-9064
-8311
-5100
-9463
-10201
-5708
-5046
-4669
-2710
-3994
-4576
-2613
-3639
-2981
508
2430
439
3304
6810
8091
6681
10476
5343
6252
7654
5866
12016
8361
7155
7663
15574
18949
5626
1860
-234
3135
4611
1734
5770
10406
4678
1864
-1283
-3941
-2841
2079
-2967
-6926
-6921
-5006
-5376
-6027
-7863
-6668
-6450
-9588
-10751
-12284
-13866
-21094
-17191
-19236
-20356
-13707
-10529
-7769
-7281
-7655
-553
848
-4312
-4216
3256
8896
8135
7103
8833
8485
6546
12106
13858
15341
15877
17675
17826
15926
15869
14394
13605
12381
13157
10834
10698
13601
11628
10589
10484
8315
6380
5009
2217
129
609
-491
-761
-2850
-3730
-4497
-6687
-7078
-8631
-14399
-13826
-13547
-13986
-17849
-17261
-17696
-20508
-11278
-20530
-14099
-7301
-10677
-5142
-8393
-8833
11397
16527
8042
10040
9146
11811
11890
12693
19523
19770
16322
18977
14279
10389
8654
9183
11563
10783
5976
4674
8588
9643
10496
9426
8575
7122
4725
2572
-274
-344
-2010
-4230
-4282
-5956
-6372
-6671
-7199
-12696
-13335
-16648
-16657
-12508
-13756
-15604
-21115
-16397
-18648
-16577
-9203
-11924
-2475
-2385
-4886
1040
5651
6816
4431
4012
4861
7361
8166
15495
19460
22295
15157
16050
14370
14131
13648
12274
12847
13766
13342
13433
13189
13127
12741
11295
9917
7357
7439
4319
2878
1615
10
-1478
-2206
-6615
-5843
-7848
-10591
-6358
-14497
-12836
-6759
-7820
-5774
-7622
-11286
-12248
-14980
-17030
-15640
-12319
-11515
-10255
-4451
-7784
-3004
1210
-2705
635
2287
3809
5476
8532
6413
8411
9537
12344
14950
12680
14402
13763
13095
12313
10749
9486
8338
8296
7879
6682
5574
8079
7354
2727
1305
-2380
4666
2993
-4856
-4751
-6525
-2308
-2901
-4818
-1994
-1116
-839
-273
-4048
-4794
-5214
-6837
-6460
-6371
-7405
-5749
-6347
-4920
-1308
-7075
-9665
-7338
-4293
-8201
-5219
-2511
-7205
1307
6082
8173
9485
12360
10818
12621
13010
11584
12261
10545
11209
10446
11142
9230
10494
4588
506
8347
3267
4643
5495
-844
2871
2784
978
-827
708
-736
-628
-370
522
375
1483
689
-488
-1523
-5264
-7564
-8099
-5551
-7325
-11468
-10477
-8251
-9215
-5025
-3147
-6843
-6786
-3683
-4690
-5352
-4310
-6887
-5134
-344
-4854
-3728
1037
3769
4551
5704
7432
7435
14254
6796
4578
1139
1589
10624
7435
3937
11044
12833
12778
14833
15033
9673
6904
7547
4686
2013
3920
3988
1809
2241
3293
-458
-1283
14
-829
-2962
-1553
-3764
-5976
-5831
-6405
-4301
-4475
-6527
-4067
-72
-2061
-1552
189
-660
-3263
-7239
-10608
-12744
-5899
-6098
-1608
-269
-6320
-8000
-2090
-1429
-1344
8349
4152
1901
1838
9017
9323
11771
12463
11458
14359
15488
16372
15841
14832
12162
7945
7861
8738
5460
2363
-3665
-3226
-1315
-1124
-3919
-4237
-4384
-5729
-6834
-6367
-6561
-7132
-8394
-9600
-7902
-11123
-8706
-4078
-7639
-4871
-1237
398
651
-2149
-3746
-8039
-6394
-2604
-3006
-852
1643
-1137
2066
1168
804
10431
9020
10008
11842
12363
12798
12483
15663
12488
14085
15944
13868
15009
13804
13147
11881
11248
10095
6832
6101
5785
4710
3440
2227
-315
140
1412
-1972
-2762
-4950
-3684
-4013
-5815
-5385
-6620
-5284
-2361
-7554
-12139
-2515
-4159
-2537
-2428
-9507
-10331
-1210
6388
180
-2742
-4200
-4262
-4632
-4211
-4170
-1086
2762
-941
-6565
2373
3665
5860
10286
4179
2128
4151
7559
10550
10026
12058
13478
14299
11673
9226
6001
4617
4466
3508
1669
623
102
-6349
-3676
-6697
-4184
-5180
-5284
-2009
-2305
-6156
-2473
-1430
-4196
-3873
-3
6820
1855
4565
9004
6444
891
4893
5363
3852
4475
3104
3727
1309
2465
552
-1359
-2083
-3872
1413
-1702
-1544
-2992
-3652
2099
4284
6695
8720
4980
8367
9697
8717
9269
7467
6234
6937
7425
5330
9307
2358
6421
4640
-465
5301
-6752
-3573
-3676
-6303
-4671
-4518
-1411
2265
998
1851
3671
5389
6128
6391
5513
3770
4216
4693
5780
3217
2449
2193
2172
3176
1418
804
-761
-2117
-2358
-4374
-5527
-7003
-5767
-6113
-8016
-2836
-7010
-8236
1254
-1618
-1521
-592
-2681
3710
5443
1838
3155
4491
6706
7366
4052
7620
4341
7256
8347
3362
6277
5007
8134
1850
3951
8871
5480
5680
6703
12604
10586
12221
8654
4734
5503
10296
10232
9510
2582
6475
849
998
2008
1414
1575
1255
-446
-3963
-5515
-9235
-9351
-11971
-13422
-8595
-9687
-4253
-11485
-5166
-9790
-13639
-2528
-2432
-3302
-644
-4914
-5146
-2196
-2065
-71
3488
5466
7467
4284
2858
5679
4733
3816
1053
4079
8322
8381
7336
11471
11389
9545
12229
9981
8820
8465
9428
9185
8399
5988
5085
4414
4695
3243
2592
2208
3448
-620
-5295
-7781
-6895
-1208
-3008
-4733
-12811
-10135
-12602
-11986
-7747
-10834
-9213
-7006
-6445
-4843
-5837
-8804
-1732
-5532
-400
843
-1681
1503
891
2819
5307
4985
2827
3694
2093
10525
12415
10801
7673
15154
17469
14246
17731
17715
13551
9191
11871
13438
12176
10721
10756
11072
7249
7165
3679
6917
4604
1927
7634
-5571
-2476
-1510
-8747
-2674
-6470
-10025
-9777
-6959
-8739
-9019
-9840
-7548
-8131
-6961
-7021
-8768
-11263
-10505
-6170
-11712
-10547
-9893
-10473
-7712
-5456
-4221
-3471
-4608
-4883
2361
4755
4301
6703
7730
7477
7248
9410
10647
10979
9687
6030
9893
9092
4212
3494
4236
7841
935
-876
2857
-1932
632
-2204
-1087
4105
3239
5301
4779
5560
3604
-112
-1009
734
935
-344
-961
-427
-1105
-2238
-2681
-5204
-7645
-8207
-8683
-10891
-13765
-9650
-11403
-15475
-11861
-8385
-4668
-6873
-3953
-274
3087
2987
2388
8938
12055
13578
14724
11930
7214
12705
7223
10397
12271
9358
15888
6526
1450
3159
12454
14044
8507
3525
54
3940
5661
5272
8295
8232
2378
1189
3500
3594
-2761
-5097
-4726
-6436
-5896
-5264
-5116
-6548
-7203
-8634
-12495
-16043
-18820
-18904
-18690
-19336
-20262
-19172
-11152
-13031
-13052
-4692
-3391
346
1875
-1121
929
4041
6670
7782
4627
7399
7370
7621
12052
7935
21273
10801
12052
14616
12699
12149
10468
8872
8895
7361
7770
9066
12286
12358
13348
12161
10258
8822
5756
4802
5253
2574
1584
-30
-621
-1335
-8178
-8291
-7629
-9607
-10574
-10730
-11436
-13621
-14365
-16062
-15848
-14646
-21109
-12454
-14480
-12828
-7553
-7381
76
-1210
1255
1488
12023
14367
5753
6161
9463
13377
13521
16700
22806
22663
19590
16934
12258
14503
15835
11436
7413
2736
6127
8791
9862
10023
7487
8354
6533
3239
299
-1031
-4399
-5670
-7371
-8651
-9195
-8002
-8166
-7664
-5638
-11331
-12038
-14434
-12196
-8723
-14120
-13004
-15836
-18934
-15778
-17229
-6524
-10378
-10121
1320
-6319
-2679
1799
5043
6098
8452
11138
10458
11791
15134
19969
20422
20274
19243
18578
17560
13510
12239
11685
9105
10674
11460
11069
8193
7362
7766
4967
3271
854
-2677
-3084
-5315
-4395
-3496
-4499
-7825
-5216
-7493
-12547
-7093
-13490
-9493
-13429
-19736
-12015
-8260
-12876
-14680
-11707
-13471
-8853
-11527
-10367
-9168
-5817
-2043
-1018
3437
-3581
-5512
-2219
3208
4845
1657
2560
5265
12405
12678
13447
14412
14542
14448
7645
3333
3543
5133
5809
4338
2709
4956
5262
5166
6694
4530
2390
-963
-3149
1234
1482
-6378
-5731
-5697
-6801
-3146
-5101
-3699
-3230
-3456
-8672
-7765
-7670
-9726
-8643
-7790
-1954
-4761
-5365
-1973
-504
98
-2115
-4051
-3996
-6656
-7639
-2762
-2166
-1296
5647
8005
8193
11711
11478
10853
9802
8189
3908
4834
4803
5337
5010
2578
7303
2890
5032
4778
3778
5901
6251
4693
-117
954
1426
238
-476
647
-1134
-579
-238
-3034
-3484
-2754
-5189
-7563
-7164
-4821
-4903
-6573
-2453
-1105
-4343
-1679
184
-1376
-360
896
-1097
-3796
-6003
-5176
-5015
-2771
-3969
-2334
2826
-6046
-2261
1375
2220
6380
3981
1028
-2760
3390
9902
8366
5203
7216
9611
11516
12972
13300
12545
10936
12126
3949
-275
2499
7221
4594
5489
5671
4498
5952
5877
5300
3089
-5446
-5438
-4243
-5259
-6485
-1402
2981
1000
1670
3275
2133
1863
4772
4635
733
-1203
942
472
-3041
-4469
-5735
-6380
-9108
-5905
-6402
-560
-5653
-5658
-1754
49
5928
4968
5825
6254
7109
4688
8932
10879
11884
12008
14391
17198
13384
13302
7777
6454
8889
7262
4000
3786
354
-2784
-101
508
-582
-2067
-273
-1832
-2996
-1564
-5779
-7313
-7967
-5454
-5662
-4432
-3197
-1324
-1904
-2877
2795
1363
-1514
-162
-6451
-1197
249
-3848
-3467
-2036
-5757
-7708
-5919
-2509
3431
-9383
-3324
6662
1880
4466
7806
4719
4009
6784
5817
8399
11766
13410
13261
14012
12120
10219
9482
7915
6627
4638
2820
4078
344
-917
287
-224
922
-180
3943
3525
-1107
1635
4036
4772
1421
1207
4024
-2879
4512
1313
-3983
1252
292
6192
4409
-290
-2117
116
-2978
-6038
-5038
-5450
-4847
-4761
-2585
-4634
-5031
-4553
-3144
3010
-4405
-3030
-5034
-1558
2232
2162
2213
4549
6891
6383
5669
3051
22
-1722
-2273
-3445
-4346
-2098
-12
1605
507
-2770
-2355
-596
3570
823
815
2656
3745
4963
624
7522
7152
5762
13360
6721
4075
10238
8522
4320
3023
5147
6095
3773
2887
5330
2793
788
2989
-601
-807
-495
-3343
-5332
-1470
-6308
-6445
929
823
5193
2439
3863
3720
2797
-870
2799
5096
5885
5641
2262
7086
2809
2447
2079
-1431
2759
6909
2727
2665
3852
1669
6674
7073
10360
8585
10284
11692
8065
2661
2651
3726
3125
3630
1385
-1250
-2385
-989
-909
-1895
-2689
-3185
-7249
-6083
-2913
-6955
-6320
-7745
-8297
-8045
-10288
-9867
-8746
-4326
-8398
-9579
-9181
-10090
-4939
2033
1096
861
3466
684
-255
2305
6697
6948
-206
4776
1372
2498
8623
2507
7385
11678
6010
11947
11374
12105
14123
14800
14517
11095
10687
9645
10134
7538
6598
6784
5291
5688
4958
5636
5110
4195
4842
-678
-441
-2350
-5518
-8818
-8555
-11923
-9229
-6886
-10240
-6724
-12121
-13006
-13514
-6465
-11240
-15288
-11343
-10158
-4408
-4012
-1242
34
1874
5268
3181
2557
6621
5678
6277
6961
9025
9428
6877
12019
12947
14502
14206
15332
15094
9482
10325
9570
7358
7212
5172
4620
3391
5100
4817
3600
2985
6645
3683
-5158
-3352
-6725
-5040
-1925
-7923
-5991
-6252
-9102
-5531
-8305
-8871
-5125
-9701
-6504
-7226
-14003
-13594
-12468
-7436
-8633
-11347
-6290
-2084
-430
2391
3085
1728
5409
5292
2182
6088
8909
7992
10306
15174
14865
12195
14165
16717
15380
13468
11967
11366
11318
10236
9605
8571
7721
7240
3889
6264
880
919
1950
-2759
1751
-5226
-7411
1272
4733
-1338
-4698
-3357
-4201
-4591
-7940
-5503
-4211
-5973
-6106
-8318
-8423
-8416
-9605
-11126
-11727
-12806
-9127
-11337
-12459
-8309
-5229
-2629
-1633
-39
679
1421
3025
5543
3139
4465
7457
8682
7437
8175
7591
8544
12967
9373
8139
7317
4008
4910
9086
7132
8012
5703
1915
3273
6504
9492
8917
9389
11037
3217
2586
-3031
-4772
-2436
-3063
-2696
-3195
-3477
-3985
-3976
-3418
-5815
-9630
-10684
-11872
-14470
-14783
-15034
-16942
-16108
-12969
-11383
-15012
-10687
-3094
-5661
384
4186
4063
6477
8578
11778
11122
10886
9267
12382
6973
12038
15733
8198
10725
4365
7094
19850
16455
5171
3578
3167
4975
3463
3670
9117
7635
5281
2345
873
3832
3629
-1008
-2658
-3417
-3858
-3845
-2015
-2525
-3713
-3067
-5493
-7752
-11917
-13652
-15552
-16692
-18268
-19385
-20329
-17970
-15307
-11105
-4868
-9228
-7615
-1267
4955
3160
4100
1945
1532
9766
8358
9403
12062
14831
14286
11652
15727
18729
20742
18626
16067
19124
15629
15046
17276
14043
9554
10139
10637
9666
8834
9082
7561
4984
5725
2691
1150
730
-733
-2863
-5496
-7636
-8855
-4190
-4543
-7569
-8913
-8782
-10496
-11710
-12446
-11648
-13332
-10883
-14290
-10822
-12122
-13016
728
-6353
-6631
-1162
-882
5628
12940
11450
1391
2083
4428
8313
10470
18835
25213
20260
22128
18202
11959
12174
13063
10670
6645
5897
6404
10203
9312
6246
9393
8654
8284
5500
-4464
-6252
-7617
-5569
-6614
-10384
-11293
-8588
-5682
-7234
-8926
-12506
-14678
-9049
-8831
-12935
-11018
-13010
-9922
-9671
-9191
-5224
-7082
66
-1430
1289
3230
-385
919
2169
8209
8528
9025
11254
15103
16063
17509
19777
17691
20127
19175
14287
10639
10041
9926
7631
6325
7470
7243
6299
7427
6191
4412
2371
3069
1327
235
-401
1743
-674
-179
-1610
-5396
416
-5655
-2928
-5943
-10805
-9709
-6738
-2933
-6684
-7002
-8966
-6394
-4681
-6501
-6953
-2225
-315
254
692
136
-2614
-2965
-2512
-6435
-189
1918
1460
3683
7084
9394
7443
7367
8058
8848
7231
6846
7634
7906
8465
8808
10240
7094
3546
4592
7137
6283
5958
2186
1633
2321
1802
1546
-4283
15
-690
-3027
-1267
-2064
-4974
-1932
-6489
-9989
1220
-1574
-209
-2389
-179
2741
1371
1463
4990
4230
-3848
-3062
-4071
-6465
-6893
-4622
-5420
1162
-1741
-2554
2813
1129
5689
4680
3533
4099
1663
894
5879
3928
4341
4995
1628
6006
4531
3447
4177
4122
2215
2860
929
6108
5429
6188
4300
1216
4650
3274
1387
295
2
-2539
-1892
-2663
-2794
-4819
-5861
-10607
-4757
-8058
-7729
-8140
-3341
-867
-1309
-556
-2435
-4223
-4771
-5948
-7646
-11259
-8558
-9675
-8783
-3960
-1937
-3799
2380
1049
-61
349
5805
11348
7238
4249
6860
10722
11723
15592
14030
15969
17539
15650
14313
6530
8863
10941
7697
10547
7913
7775
8843
7238
6714
5230
2303
1766
145
-1179
-2264
-2104
-246
-3789
1721
1644
-4886
-1506
2705
-84
-904
-1674
-2106
-3513
-7221
-7510
-7815
-6658
-8735
-7330
-12251
-8372
-10945
-7759
-4017
-10402
303
996
2038
241
3701
7018
5682
5629
11725
14736
11921
14050
12267
10928
8102
6152
-297
-730
7438
6241
4780
4821
3645
3348
2754
-2421
-7223
-8842
-9061
-10473
-12394
-11999
-5870
-3723
-4086
-5870
-2621
523
-3742
-2173
-7555
-2141
-5785
-2983
998
-6948
-4924
-3152
-4085
-6623
-5444
-2609
-1960
-2587
-1109
2489
0
-9252
-1531
2746
6103
7333
10137
11377
10306
7407
7592
7379
9294
9849
9480
10124
8925
7817
7323
6237
4807
2973
2339
1463
827
-1599
-5223
-5049
-5180
-3084
-3734
1094
738
657
-681
-97
4831
1136
5176
418
-4347
-2757
6761
5916
1316
2281
492
2043
-1687
-417
298
-38
3880
-1651
-8254
-7338
-6484
-591
-2136
-12193
-6934
-944
3019
4739
1428
6350
7569
7002
5668
6442
5470
3683
3504
3700
1509
-1244
910
-1221
-3381
-759
274
-5885
-4134
-5640
-2914
3440
1751
-1965
5542
4843
387
8330
5929
12222
5265
2298
8486
4709
2633
1328
2518
2414
509
667
2899
1669
2073
6313
262
-4017
1260
-3083
-8070
-9069
-9401
-8078
-2801
-8790
-7551
-2475
-2873
63
5280
5104
3952
2923
-600
4467
2317
5750
6869
2976
5852
-830
1777
-1274
-97
-1149
186
4956
5368
4746
7394
7409
8425
13662
12650
10608
5385
6403
6210
5028
5132
1200
1826
3324
4386
4180
4222
2939
1454
2001
-1846
-3769
-3079
-5672
-6257
-8411
-9797
-11100
-9007
-9171
-9649
-10591
-9796
-11939
-14223
-4957
-6643
-6729
-3902
-4490
-6175
-1663
-3506
-5610
1257
1399
2260
5034
6687
6235
7360
11277
11372
6604
10752
13208
14543
13807
14885
11850
7184
12362
8514
13175
11460
10131
11907
9908
8665
9869
9026
7771
684
1749
-1668
-5587
-5592
-7443
-8255
-7584
-3495
-7555
-9507
-7811
-12974
-10423
-9752
-11356
-11532
-11446
-8382
-5819
-17548
-9451
-7469
-8484
-2130
-4764
-4287
-3257
-3156
-3609
-1075
3447
2674
2440
7801
7220
3960
8134
8388
8440
8588
8412
9062
6815
9163
5652
5997
8700
6673
9619
7420
6636
5794
6651
5626
1979
224
-1937
1943
-476
2376
-3495
-8641
-4183
-9099
-5587
-7572
-10643
-7427
-5440
-6232
-7435
-7515
-6670
-6274
-8511
-413
-5839
-13371
-3749
-1522
-627
-1857
-3189
-2665
2307
4766
1538
1111
5757
10385
8076
8487
12318
14106
15370
14178
12666
9250
12310
13271
12287
9889
4504
8858
6230
5387
1791
5674
-116
2639
2600
-6647
1057
-4148
-873
1843
1232
-3774
-1957
-3534
-4934
-1663
-3687
-2046
-4069
-5052
-9163
-7693
-6380
-6838
-11515
-12052
-12532
-11448
-8016
-13934
-8617
-5845
-4939
-477
-2059
-3797
512
5052
2004
1960
2871
6808
9639
9243
10752
9533
14275
11300
10695
9639
11912
14368
11072
9251
4708
8814
6165
6200
5975
8426
6512
6711
9838
7934
5779
3774
3280
-2072
1219
1193
645
2546
1736
88
-2330
-4740
-7096
-9487
-10607
-11855
-14514
-13758
-16081
-16091
-16749
-11027
-11012
-19206
-11917
-9204
-6815
-3424
-1766
-823
1132
2128
5862
8400
9261
10929
8573
15120
10753
15189
12235
6393
9224
14874
23784
11842
10225
7261
8678
11726
7238
11047
13862
12787
9406
8014
6860
6286
3725
1499
-760
-1859
-2505
-1920
-2577
-4746
-2980
-3296
-6030
-9356
-11894
-14861
-15571
-16844
-20301
-22284
-22898
-22214
-15160
-11040
-9204
-13418
-6102
4362
-3670
881
2356
1853
8581
9918
8790
8396
13286
8526
15168
17049
17258
19457
22314
20992
15790
18536
16374
14840
13955
13052
10959
12448
14258
14178
11637
12827
9902
6680
6006
3670
3249
2605
2747
1926
-5711
-3587
-3483
-3406
-3780
-6688
-7835
-8755
-10076
-12103
-12439
-14827
-10175
-17960
-13587
-13771
-20006
-6882
-12871
-11027
-7562
-3316
-2029
-824
9706
12571
1739
3239
9579
8960
13834
13351
21645
20060
17048
16521
13099
11381
10484
8927
7132
6161
4708
6754
3070
6326
5931
3903
3679
-84
936
-502
11
-1091
-3339
-4344
-4487
-1723
-5424
-7276
-9338
-12846
-7038
-6913
-11096
-10249
-13335
-10862
-9937
-11222
-6167
-6395
-6260
-3955
-4160
-3973
-830
-4585
-2428
819
1730
6190
9251
10826
11527
14243
14835
15756
13586
14436
13051
10982
10823
8406
9822
9223
8737
9196
8245
7230
5826
3965
-683
-1150
414
-2697
-1108
-3361
-2481
-1848
-6740
-1984
-9830
-8799
-9082
-13021
-6573
-7755
-9142
-10706
-7856
-7621
-7444
-7453
-6982
-6674
-2654
-1994
-4621
-2818
-143
-692
-1840
-3245
-2108
-1148
-1939
5364
5987
6960
10238
10822
10321
11227
8944
11381
10801
8171
8564
6579
7372
4498
6144
4848
6255
3066
299
1053
-2365
2698
2711
-4482
-8247
-2826
-3428
-3064
-1779
-4832
-468
2169
1741
-813
1045
-1505
-4732
-1084
-1351
-812
-3311
-964
2766
-638
-1913
-3786
-3461
937
647
-451
-1763
-4913
-4600
-3552
-1369
3830
-1398
-1269
3215
3643
5239
4357
4964
3761
3258
5983
5017
7399
8474
1067
6229
1172
1558
4294
-2557
2406
4144
3926
1714
3169
2075
-2405
-1277
-1439
-2900
-2714
-1189
-1188
-4919
-6181
-8682
-8930
-7555
-5810
-6225
-5450
-3492
530
-1383
-1833
-1430
-2114
306
-1309
-3145
-4820
-4576
-3592
-4497
-3475
-10652
-11934
-7841
-3344
-7272
490
7003
98
3702
-487
4179
11396
9159
7271
7383
11509
10937
11926
10779
13124
12185
13311
4334
5647
9148
9114
3948
4069
2994
577
6863
7135
7724
3007
817
-51
-2820
-5245
-6802
-4076
-5655
-2983
-2523
-3551
-4070
-1431
789
-1414
-2332
-3162
-5835
-5064
-5395
-6833
-7241
-7929
-8616
-11041
-5323
-10636
-7460
-3011
-9507
776
2061
2463
6572
6419
6414
6133
6134
7975
11044
14730
18402
16139
13914
11844
11575
13445
9073
4947
3065
3952
4181
2764
2697
-1388
-1046
-816
-1641
-4239
-6114
-5809
-7388
-7965
-7464
-6203
-7754
-8788
-8193
-4693
-2133
-28
-3894
-7620
-8137
-10596
-2908
264
-2232
1153
1810
-344
-2220
-722
2932
1763
2629
4173
1507
4943
10089
7174
8414
8427
7951
8797
5415
8822
11906
14138
13740
13863
12690
10513
10738
9447
7111
5779
5029
3529
4162
4531
-233
-2990
-15
-1843
-1083
-2289
-2835
609
-208
1981
-4169
363
3704
-4522
-278
-3633
-1372
-1912
-4064
-4472
-4010
-874
-5134
-4997
-6039
-4941
-5671
-4991
-4803
-60
-3185
-3320
174
-1830
-134
-792
545
3368
7330
7965
5970
7812
6428
10290
12164
11142
9388
7054
6392
5331
3773
4309
3674
1981
5718
3531
1388
-613
-3645
-1057
1268
-1629
-304
772
2683
-62
-1097
13225
4962
10192
12993
-123
6530
7446
6009
4445
6782
-656
-1672
-659
925
2712
723
1469
-3537
-5286
-2267
-4185
-6669
-5424
-2080
-5955
-5045
524
844
3326
7131
5083
4482
3112
531
8043
5901
7149
7666
1491
3274
2593
2738
2130
3815
3599
2514
2431
4287
5664
1539
4765
7379
8407
3809
2768
7770
6531
7354
5659
4089
2827
2573
3166
2522
1813
-436
-2410
-2344
-2682
-3798
-3733
-6334
-6095
-7266
-8037
-7939
-8105
-7004
-7135
-8638
-10474
-6811
-9057
-7005
-1240
-3627
-2607
3053
-654
-370
1353
123
4157
3746
4227
5290
6656
6955
5873
5883
2270
-1351
3174
2521
2322
3443
2910
5986
4052
3177
6405
6006
6972
8280
7518
6693
7791
8950
8974
8484
6841
6123
3251
783
-2732
-3965
-5870
-3752
-8946
-5990
-7607
-11364
-10451
-15488
-18368
-14766
-12442
-13023
-16726
-9551
-10700
-12806
-5269
-3903
-664
1811
3077
3574
6182
5600
2986
4946
7057
5917
6349
6288
4928
5043
5207
6243
5224
8269
7621
3879
7004
7641
6791
6382
5775
5208
4969
7231
5737
5519
4626
3793
3754
5040
-89
-3485
-5155
-5803
1295
-6360
-8295
-11585
-11700
-7206
-11482
-8310
-7837
-7039
-5741
-4973
-9547
-10884
-9150
-10808
-6792
-9555
-8214
-606
1602
3812
5398
2195
4099
5771
3366
3756
4449
5916
5097
8520
7429
9823
14691
7866
7124
10673
10353
13228
12756
8105
7674
11530
10003
6611
6171
2792
7426
173
5682
7174
2832
8591
-2400
-2590
4125
7140
-2997
-8161
-8527
-6954
-4982
-496
-1917
-4581
-4282
-3451
-2911
-5807
-14096
-16166
-13302
-13581
-8715
-10251
-12512
-3334
-6279
-6381
-3388
-6140
-7428
-246
-1514
611
-116
3175
8876
2622
9042
11642
14858
13372
9810
1956
62
8626
6380
5629
5995
7780
6242
4242
7520
9432
7313
9228
12771
9796
8751
9839
5670
4305
6212
3939
3537
3452
3889
2196
243
-1052
-1766
-5108
-7180
-10515
-12549
-13492
-14454
-13995
-15138
-14846
-11883
-8397
-13594
-11314
-8860
-10332
-7048
-6866
-5055
-5107
-66
901
-650
1143
5380
2966
3465
16558
5478
9895
10092
11110
18801
14394
10645
9097
12243
11255
9119
4396
9380
8408
9912
11526
6080
1341
-766
691
2063
-2365
-6685
-7336
-3453
-1266
-2830
-3863
-5393
-5342
-5790
-7533
-8276
-9808
-11149
-12261
-14961
-15002
-15889
-14395
-13294
-9082
-11723
-15366
-7653
-2449
-499
1298
-3567
115
7119
7232
5279
9852
9587
6887
14226
9575
18470
14491
12351
19920
16502
15191
16048
16099
12401
14226
9056
10172
11421
11813
11194
8616
7806
4582
4748
5029
1320
-893
318
-1617
-2486
-5613
-5704
-4901
-6327
-7035
-5900
-9469
-10768
-12851
-13591
-11685
-19616
-15210
-19374
-18613
-15096
-12432
-10534
-12860
-8045
-3478
6573
5851
6130
5287
7559
8680
7386
15207
20887
19516
19801
17973
11109
9775
9338
8794
8149
5960
4283
6280
8341
9322
8908
10357
8213
3843
2508
86
-2371
-4413
-4485
-5327
-4904
-1383
-4710
-6557
-5634
-6019
-3632
-4178
-7389
-8439
-7661
-13128
-12064
-9798
-10838
-9701
-12656
-10916
-9495
-12359
-10777
-10868
-7640
-8676
-690
-1105
241
5668
6391
12419
17998
15745
18190
16354
16093
16726
15371
10145
10219
9406
9901
10356
8970
14148
14236
11974
9554
7572
4414
4340
2331
-2146
-1469
-3646
1507
-5552
-3076
-4574
-8299
-4706
-7526
-9078
-4250
-3128
-3530
-3567
-5970
-9560
-10141
-11800
-12567
-12101
-11158
-11149
-10807
-12155
-8841
-10737
-9168
-8766
-3054
-245
-6256
-684
4424
4842
5813
9935
9144
9129
8744
9047
9683
9935
10407
9427
7770
7300
6098
3409
5165
2099
4862
5289
2415
406
793
3919
3240
4258
4798
6208
4786
5966
5779
5451
4319
2026
1985
1832
863
-959
-302
-1939
-1835
-3756
-4357
-4795
-6985
-8317
-6960
-3662
-9019
-11501
430
695
-54
543
-1582
3511
-2234
-801
6667
5600
8243
9454
6876
2857
6530
3514
7975
6040
5974
9164
5579
5148
7905
6151
6477
8820
7958
7933
8102
8792
8326
8035
6872
4992
1085
1748
1737
1620
-1368
-5042
-5635
-7018
-7439
-8209
-9000
-9826
-7824
-9049
-6827
-7670
-8082
-4409
-7298
-8072
-8257
-4596
-3492
-5727
-8076
-7591
-6904
-7074
-3955
49
3569
-6902
-2960
-3559
-6322
5344
4898
8
26
4649
4825
9545
13196
14766
15516
16707
19914
11474
11445
13747
12179
11788
14333
6281
4801
6751
3658
7143
6824
5193
2905
-16
-1060
-1625
-1300
-2059
-10123
-10737
-6444
-7767
-7649
-4838
-6672
-7892
-6412
-3729
-5686
-7107
-3013
-497
-7311
-1991
-2863
-8862
-4062
-7411
-543
4466
-2260
-9694
-3024
2862
3670
4750
6914
11869
11918
13604
12371
12884
14625
15138
10924
9147
8001
8011
9009
8755
7965
8388
8045
6672
3333
555
-931
-2879
-5442
-8327
-9792
-10583
-11531
-14398
-5829
-12602
-7275
-7032
-7906
-10689
-10179
955
-4144
-2283
72
711
1483
-3170
776
5941
4557
2640
3641
3076
3538
754
1525
1226
2101
2251
-2905
3658
4972
6343
7185
8093
8806
7864
10180
8152
8382
9210
10365
9643
7896
6154
4165
4375
3149
-369
4222
2867
-1985
-4239
-4698
-4210
-4679
-7712
-3989
-7019
-7570
-4658
-7941
-437
-5466
-551
1923
534
2512
2242
442
-1852
677
35
2117
1409
1205
1782
1485
-156
-2689
-6925
-8301
-5197
-5243
-5794
-8515
-197
-3522
-5647
3803
-509
2707
2241
1338
1010
471
-930
-1406
652
1424
2906
1650
1794
5103
3230
348
-1271
-2365
1386
3317
-1583
-2014
-1913
-190
1707
-1333
11914
3095
5064
12489
6577
8930
8961
6368
-186
4093
2485
3098
3114
8910
10201
11625
10019
4756
3731
3558
938
-5176
-3344
-5506
-11336
-10359
-8464
-8570
-5400
-1854
-7872
-3943
-2533
-1070
-5694
335
-939
-2800
234
-5534
-1138
988
2319
-269
2368
583
572
2100
1953
3871
3167
5548
4901
3011
6122
5739
-95
-1498
3199
3442
409
2469
5323
5783
756
8098
8088
5410
5067
4166
4413
2032
-1538
-1940
-2524
-5561
-9974
-8330
-8944
-11921
-10940
-12665
-10109
-6053
-7528
-10314
-7671
-6588
-10756
-2736
-2842
1157
577
1966
4387
3281
2954
2330
6081
3183
4200
2501
3438
4679
3834
3596
4412
6282
6114
7849
11237
6706
3266
9969
10674
7546
9015
10859
9612
9274
11690
10798
8994
8895
4461
4731
2388
3767
2478
-499
4145
-4299
-2806
-4154
-6942
-3542
-5100
-8705
-10008
-6791
-9680
-8554
-8616
-6972
-6275
-4859
-4286
-7242
-1309
1718
-336
1932
3548
2364
2422
1814
2039
2509
2984
1371
771
6549
7435
7734
9322
10310
5831
7162
10888
9787
7544
3166
4751
2081
2030
7087
7148
2362
672
-2056
706
5732
-2164
637
850
-6767
-1573
-3083
-1289
1120
1094
4023
873
-1037
-2559
-4350
-4135
-3411
-4428
-5684
-2898
-3337
-4435
256
-2919
-7238
-2440
15
159
1163
3224
660
21
2331
2220
4566
5953
3696
1537
4969
7869
4924
3794
7072
11300
10400
10958
7156
8229
6752
5061
11308
5950
9785
4003
-1308
1565
10875
8975
-2606
-3133
-4068
893
-798
-490
199
-2130
-3826
-3089
-883
-3153
-6979
-9917
-10363
-9053
-10888
-10728
-9749
-13488
-12360
-12047
-13716
-11004
-14716
-15514
-10465
-11095
-11912
-10467
-2802
-3644
-2164
-2798
3952
10569
6416
3320
2362
13692
12894
10264
10397
8782
12854
10693
13036
16379
16383
15920
13346
9829
7492
6438
7334
9756
6952
6570
5668
6564
5455
5065
4435
705
-552
-718
-2903
-4178
-2632
-2871
-3016
-2836
-4566
-5603
-7695
-9850
-11060
-10388
-9939
-11940
-12102
-8155
-15274
-10074
-6297
-7016
-5396
-8174
-521
-3952
4558
4450
139
1658
8200
15157
8690
9198
6500
9104
10630
10561
12281
14566
17165
17653
14000
8797
7744
6863
9663
8196
766
160
3625
4868
3304
2116
142
-1803
-1935
-4892
-5033
-6464
-6982
-7121
-9337
-10475
-11361
-9514
-11344
-14694
-14910
-11941
-10742
-14583
-17159
-18511
-14934
-6457
-8537
-14160
-4651
-6783
-6843
5072
1648
5004
7992
5271
11051
16044
11011
7542
10183
12873
15625
14720
14967
17617
20495
19743
16974
16105
17340
12535
7036
8898
7846
7466
6346
5784
4453
3041
1914
-687
-1179
-2322
-217
-247
-9488
-7675
-10145
-13518
-8278
-15004
-8967
-12653
-18228
-18414
-17318
-11805
-12809
-15347
-18208
-16360
-12499
-6990
-14071
-9252
2968
2484
1059
5298
3933
4362
9333
9078
7343
5400
9231
10273
13012
14871
14865
14172
13861
12084
10886
10004
8426
7919
8489
6917
-1599
1517
3260
-422
2663
3568
-2043
-4020
-7495
-5524
-308
-4923
-6844
-7661
-8165
-9195
-7447
-4850
-5060
-6315
-4077
-4447
-12732
-13323
-10460
-12703
-11873
-8192
-10107
-8924
-1237
-1036
-1530
1609
5803
6444
6315
10618
7615
6475
10597
11189
12469
10884
12364
11949
12479
11783
10197
7917
5250
6129
5908
8003
2973
7525
3586
5374
3672
-2208
3445
2736
2938
785
2515
-88
1271
-526
503
1262
-1622
-758
-2880
-4568
-5448
-7610
-9444
-11328
-12470
-13060
-15209
-14432
-15919
-13959
-13503
-5961
-8203
-5815
-3679
-1967
430
-6141
2595
478
-4965
1947
2455
4408
4264
10968
7855
12674
10620
6816
5150
2958
10436
8567
5751
3180
7677
6285
7501
8553
6832
10000
9417
5699
5956
3812
-455
3588
879
759
-1386
-1821
20
3037
-4489
-4552
-6748
-8234
-8132
-10372
-10014
-10044
-9182
-9203
-10576
-6976
-9334
-13157
-8662
-7151
-7035
-7138
-7003
-5094
-5026
-6436
242
564
1162
8036
1695
5616
5304
5121
10854
7307
7363
8701
8652
4722
7027
8092
6643
12524
12371
14445
11648
11501
8194
5283
7200
3170
3613
764
-107
250
-6094
-4069
-6027
-6085
-6930
-7371
-8300
-8683
-8873
-8269
-9737
-9836
-10090
-9757
-5997
-5863
-8892
-8220
-1763
-471
-4941
-6655
-8750
-5890
-3766
-865
613
-1457
2645
3071
4372
9417
14805
12091
13203
15412
12926
14752
16796
14929
14027
14683
13718
15387
14878
14290
15124
14605
11643
11099
9293
7155
2884
-273
1245
-1463
695
-967
-3360
-4005
-4787
-4450
-5812
-7194
-6821
-6573
-6039
-7551
-7564
-6786
-8730
-5818
-13405
-5102
-10366
-13398
-3130
-9956
-8650
-10814
-7342
-8638
-7672
1332
-385
-5244
1528
9371
3488
7855
6511
5281
5777
9515
5821
7320
8435
6318
8223
8445
9811
7844
8231
6896
5983
4679
941
-870
-3666
-5559
-5027
-4172
-1209
-517
-25
-3326
-10031
-12245
-7898
-6986
-9699
-7883
-7370
-3704
-7289
-2797
-606
-3979
4457
2661
4046
5066
-571
-2567
-2803
-1585
-925
-1813
962
2889
297
8330
3344
802
10630
8818
8074
8968
7883
5807
4551
10533
11574
10549
11547
10009
10836
8696
5148
2495
1574
3697
5117
-337
4604
498
-1946
-1564
-8707
-1108
72
-1757
-3765
-3546
-3918
-3908
-3394
-2570
-1341
30
5236
-176
-2305
2353
914
-977
-339
-2256
-6134
-7537
-3122
-1975
-4058
-3571
-7073
-5839
-5652
-6683
-8230
-6303
-6234
-8109
-1642
-1849
2709
3539
113
-3265
3140
6853
835
1473
-187
4148
9007
8788
5979
3339
127
4436
1640
3617
2328
-2603
4475
-4360
-2210
3005
-6148
-3814
-1116
-4801
-2826
-3152
-1186
2185
467
421
4319
4620
2788
685
-343
-1719
-3816
-2207
-2583
-3136
-3235
-2794
-2188
-2971
-3928
-5486
-6817
-8035
-7940
-6307
-8929
-9284
-4635
406
-124
-842
-2729
-725
6044
7361
6774
5270
6656
7581
6520
6935
6675
6523
7492
7803
5747
3405
2293
1246
-1367
-4490
-2249
-3224
-1160
309
2089
5742
4187
1048
3556
4397
687
567
-635
-1654
-2625
-4002
-4522
-3885
-3138
-748
-5531
-6962
-8414
-10261
-4480
-2217
-4141
-8030
-9577
-7603
-9816
-2229
-2483
-8437
843
3835
4712
7179
8259
6279
10107
5567
6371
10455
8071
8011
6698
9187
12382
11475
10106
7347
6108
7083
6531
5175
5733
2620
5067
7021
10183
6578
4595
6862
4016
5194
835
1349
-2242
2796
441
2668
1965
-2564
4153
-582
-2436
-3930
-7144
-3861
2093
-2085
-7821
-7134
-7052
-5504
-9705
-8841
-7923
-5342
-5440
-9867
-5625
-5451
2829
3494
2436
4496
4716
6694
6589
7689
9667
9733
9255
6890
4721
3826
3760
3852
2503
3193
3478
5611
2319
-4810
814
7752
4080
4382
742
3685
5752
5557
6112
3693
3300
1450
3387
4180
6214
5726
7511
8816
5786
3685
3749
3334
-4470
-1880
-2864
-3393
-2248
-2044
-1656
-3602
-5039
-6761
-1532
-12056
-8142
-1750
-7326
20
-1316
-1757
-44
878
1003
2010
2929
1522
3478
4016
6390
4903
4064
4090
4513
5509
4218
756
3678
2459
-993
10588
4747
3145
5440
5019
12818
12609
6824
1644
4362
6047
5036
4550
9242
8698
4180
4308
4325
3641
1747
-1971
-6981
-7084
-7563
-9751
-11214
-11025
-5712
-6005
-6819
-7427
-9457
-13957
-9753
-7814
-10545
-6614
-6088
-4822
-6974
-5696
-1111
-399
-598
272
3991
-1072
-4793
-1624
-3905
6072
3526
5077
9310
7302
10401
5237
8654
16639
12529
6139
16514
10794
8733
11475
7053
5877
6281
7856
6554
10226
7949
4829
2366
4318
3697
-2146
-2716
-1950
-3318
-3437
-5691
-6613
-7655
-8356
-6992
-10399
-13006
-12878
-13026
-16351
-14685
-12208
-14647
-3762
-4125
-3539
1329
-11803
-8702
-6185
429
6673
2386
1990
4196
5518
7218
8344
6896
10659
10861
13268
10767
7060
9952
8304
7868
11460
11530
8994
6146
9019
8498
7814
5748
5185
4848
4893
2960
820
-6246
-6030
-6311
-9213
-10499
-12708
-11684
-12346
-12977
-13238
-14521
-14321
-11633
-14269
-17310
-18815
-12812
-11049
-10858
-6501
-8005
-778
-6392
-531
1953
-1969
7558
2961
9818
13953
7492
10918
15582
13695
16205
17076
11200
16848
21639
23074
17900
13201
13608
12448
11744
6218
3010
4878
4869
3692
2476
2412
3995
3389
2729
357
-666
-5342
-3382
-9160
-8312
-4858
-11271
-7081
-14432
-15220
-13675
-12569
-13848
-15739
-15433
-15946
-16186
-13261
-8559
-15267
-11690
-4576
-5236
-6387
-2878
-2314
-4954
-2279
378
1168
3095
10404
10908
10968
13429
13742
12921
12101
13963
12229
12333
10823
12021
6021
3491
4842
3785
8779
3782
4772
2019
-717
4318
3552
2014
626
1582
-120
-378
909
2829
557
883
3335
2525
2945
-5543
-2496
-2144
-5055
-5853
-8234
-6372
-7417
-8306
-8654
-2856
-6303
-6583
-2871
-2075
-3013
-829
2491
-2467
394
12954
12817
12750
14966
14623
13420
13141
14293
11698
13138
12820
11086
12378
7286
9229
10048
3800
7375
8583
6963
8150
1719
1665
183
-361
-878
-220
456
-121
-49
-1266
-1444
-2811
-2763
-2399
-3676
-2852
-5183
-4856
-6378
-8438
-9354
-11752
-12098
-12405
-13898
-14247
-15377
-12680
-13500
-15473
-10705
-6502
-5301
-6540
-1233
-641
5618
7198
5397
9447
8071
10256
11739
11845
8737
9546
10350
10549
10934
10324
12073
12580
12851
6850
10267
9895
2545
6969
5572
3082
4037
4112
7755
7112
6980
5659
3065
2931
3761
705
2133
1011
-2615
-2978
-7970
-7716
-9093
-10145
-11539
-11397
-11517
-11635
-12816
-14574
-13201
-12477
-14584
-10640
-10005
-10171
-1667
-1544
388
3165
3053
3760
11413
14498
13472
15958
14306
16441
15743
17952
17146
14859
13817
8530
6654
7951
13533
6379
5052
5465
-2021
1138
1524
463
-73
870
18
-1185
-1162
-2962
-6263
-6968
-7355
-7396
-8700
-9473
-9582
-9818
-9391
-11481
-12117
-12445
-10280
-13160
-14255
-15664
-13649
-9166
-7142
-4886
-8069
-4664
440
345
2770
9916
8318
16719
14695
11659
16288
17557
21193
19391
19385
19974
19571
20053
19315
18640
16322
15064
13374
12749
10836
-583
4195
4904
5926
6596
3936
4200
1237
2748
322
-2389
-4251
-5568
-6500
-8236
-7919
-12380
-8137
-11593
-13003
-9126
-18620
-15498
-12415
-9174
-9274
-10120
-8736
-9377
-4683
-5485
-5490
1278
259
2549
9435
6693
6992
7712
12294
14164
10283
9013
9837
11103
13871
13537
12624
14627
13913
13174
11050
11350
9792
9130
7495
6357
6235
981
2201
-584
-785
178
-638
2201
469
-4512
-7893
-12385
-12187
-8650
-15194
-6096
-8227
-16807
-11370
-17227
-8295
-6063
-11006
-8760
-8974
-5881
-8935
-6588
-2318
-436
-2932
-549
1119
3357
8877
4016
10010
9881
8505
11883
9968
9343
10818
14454
13494
11412
11751
13979
13344
14371
12786
11515
8225
10285
6941
5823
8725
108
3487
-4003
-2283
1924
-633
-50
-2527
-2
-3483
-4410
-4894
-5460
-7438
-7778
-7391
-10476
-9086
-9737
-4753
-5510
-10117
-8639
-13339
-9395
-6279
-823
-1522
-1070
-2608
-2762
-2085
-1334
-2164
273
2223
-6823
1311
3940
3095
7410
6605
7622
10813
11869
7749
2091
183
4988
8197
8082
8690
8923
9798
5768
10466
11612
8950
9599
6219
3515
3946
3834
-1865
589
2385
2908
-752
-951
1160
-401
1378
1121
1050
1141
-770
279
-1166
-2581
-2325
-286
-15
-888
300
678
-1638
-944
-5913
-5880
-4917
-4036
-6184
-3111
-4333
-7914
-4612
-1514
1596
-420
9357
6452
4754
7631
4002
12108
16150
8520
5209
7674
9456
10775
8928
13419
12588
13171
14245
11856
9561
-401
-1427
922
-1006
540
-2581
-1414
-923
-935
1175
-472
-1301
-3719
-2432
-3960
-6153
-6166
-2134
-2232
-1704
125
-2649
-5711
-8802
-5981
-3048
-2681
-3504
-965
-5415
-5289
-5292
-1081
305
-4060
4049
4187
5678
7728
7720
10151
14753
12943
6856
11036
14635
13361
14889
14782
13446
15815
14944
12966
11492
10111
7731
6350
7450
1616
170
1980
-955
145
-1592
-1396
-3511
-4538
-3710
-4935
-1256
-6834
-3710
-3861
-2028
3144
-2719
-4224
-5717
-7693
-6749
-2414
-6091
-6957
-7646
-7465
-7014
-7561
-4491
-2714
-4999
403
-654
-5811
841
-341
2399
4442
2263
5417
9147
8527
9986
10559
8036
6995
11547
11187
9836
8003
7488
6521
5537
4290
3563
2766
2673
-779
-3230
-901
-2949
-12251
-9570
-10022
-6169
1690
-6477
-8613
-7191
-2875
-1413
-6953
797
4826
5292
2094
7485
4916
4215
4313
-265
3442
2941
-175
2749
3175
2610
3247
104
1410
-2335
-6459
-1867
-962
2229
1915
3178
5875
8541
9883
9285
8316
5549
5647
8778
8554
8770
7072
6396
6656
5419
4192
2195
2599
-2550
-2377
-6014
-6475
-2751
-6619
-1283
-4224
1504
355
2878
2885
-3324
1382
930
3985
1725
5864
5433
3868
3978
904
436
-2835
-6406
-7819
-5914
-6776
-5820
-4475
-4390
-6006
-6006
-1625
-7322
-4445
-5050
-6438
-1845
-6533
448
5023
5077
7116
5067
4872
5287
10886
6860
-642
2134
-5538
569
5899
-951
-3096
-674
-1482
-4038
4734
4392
10204
7288
2910
8316
8165
10809
10797
11135
9036
8853
8156
11162
10614
4798
5526
3720
1012
-2085
-3512
-3922
-4936
-4989
-6242
-6402
-6254
-8099
-6558
-7535
-9860
-6037
-10015
-12043
-8714
-10343
-8130
-7330
-10208
-2058
-2717
-4197
1045
-1255
925
1900
4147
-490
713
3838
2165
2478
769
2858
2929
6547
4850
5512
5024
379
6395
9418
9495
7370
5877
6524
5632
6610
5212
3401
3771
4658
4488
2024
-390
-178
-1305
-2502
-3522
-6199
-7683
-8029
-7558
-8917
-10215
-9842
-9026
-8830
-6172
-5032
-7751
-12772
-10076
-1130
-32
-2120
-219
194
3049
4945
-2574
6210
8999
4002
10842
7783
3249
4966
3989
2137
6431
9144
7311
9261
6207
6570
9121
9619
10256
5051
4599
7531
11526
10425
9429
7777
9001
9130
6452
5020
2803
-1159
-1206
-5216
-9266
-3420
-11016
-9857
-11827
-14458
-7795
-9284
-11403
-12498
-11223
-9837
-10088
-6326
-6235
-9758
-3840
-1664
-999
3632
615
-1989
69
-2546
-933
2611
2402
1183
304
2116
3761
3704
6687
5397
2804
6096
7883
4460
526
6498
7756
4950
6500
5957
6984
8356
9173
4923
4207
2190
-1827
1922
-1080
-729
2915
2479
-204
137
-2092
3023
2910
1673
305
-2574
-594
-1546
-3208
-4414
-10864
-11235
-11959
-6807
-8974
-8006
-1001
-4404
-3357
-2884
-3355
-3773
-161
-373
-79
6017
7351
8000
10596
12675
7557
8994
10949
8850
7176
7917
7331
4165
-741
8518
11468
8880
14075
5951
2052
3442
6812
9603
5683
-1027
-2657
