-11368
-12283
-14128
-12799
-11130
-8441
-7819
-7472
-2974
-2204
28
-44
5635
7922
3618
7839
12678
10355
10265
14233
19790
20118
18239
22002
15687
11404
14323
11642
14279
13344
15822
11569
10870
10980
9084
10197
9246
6286
742
3897
5563
5678
2996
4970
4444
-3644
-1639
-3300
-4015
-4071
-5865
-8374
-6005
-4691
-5912
-6079
-7931
-6119
-6605
-3968
-3638
-1266
-2165
-486
1354
605
-6663
-3465
2657
2545
6533
4905
5160
5782
4471
6285
4079
4947
8904
5229
4486
6263
5260
6679
6708
5040
4841
4733
4333
2205
-1074
5019
4122
-2411
1188
-45
-4708
-8748
-10423
-10712
-11048
-11125
-9421
-5275
-6094
-4273
1526
2133
2430
5159
6232
8318
9303
8385
9407
13247
13636
10272
14040
19640
14432
15445
12491
10245
14377
12193
17403
12201
9856
10579
7912
8377
5429
6244
4044
4396
9120
9610
9414
9150
6292
-6000
1055
3222
-711
-713
-3563
-5331
-4361
-1868
-3173
-3667
-4417
-5264
-5320
-3341
-4174
-1477
-324
-1844
-2823
-4764
-3672
-3707
-2818
-2881
-323
3319
-907
-3971
4071
5726
3486
4612
4326
5901
-1838
971
1865
1653
2138
3026
4072
4957
6199
4773
5534
7421
8086
4656
4273
2917
-2799
-4659
-4099
-6792
-11714
-12220
-8301
-6611
-2626
-1982
-3741
1040
4803
4928
6644
9756
9762
10390
9839
7903
7165
8361
9351
9535
6532
7824
10914
6071
2098
9033
15252
11536
11509
10160
11932
12239
11210
13483
10497
10332
8599
7948
6721
7031
5553
375
1382
599
-535
-1646
-3781
-6567
-3230
-2289
-2605
-5633
-5153
-4401
-1470
-2628
-903
1141
511
702
341
243
-555
-346
-1648
-1345
-3154
-1475
-3973
-4126
-4942
-6657
-4795
-4190
593
-3689
-5115
1532
5722
5578
5021
6300
7318
7284
7709
8216
6826
6764
5609
3895
8977
9409
6778
6457
-4570
-7373
-8921
-10014
-10465
-11489
-11379
-9505
-6730
-631
658
4467
10175
9708
10803
12294
10931
11593
12506
12387
11695
10871
8930
7339
5590
4270
5843
-817
1365
1031
2803
7653
7045
3648
6516
13535
10151
11448
11796
12885
13449
14262
6883
6905
11456
8774
8837
6253
6047
3777
3426
3791
1377
2188
952
1735
-4361
-9287
-5529
-4184
-1691
-4411
-1441
-756
-2115
-2048
-4011
-3858
-5874
-5887
-915
-19
-3204
-4496
-1996
-5296
-6973
-7623
-5955
-6970
-4670
-3903
-2657
1731
-1757
-5539
5333
9030
3231
9389
3889
2757
7596
6524
7784
8421
6521
4527
4213
1420
-1385
-4101
-3774
-3624
-786
-482
767
-1119
1186
5219
-2203
5426
4247
7011
8679
7160
7510
9054
7172
5986
2763
3776
5816
1928
537
-7323
-2140
-3403
-2119
-1653
-2780
-1321
-861
2224
4286
1074
830
12297
2657
2957
8644
5731
6730
6513
5166
3964
3899
1949
1969
-146
-1323
-1071
-2005
530
-1280
-1636
-1042
-2804
-804
-5280
-1574
764
-613
455
-439
604
-1131
-1262
-3592
-3763
-1842
-3222
-5165
-7375
-10802
-9797
-8526
-10081
-8796
-9873
-8693
-8174
-8634
-9496
-4656
-1652
-13139
-9936
620
2422
-185
-1605
-833
2184
3944
1503
-924
-5155
-7379
-9951
-8496
-9032
-7246
-3663
-2628
-822
1464
1113
2499
8198
6804
6411
9620
11435
11347
12015
10056
14232
12181
10489
9775
7983
6636
-1349
4700
2547
1524
2889
1665
2740
3003
2694
4056
2707
-2370
3366
6733
1887
498
10551
5773
3599
9352
6947
4408
5059
5799
2389
2746
1478
1126
916
1754
3131
2991
2952
265
-290
3474
4100
5577
-122
-838
1852
-1370
3808
2813
1909
3281
1161
-184
-2305
-3557
-3714
-4252
-4528
-5316
-4250
-5630
-6548
-4346
-8347
-12645
-10133
-9984
-10428
-6488
-4312
-5123
-11415
-4623
1377
-2115
-64
-2582
-4893
-8273
-8939
-9503
-9399
-4513
-3147
28
-1230
3780
6374
5425
9022
9616
9762
10570
13313
7712
11001
13718
10953
11551
9275
10093
11111
2612
4011
5446
3228
3774
428
1293
420
111
-4180
-2578
-3703
-5668
-5136
-6645
-7566
-9580
-5040
-2649
-10197
-9277
-29
-919
-7067
-4937
-5652
-8051
-2436
-3007
-2576
-3539
-4150
-1815
-1045
574
-168
-1293
-1138
652
-935
-2553
1184
1981
-1539
-698
-8
-538
680
-1527
-2939
-2970
-998
-3010
-3558
-3859
-2869
-3458
-8591
-6840
-7105
-7155
-9441
-8977
-10756
-10665
-10287
-9934
-10322
-11227
-8409
-7047
-7462
-8361
-4308
-9612
-10388
-9528
-6590
-3585
-1545
4199
3548
7815
11542
12631
14374
12869
11147
13815
18986
18230
16283
18861
18691
18380
15808
16819
12742
10461
14226
11582
12990
11150
11693
6605
4782
8739
6022
4329
3616
2990
46
-363
-2411
-5040
-5365
-5345
-6689
-7043
-6144
-3749
-4800
-12622
-7066
-2444
-5085
-2813
-3294
-2068
-1525
746
2340
1595
3052
3963
1681
1427
3113
2307
3332
4776
3919
5451
5994
5095
5322
-882
-1888
-191
-254
-1263
-2800
-4361
-3819
-2274
-4003
1992
1282
-63
-9730
-8863
-10969
-11940
-12901
-14273
-14563
-15056
-16697
-19545
-14136
-13993
-16422
-17624
-19397
-22372
-12964
-5618
-6739
-3394
-4577
5297
6377
11511
9528
8424
15148
11943
15929
12105
14412
16004
18125
18412
19836
16262
12239
16360
13037
12321
4856
4853
9136
8373
6950
7602
5834
3693
3587
1001
-575
-3363
-3722
-6604
-7662
-9939
-8114
-9341
-11848
-11273
-13581
-14036
-15873
-12611
-9575
-12711
-13949
-4812
-868
-3571
-314
1215
-762
4469
8337
6345
6379
6904
6753
7066
9565
10502
11259
10331
10580
10316
8558
9975
7194
3267
952
3334
5255
3575
3914
2946
3155
1508
-1333
-1953
-2077
-4164
-5448
-6156
-9136
-12011
-12004
-13665
-14985
-11676
-15849
-19614
-18754
-18972
-16752
-10606
-8163
-11076
-2038
5886
3747
7341
12503
12642
13861
15066
14972
15761
13952
13771
14282
15568
17443
13315
12421
22809
15246
17622
19186
15606
17246
10709
9863
9826
10741
7614
5528
5901
3957
2722
1150
31
-2845
-4884
-6425
-5716
-9613
-10349
-11828
-18880
-17140
-19381
-20431
-19487
-17720
-16588
-11306
-13149
-11658
-5101
326
773
1074
3886
5787
9099
11628
9248
7928
11945
11703
11778
11853
14459
7775
7156
12942
8705
8940
9131
9576
7379
3773
4382
2280
1617
374
-1305
-1005
-3836
-3896
-4445
-8226
-9688
-12745
-12585
-15206
-19380
-18749
-20284
-22065
-20377
-16440
-16636
-15442
-13458
-8215
-2966
-1773
840
7312
9545
7918
11104
14621
16017
16367
18208
17371
16805
18678
14628
12532
16464
16846
16371
15528
14747
12328
13197
11070
9618
10323
2832
1435
1404
1963
12
-2494
-2350
-4693
-5461
-7626
-7234
-10162
-12291
-12176
-13604
-14180
-16371
-16078
-16306
-17226
-15041
-9420
-11626
-9643
-6787
-5508
-3322
-4498
5596
6525
5696
11391
12481
13747
11988
13869
15178
9712
12023
14094
11075
12827
12863
10975
10115
10322
9371
9042
8092
4634
5069
-1645
-4673
-523
-3739
-4117
-7616
-6896
-7545
-12253
-12760
-15842
-16983
-21498
-20498
-21904
-21861
-20009
-17232
-15001
-13244
-9316
-8705
-1107
-1299
2138
5056
4306
7589
12052
14240
16626
20478
18892
12115
8651
14143
15613
15848
15446
14410
14951
14482
13162
12571
11209
9707
7500
4953
4831
2617
1284
-646
-5519
-7628
-7870
-8443
-9352
-12161
-13573
-13641
-16906
-15228
-17673
-17963
-17273
-17498
-17834
-18294
-13805
-15726
-14127
-13509
-12265
-8010
-4769
-4331
-13
1067
432
6265
11394
6411
4768
11076
7579
9270
10416
11124
10743
11197
10946
8937
8455
7878
9203
8202
6695
4696
4522
2827
2809
-3
-3066
-9548
-9190
-8384
-11489
-10669
-14779
-15057
-18354
-18122
-17842
-14956
-13465
-10478
-6448
-7590
-5296
-2413
-1819
262
4559
3658
4962
7612
11365
11922
18430
12555
10125
17483
14485
18786
17429
17574
18834
18484
17844
16925
17745
14399
12985
11637
8355
7671
6466
4753
2652
262
-1062
-2936
-4146
-6403
-12862
-13928
-11644
-13448
-15728
-15742
-16646
-16469
-16119
-14442
-11978
-15172
-13522
-13134
-10983
-7704
-8056
-5728
-5974
-5730
-3367
-3971
1001
-177
-4241
5325
6784
3610
6843
7613
10035
9188
7176
8613
9203
10490
9163
6775
5937
7977
7339
6003
5543
4249
2590
1258
-828
-4079
-6769
-6883
-10783
-14254
-13829
-15266
-14537
-18508
-16296
-11811
-11603
-5620
-5891
-3976
-1075
1575
5210
4401
6986
8307
10312
10620
13353
8673
8033
14452
14398
14520
12830
13550
9754
14442
17230
15240
15863
13681
16218
15929
15076
11899
10101
9431
7140
6433
2098
30
-466
-3535
-4895
-7407
-1090
-2130
-4044
-5340
-11232
-11399
-10302
-10765
-9947
-8734
-7753
-8302
-6295
-3972
-1838
-1901
135
-529
463
964
1774
-110
-2853
2154
-3294
-4028
-1558
-480
-847
8008
-921
-1737
7459
6383
7640
4527
6862
11025
9808
5699
6629
7212
8143
7094
6180
3686
680
1324
-2445
-5346
-6969
-9879
-11497
-9300
-14227
-18335
-12329
-11707
-10159
-4559
-4668
-1046
3122
5347
6650
9605
11923
10474
14632
10447
7943
12471
10753
10881
10787
11701
10378
6635
9431
6508
8696
7622
8982
14425
9628
12460
11528
10212
8964
8633
7683
4562
3129
-343
-987
-1934
-4687
-6020
-6406
-8179
-10155
-9710
-9643
-11654
-11661
-15720
-19143
-16006
-13639
-12808
-10760
-8731
-4504
-3028
-2316
-7
-1132
-3009
-7721
-1879
109
-1408
-55
-2854
-2037
-2881
-1615
-1006
432
-4317
-971
-639
-5224
5894
3573
-1475
2260
4440
3239
35
464
3157
1546
-117
-1810
-5613
-5708
-8671
-12439
-14014
-14962
-16194
-15721
-15764
-15459
-14591
-16020
-8325
-6210
-4130
-633
1069
5673
7050
12468
9099
7526
10118
10228
10793
11429
11583
10586
10248
8523
5891
3893
4492
7066
4419
106
8986
6393
1250
5946
9851
9032
8124
9414
6145
6960
5050
2733
1516
1305
-613
-3545
-5329
-4327
-2697
-4130
-3389
-4839
-5134
-5907
-4762
-2504
-8737
-5855
-1649
1940
4035
4810
8204
1622
4341
5867
3583
5991
4704
5187
4494
4505
3760
1054
-1243
1090
649
-480
597
-8047
1369
6220
-6546
-4440
3963
4210
1137
1650
2270
3262
3625
2430
-1208
-3539
-4452
-8189
-10277
-12264
-13585
-15058
-14383
-11976
-12803
-7807
-3787
449
-2763
-3936
3650
8729
9564
6663
11528
13266
13126
13803
13025
11814
10564
11753
10368
10866
5675
3947
6565
1188
2065
-5
-2487
-572
-4460
-2156
2902
-3600
-4265
2504
2769
6894
7345
4470
2880
-89
-325
2261
-3360
-1532
-2519
-3810
-3609
-2242
-2071
-2033
-575
-779
-300
162
2370
1627
1801
1239
4633
109
176
2173
2206
1949
2018
2279
730
1028
-507
-2097
56
-927
-1429
-446
-5344
-6669
-8162
-10003
-2745
-4718
-6626
-4330
-4653
-977
1376
552
1187
1737
1281
-560
-2944
-1713
-4294
-7430
-9353
-11431
-9484
-7432
-5622
-1342
3487
4089
7757
12389
11780
10869
12247
15429
17996
17971
20254
19702
20573
19926
18109
18357
14572
18988
8459
8817
13682
7081
10739
6611
2713
106
-1552
-2239
-3212
-2810
-2363
-2033
2910
-1342
-9896
-991
-544
-7478
-3931
-5513
-9018
-9596
-8401
-8195
-9292
-6713
-7575
-5566
-5948
-6060
-5047
3960
6387
778
5475
7650
8747
8915
6120
8763
517
2880
2245
2139
749
574
862
-1844
626
-1318
-3204
-2248
-3720
-8144
-7302
-12398
-11514
-8407
-12335
-14069
-12045
-5888
-7746
-3582
-10934
-10158
2992
-943
-3254
-6082
-8430
-8063
-11182
-10553
-10521
-8052
-4041
1315
4112
4964
12425
8253
12414
16474
12496
16052
18732
20721
17737
17640
19381
16201
15910
15458
16204
15689
6680
9644
9027
5609
6820
4292
3946
-305
-1682
-4122
-4177
-6260
-7297
-8978
-8762
-8090
-12278
-7324
-3651
-11195
-15240
-2113
-4821
-7571
-5011
-6308
-5279
-6027
-2811
-2562
140
1048
1674
-1845
874
4585
4479
5955
5981
6861
9272
9002
8355
7796
2069
4914
4964
3694
2208
656
2128
829
-867
-2184
-1592
-6202
-7910
-9469
-14213
-10893
-9843
-17266
-18417
-15333
-12993
-14905
-17175
-13832
-8353
-7374
-18357
-11574
-7768
-12726
-13768
-14514
-13736
-14026
-6895
-4004
-1710
348
5922
9303
9098
9660
12933
13241
14752
19120
18082
18094
19970
19551
15299
11221
13186
12905
7503
10907
8980
9217
9344
5378
6843
5768
5157
2682
-2693
-3947
-5555
-7093
-3210
-4833
-6677
-6972
-9559
-8849
-8988
-6357
-2581
-11386
-8813
1251
-3176
-2293
660
3400
212
-1315
4544
6042
6096
7869
10043
9344
11321
10218
10544
12074
11432
11799
11988
9347
10159
5556
-1381
2141
2639
3660
-671
729
89
-6090
-4411
-6527
-5701
-8481
-15340
-16908
-13585
-10826
-14538
-17174
-15280
-12280
-13316
-13761
-16969
-11880
-4705
-11226
-16190
-7010
-6968
-8591
-2571
140
4794
6171
9932
13021
13629
18657
17705
20018
20484
22898
24018
24052
23849
22227
21127
19268
20362
17630
3158
3169
8404
8090
5927
2985
2562
5116
2866
-17
-98
-5276
-5985
-3054
-3467
-4015
-5813
-7731
-7961
-8814
-8731
-10352
-10237
-11118
-9967
-2715
-4794
-7549
-2914
211
1146
2206
2184
5259
5858
8276
12253
11685
12221
10989
11282
12763
13135
12582
12259
11807
10479
10483
8463
8107
8074
4702
1546
4494
3412
-465
-1254
-3440
937
-2236
-3280
-7117
-9864
-5809
-7235
-10785
-10772
-6456
-8536
-8102
-8586
-10587
-12234
-13432
-17117
-15687
-16173
-15694
-7982
-3169
-860
1303
3292
9123
14919
12402
14818
16219
17935
17883
19248
19117
17899
19747
16850
15809
17681
10075
9833
15897
10168
4113
837
4730
3791
1191
-233
-2054
-1530
-436
-1892
-4594
-7708
-4240
-3341
-2888
-6059
-8370
-6399
-8087
-8035
-8903
-8390
-7783
-12439
-12243
-4563
-3006
-8529
-2720
2717
3801
6256
7127
9667
10493
8412
10963
11525
11666
12013
10848
11563
11833
4570
4046
2721
2302
2594
2068
3611
-354
-2447
-7778
-6976
-1409
-6266
-7160
-8054
-5446
-4114
-9498
-11615
-7933
-7625
-6522
-5794
-9382
-9279
-10874
-11400
-18600
-22476
-17600
-17026
-16807
-15058
-8179
-4543
-3356
-38
9608
11472
10332
15006
15844
19088
18915
18841
20807
18937
19571
20540
19110
19521
13897
16895
18805
14683
14721
12495
12953
10952
5873
3776
5866
7779
5022
5057
7429
2528
670
-1490
-4942
-4509
-5132
-4670
-5550
-4316
-8459
-12825
-8872
-9927
-12387
-11727
-9852
-11274
-12101
-8127
-1292
-6267
-2988
8187
5305
5310
5194
8123
6402
4881
5511
5869
7360
6576
5954
2821
3272
3050
2829
3077
-142
-359
-2621
-1815
2986
-7741
-10259
-6588
-5222
-3145
-7517
-7052
-5452
-6967
-5867
-4910
-4907
-9582
-14683
-12250
-14679
-16611
-17652
-18053
-15980
-14235
-13435
-7523
-8328
-2330
4737
1266
6375
10516
17235
16604
18625
20500
20679
21607
21052
20000
17563
21668
18219
17142
16052
14124
16128
13080
10806
9981
10462
7899
10061
8378
1352
4948
5563
3992
3379
343
80
-3832
-4599
-1292
-10984
-9725
-6372
-9972
-9487
-11095
-12473
-14197
-14079
-14712
-14426
-14746
-13015
-12815
-9676
4011
-565
-497
9852
8442
7241
8849
9325
10309
9677
9732
9548
9280
9075
7348
6846
9874
2823
4674
6409
5158
7814
2055
372
3474
3069
-2302
-715
1331
3040
2350
-121
2483
-4458
-10539
-7966
-13883
-14569
-16040
-17312
-17787
-17177
-16274
-14843
-13817
-8175
-7254
-2864
-952
2932
9682
1336
11271
20994
18156
17953
19767
19052
17988
18974
20368
21434
12913
13899
15411
14719
15497
13674
12852
10181
13384
11974
10841
11601
11779
11378
5106
3874
7546
4026
4200
-297
-6487
-923
-593
-1679
-3671
-5263
-5712
-5239
-7777
-9530
-9791
-10686
-10317
-10318
-6138
-6963
-8485
-7082
-2610
-853
-5677
-867
6544
3423
3118
5493
5844
5187
4123
989
152
1838
-1324
2167
-998
-699
3162
-408
-1733
-3350
5764
7506
5456
4801
5204
1810
3483
4716
-2412
-4943
503
-6817
-11390
-12974
-13621
-17378
-16375
-16080
-17861
-15282
-14883
-11630
-9770
-7611
-7133
-423
1850
-1593
8879
10400
5686
13529
18375
17630
16090
16855
19456
16916
19330
9735
10720
17671
13919
16813
13194
12927
12345
12778
13988
13919
14205
13063
12134
11343
10394
4574
-3243
440
4118
-1488
-1081
-827
-2726
-5365
-5633
-6322
-8752
-9235
-9844
-10319
-11633
-11394
-11313
-11816
-8790
-9981
-10785
-7551
-8421
-5456
-5885
-6583
-3581
2906
2452
-1140
2964
1353
-1490
-327
1225
-1200
6194
4950
8401
9318
6497
5852
6473
9620
9218
6883
6815
8233
3300
4475
2425
356
1415
278
-1980
-3677
-4949
-8171
-11378
-12036
-17324
-17378
-14766
-14072
-12601
-11084
-10907
-5694
-2089
-4141
-1286
2553
3016
4702
7964
4956
8265
14039
13684
11289
16432
14752
5515
10399
10406
12979
13778
12506
12317
12784
14539
13275
14807
14136
13062
13855
4874
5022
8044
7637
2999
-1330
2336
-1896
-154
-1980
-4375
-5238
-6373
-6232
-6707
-8028
-8334
-8497
-8860
-7717
-7059
-6587
-7307
-5021
-6405
-8304
-6120
-6659
-1620
1058
-4529
-1008
4743
9566
5835
3869
6030
2462
5497
5408
6725
9007
6087
4190
6854
8821
6145
5519
-579
2581
6352
3261
4240
1473
-231
-6765
-10572
-10900
-10035
-10671
-15371
-15559
-16935
-16850
-14904
-15366
-12529
-12882
-10838
-120
1133
-4740
-5159
-1388
-1036
-2366
271
689
716
8540
3756
5647
13176
12662
5565
2941
10881
7464
12962
13362
10642
11341
11230
12862
12173
15698
8781
4804
8536
7435
7631
5566
4816
3029
2783
-1903
-6083
-4879
-5852
-5563
-9446
-8660
-7144
-7995
-8958
-9815
-10239
-9725
-9613
-8706
-7419
-9845
-8254
-12395
-10117
-6151
-9561
-8092
-8243
-1917
2375
-3944
-1047
6378
6321
3783
4615
8417
6894
10708
11120
7668
9397
12332
6079
675
7664
9216
8640
8383
8246
5732
6409
4344
614
-2614
-5845
-5064
-8096
-8693
-10589
-12666
-12225
-10328
-10305
-8850
-6717
-6321
-2571
178
808
-989
1471
-287
1076
4430
3265
2786
1823
8796
12838
4787
6479
11142
6342
11163
9474
12270
11197
10234
13628
12602
11653
3028
8806
10519
8116
7434
6406
5489
5073
4707
956
154
-13
-3828
-8278
-9639
-10902
-11622
-12257
-12641
-13019
-12779
-12089
-13394
-12322
-11980
-12706
-9159
-12296
-12087
-15204
-14560
-13011
-11929
-6221
-7400
-6195
-8084
-3242
2560
-2725
-4993
5785
6659
5190
10477
8257
10016
8185
5556
12664
10342
7835
11635
9473
10163
10126
8805
8365
6007
4168
3318
264
-2639
-4985
-5578
-7186
-11118
-9969
-11995
-9933
-8569
-8436
-5400
-6396
-14
494
-564
-263
347
1138
3590
3116
426
6083
7520
4383
4596
10729
7943
4096
1551
9201
13981
10335
13466
11295
6284
6231
12577
12274
11121
10140
7832
7055
6034
5686
4985
2441
1211
1321
-926
-1664
-4446
-7549
-11500
-13403
-11976
-12436
-12667
-13042
-12663
-12646
-13428
-12588
-11807
-11178
-12051
-12116
-9835
-12025
-11430
-11995
-10567
-7510
-3576
-1239
-4826
-3935
2100
1344
-6150
2136
10381
8330
2559
6067
12820
7791
8177
11128
10849
10957
10074
9745
7043
7028
7773
4530
2302
855
189
-2523
-6432
-4375
-7791
-14051
-12049
-13357
-11849
-11988
-10024
-7983
-9943
-1463
-824
-892
2854
-845
1279
2473
2417
2935
3473
5037
5315
5450
3987
1037
12307
8837
-6157
9487
10491
9003
13165
10820
13018
10371
9872
11620
11247
8971
8993
8183
5757
6194
4671
2553
3363
3430
187
-5679
-5466
-5434
-8586
-11913
-14604
-12813
-10032
-10858
-11358
-10169
-9313
-7262
-5473
-6833
-7056
-6324
-7567
-7527
-4900
-4279
-5016
-4067
-1286
1215
-3347
-9
1374
-426
-353
-7775
2819
13420
9321
9034
8606
9460
10145
8446
10220
9763
7857
6165
4900
2681
1822
-42
-2315
-3789
-5111
-8221
-14326
-8501
-11438
-16086
-18728
-18061
-13771
-14071
-13334
-9777
1903
4872
2937
6272
6275
7555
12099
12935
9877
11619
2192
3138
1961
7978
4189
8140
-1990
-9462
9437
1021
8696
15310
11831
11437
12624
12235
7932
10046
10165
9931
10176
9665
9246
7371
6725
5241
2199
3162
-2718
-4961
-3369
-4136
-4496
-7565
-10663
-7279
-8656
-9022
-3388
-3347
-4027
-3837
-1869
-2669
-1408
-1628
-1899
-1328
377
-926
-1342
-657
-1481
1556
-2265
-3152
-6979
-4531
2837
2214
-3493
2415
9313
6263
8225
7945
7167
3482
5137
6010
3001
1949
1568
166
-1592
-1242
-3269
-9200
-11976
-11715
-13178
-12648
-15058
-16794
-17507
-15849
-10791
-6838
-5565
-2675
-108
-950
2712
4493
5202
6283
7307
6898
8295
7884
5758
6709
1124
-2146
6574
1224
-4365
1040
3858
7776
981
9401
11953
7559
11760
9343
7504
6554
6437
6805
6659
4036
4237
2157
1439
-362
-2266
-5689
-8455
-8022
-8672
-9125
-8053
-12058
-13664
-8350
-10735
-7343
-5186
-5450
-1382
-1186
-455
-1603
-1480
-560
1187
1120
-325
2202
-3832
-2309
338
-2596
-1672
-2802
445
1236
502
4758
3072
1155
7226
11185
8454
8181
9809
5950
3740
3485
8457
6151
3049
3702
3986
2134
-2208
-6624
-8172
-7195
-9915
-9706
-10669
-5034
-7508
-7868
-4493
759
5100
2848
7084
9729
10455
12490
13351
12484
14542
11003
9751
9944
9207
10005
8190
4841
1087
1564
7125
4810
4975
9584
4667
3001
7214
12519
8750
7752
7360
3959
4024
3442
3481
1651
-1447
-2380
3569
1884
-1134
-6861
-3061
-4728
-5246
-972
-5606
-2392
-3786
-8047
-5614
-2105
792
293
2164
2206
2577
3661
6276
1265
-2101
2314
2769
2071
1031
442
-450
-2806
-2684
-16
-3158
-6607
-6027
-3999
1041
-4671
-6437
1664
4449
-52
353
-109
1341
-943
-1857
36
-554
-2176
-4184
-3088
-6761
-7936
-11470
-13531
-11383
-13057
-8651
-7512
-5695
-4671
-3907
700
1898
7632
9299
13576
12480
8448
11228
13861
14589
12689
11539
12115
9551
10570
8968
-2239
4871
6348
6245
7362
5888
6049
9957
7604
1735
10769
10524
9048
7377
8529
8762
5928
4083
4515
4311
2304
3147
605
-1196
-4618
-3763
-2703
-3592
-2888
-2080
-1488
-3323
-1027
-5518
-4170
907
1595
2267
-2644
1270
3160
1457
499
-1589
-2572
-927
53
-3588
-5889
-8478
-7370
-6957
-9240
-8258
-6692
-7778
-7151
-6443
-6002
-6466
-10163
-3831
-841
-3235
-2071
-1929
-3043
-4852
-5494
-6708
-6828
-6806
-7282
-8469
-12028
-10345
-7510
-11247
-7860
-6586
-3852
-2620
1079
4459
3334
3218
5204
15301
13102
13445
14227
12840
13857
14290
13412
11444
10755
13445
3038
-109
8265
5234
7386
2054
2184
4114
986
1459
5002
3944
-1427
5730
10249
5604
5455
5368
5307
2877
2497
2356
2084
751
-4586
-1343
1404
1006
-1511
-322
-52
452
-490
2454
2607
-3235
-1949
-264
2936
2386
2701
1203
1491
1682
-849
282
928
-882
-1579
-4126
-7392
-4827
-7122
-7623
-6474
-7331
-7689
-8694
-7592
-10074
-8267
-7028
-5918
-8142
-6767
1778
-2639
-3022
976
-221
-4068
-4944
-2774
-4091
-6438
-5355
-6258
-5000
-6209
-5550
-4342
-752
1191
-4017
6333
9522
6647
6863
6883
9683
11808
12367
10151
9352
9498
8976
8774
8300
8087
-838
-2294
2677
325
-76
-2532
-4013
-4382
-6893
-6290
-6198
-7338
-4019
-5034
-6926
-6761
1337
433
-3771
312
-481
-1572
-1617
-2142
-5394
-3885
-1064
-2476
-1505
-766
1201
-750
-5661
-41
1317
1507
3791
3336
1005
1227
4699
3348
1562
2115
2726
3674
3767
871
1998
810
-3694
-2931
-3623
-3066
-3950
-5960
-5507
-6715
-7090
-7185
-9499
-6972
-6707
-7581
-3513
-7250
-2544
4354
1644
-1219
1714
1376
-2431
-4055
-4377
-1824
-1202
-186
-1243
-867
-3966
-1791
3952
4568
7705
11034
13507
14983
13995
9642
13410
14520
14539
14082
12270
15404
12596
12773
10433
11100
2560
861
6550
1016
1538
-2281
-3564
-4270
-5395
-4414
-8043
-6758
-6388
-7554
-187
-8158
-7271
1685
-556
-1753
-2186
4531
554
1447
1536
3332
4059
3930
-275
946
5416
4695
4982
2646
4365
5038
8050
7781
6906
4349
2540
4703
3158
2842
-2384
-1764
-3407
-3120
-4806
-3995
-7749
-6947
-6031
-8664
-5695
-6714
-7844
-9298
-9180
-8992
-5742
-6567
-6149
-6240
-5394
598
-3022
-3031
3055
5268
3158
2897
146
-2259
-1055
3203
986
-1588
165
-932
2225
4147
6848
7933
11792
15932
15863
15381
15121
15403
16648
16633
15920
16651
15391
16153
15948
15238
13099
13916
7217
1246
6097
3130
806
-1525
-5082
-6137
-6992
-8375
-5600
142
-1507
-1634
-941
4344
225
-844
7589
8368
5679
6411
2945
2293
98
1102
4685
3743
4089
3750
3437
4683
5140
3467
5435
6510
7260
7558
8199
5916
2194
2077
1458
2612
4347
2565
1767
2238
1772
700
-4385
-3053
-1555
-9752
-8546
-10732
-11856
-10983
-10867
-10583
-11517
-8083
-5716
-7952
-5587
-1117
707
-5115
1295
8141
6970
5607
-4197
-2351
319
-1822
2387
3737
-222
-1379
1784
3406
6749
7387
11489
15593
14692
15542
12997
14823
17297
14752
14701
14381
13170
13604
12831
10762
11985
9938
1282
3837
4668
1568
3101
808
-576
-2106
-3649
-3808
-2083
-3261
-522
-858
-5004
669
1425
-4358
3254
7214
-1254
-1167
189
2247
173
-2645
-217
863
1468
733
68
2256
1774
995
2779
1561
3956
2678
3474
3801
70
-2172
-2629
-589
687
635
-1888
-568
-1467
-2060
-6167
-5816
-1600
-2659
-2896
-4525
-4195
-4993
-5871
-4591
-4910
-5986
-4588
-3684
-842
-4593
168
4482
-6724
-1262
7413
2186
-660
-427
-498
-244
-4235
-2842
-3030
-2803
688
3121
4678
4875
8992
9983
10569
12352
11140
10959
14120
12801
8442
7978
10827
9469
7525
6156
8286
4988
-876
5233
2836
1884
1295
-1872
-979
-1691
-1315
-2946
-2671
-4156
-4846
-1938
-1773
-2713
-7141
-366
20
-9410
721
597
-4963
-2508
-3587
2307
2346
1833
367
1591
4516
6200
4741
4707
4143
4554
5462
4999
5730
4377
2114
4816
2982
-2272
706
1535
1048
-718
-570
660
-1092
6
775
940
385
67
-25
-271
-146
11
-1263
-9340
-6759
-12384
-13345
-3970
-6927
-8135
-2252
-5305
-12819
-5890
2543
-4744
-4713
-1266
-4643
-4915
-6048
-3806
-1584
3093
6210
6536
9070
11385
13035
14163
15753
14556
14973
13675
15158
14799
11837
9127
9785
13931
14226
4729
7022
11703
7870
11773
6364
6581
6254
5018
6816
5400
6576
-366
-481
2191
-1975
1985
3133
-3112
199
1787
-6357
-6989
2497
2686
-2572
1460
369
-658
-1515
-2061
569
503
612
704
1722
1978
2005
2776
3698
1268
-424
-1463
14
229
2561
989
-6408
-1611
-544
-2958
-771
-59
1463
1075
16
588
114
117
295
-4153
-3821
-764
-4202
-4149
-6100
-5839
-6777
-5370
-4549
-8700
-5151
-10876
-8579
-5069
-4350
-4374
-9057
-7320
-8598
-6672
-5938
-2621
-718
2207
7648
7458
7051
7349
7586
8749
7361
7560
16769
15999
15585
16213
13464
12294
12852
5
5860
6576
5107
8744
4325
6730
3495
-148
2976
1500
1390
1365
-383
-2012
-2742
-1482
-3854
-5341
-3611
-8577
-7572
-1150
-4617
-10098
-3916
481
-3991
-3273
-881
-2416
-1655
-1156
-2505
-2303
659
2575
53
2562
376
-867
3534
1437
-1125
-1371
1758
899
880
2225
-7764
-4953
-1191
-1678
-237
-943
5461
1899
6243
5074
4875
2540
1498
1328
-889
-368
-3307
-2832
-3441
-3416
-7915
-6846
-5848
-10454
-5386
-5496
-19633
-15455
-9959
-13365
-11627
-9480
-6220
-2549
-902
1724
5324
7680
7584
12328
16267
13185
15404
17902
16660
18549
16474
18429
17819
21226
14240
5648
14337
14690
10133
10129
14135
13005
12526
10756
9738
9162
6152
6370
4342
2365
1263
916
-925
-3249
-5218
-8892
-8477
-5893
-5204
-4159
-6858
-10946
-3048
-1109
-4370
-2514
-1682
-693
-3303
-2125
-2769
405
3613
1641
3071
2164
3713
2612
1572
1641
2617
3433
2702
3641
1281
2697
-7
-978
7869
6147
6211
5384
7431
7747
5221
4070
3198
1524
716
330
-1756
-2409
-4342
-8322
-9759
-8388
-5441
-13328
-13485
-8577
-9635
-8510
-16230
-13060
-5738
-7615
-4317
-186
1050
6061
7010
8706
12098
12245
16030
17951
19622
18942
18744
13169
14740
14533
15740
17107
6257
7518
16636
11096
7618
10274
10547
10545
10037
9545
7831
7204
6774
4291
4191
3480
2930
-342
-1043
-6839
-9989
-6484
-9390
-8540
-12009
-10793
-8276
-8799
-7773
-11088
-10761
-5042
-688
-2499
-790
-274
170
2975
4749
4930
8183
9672
10145
10577
8690
10202
10410
12369
6722
10291
9735
7839
10587
7411
6954
2653
6447
6628
5647
4431
5473
4256
748
222
-1894
-3330
-3804
-3469
-8443
-11651
-11951
-11753
-14873
-15286
-17185
-17227
-19581
-19614
-17198
-19068
-13017
-17517
-10715
-1390
-3385
1751
3371
6175
7753
10435
12900
13767
17514
17639
19430
13816
13379
18377
16336
19591
10991
6465
14259
12068
12310
10309
2047
11103
12608
11497
10956
10306
9008
7184
5865
3546
2789
-1368
-3780
-6157
-5247
-5433
-10393
-11748
-13092
-11732
-11914
-16149
-19719
-17289
-16584
-13292
-19069
-10950
-3581
-6187
-2411
-988
2358
3184
3876
7216
8860
5186
7777
9405
8906
9393
8820
11893
8083
6470
9721
9211
9789
9201
8279
6804
1968
6003
6376
2943
2951
2998
1355
-576
-1761
-3972
-7362
-8498
-6993
-8050
-7639
-12508
-14693
-15920
-16491
-15242
-16962
-16869
-15850
-13449
-7780
-6107
-7628
2236
8212
7804
10871
15122
14723
13155
17372
19329
20146
21775
19390
20387
19020
21872
15932
8537
17121
12517
13056
12876
10795
11445
8288
6887
40
486
2112
-1224
-833
-2430
-3037
-5026
-10929
-11489
-11943
-14500
-16618
-18091
-16264
-16642
-21353
-20214
-19177
-19808
-15621
-17452
-14126
-11857
-9060
-6697
-10438
3142
3178
640
7385
7253
6954
6487
7199
9295
12838
11233
10061
10833
10090
7758
9204
6063
5785
5492
3519
3392
3053
3689
518
1039
-3112
-1178
-1325
-6248
-6744
-9324
-10391
-12912
-12230
-12470
-12618
-12532
-15570
-16739
-18241
-19194
-21626
-20903
-19728
-19760
-14077
-13130
-9435
-3469
-2808
-2198
960
11517
14311
13003
15708
19304
18625
19392
21137
22180
22599
23845
22920
13388
18446
18327
17184
17323
14909
16192
14415
14389
11781
10573
7667
4912
3812
3079
-591
-2245
-1292
-1940
377
-3239
-5152
-6039
-10685
-9093
-8009
-11255
-9613
-10042
-12872
-10076
-9217
-5569
-13964
-9797
-4300
-2990
-3556
-6232
6163
2102
4371
4355
12039
12455
12250
15118
13435
16233
12334
9032
7811
8043
10561
7309
3510
6193
8111
8173
3221
4338
4529
-27
1937
991
-2715
-3334
-130
-4028
-6469
-6299
-7670
-7250
-5582
-7127
-9814
-8851
-11804
-12398
-18561
-20717
-22292
-12985
-10301
-8957
-4825
-3257
6168
9243
5211
8141
18413
18996
18952
22852
24400
22940
23479
20096
24586
20539
14760
20968
14938
16537
14992
14851
13951
12534
12777
10199
10022
8133
1681
-2593
1773
2001
1670
1258
-1127
722
631
-183
-1189
-6180
-6942
-9138
-8776
-13845
-14973
-11793
-11748
-8594
-13569
-14423
-9837
-6786
-6890
-3728
207
-4937
-6567
4110
6872
2226
4233
4692
5422
2660
4166
5082
881
3247
662
3282
3063
-3520
-2586
-2176
260
-1660
-4489
744
-596
-4973
-4756
-4599
-2832
-2343
-5033
-5131
-6046
-6591
-7621
-4242
-7079
-14777
-11228
-13607
-14915
-15487
-15568
-13593
-10973
-7293
-9036
-8450
-4339
-1082
719
2342
8616
3298
4004
16415
16731
15203
15838
15927
13718
22682
13685
15495
19224
15218
17216
12924
11448
10403
12507
13703
13368
10139
7483
5038
9695
9498
401
2469
2920
3957
-4168
-2708
-2937
-9981
-7738
-7132
-8654
-11851
-11350
-10911
-11764
-9592
-10527
-8507
-7984
-4284
-4739
-6710
-3250
-1659
-1064
4273
510
-3901
7605
10832
8193
9500
10772
11507
7816
6995
7657
3112
5116
6270
8013
5494
1729
4266
6124
5379
1344
1293
7980
8502
5807
4158
-223
3029
-230
-4660
-3135
-3730
-4649
-7773
-11044
-10501
-12504
-15306
-14172
-13578
-11322
-10430
-10096
-6205
-6356
-5037
-640
-1868
383
2276
1593
6162
6357
5018
8788
18461
16219
13413
12985
3315
9543
11266
11364
10432
10259
12224
12079
11779
9365
9336
7721
8940
9003
8515
7774
8919
2795
-1031
-96
462
-509
-1377
-1622
-3248
-3893
-6938
-7631
-9873
-10336
-11455
-10240
-10963
-14371
-12079
-12441
-11024
-12145
-9109
-7489
-11294
-9888
-3445
-42
2190
-1940
2698
9373
7692
5423
6075
10462
3726
3251
7921
8717
11160
6340
6416
9968
7661
6399
5510
9277
11344
2204
10500
9276
4425
5245
-7273
-8979
-10375
-7227
-11439
-11230
-9877
-11012
-14354
-14382
-13878
-15137
-11349
-9784
-6923
-5725
-5357
-1540
359
618
1656
4297
5320
5302
6467
8190
13417
8288
10192
19510
15032
8917
15316
15310
15562
19220
18074
20130
17589
16849
13934
16259
14287
8401
12600
13305
11255
11991
9593
6891
7131
6244
432
-2697
-988
-2417
-2273
-3424
-4829
-5005
-7893
-7481
-8074
-9964
-8727
-7805
-7661
-7798
-7551
-6692
-4173
-4002
-4736
-5733
-8193
-8338
490
4842
560
-2625
7119
9544
3453
5818
5192
12302
9869
8489
9756
10846
8578
2629
6582
8190
9214
8818
10041
7365
6258
3948
-657
-247
-3352
-5391
-7519
-11427
-10430
-11023
-13445
-14817
-16707
-15264
-13695
-12922
-11416
-10509
-8573
-5938
-3392
-3268
2075
2995
3912
6771
8321
5762
7177
9322
9199
11390
16265
7762
10356
24421
19466
20248
19886
22241
17020
9945
16895
15986
15695
14578
14610
12964
13125
12449
10908
8676
5739
6885
4564
2012
698
-1218
-4789
-4348
-5868
-7621
-14935
-14629
-14953
-15121
-15467
-14796
-12791
-13936
-10190
-12425
-9507
-5392
-7406
-7617
-7642
-7248
-6293
-1744
-1266
-285
3398
3029
-4097
1036
11766
12612
6983
6033
9570
9422
11690
10574
7438
10419
11898
9202
12176
10053
7006
5400
4296
-478
-2986
-2944
-5375
-3879
-9494
-9875
-13361
-14308
-13769
-15364
-12260
-11280
-9420
-8729
-4884
-4406
-2965
2688
1310
1685
5228
2290
1722
5358
8966
6192
8853
8110
11119
8839
5169
16513
5314
9460
22224
18452
16997
15209
14863
17358
16857
15005
14010
13919
13938
11379
10234
8614
7822
5309
3990
1278
-189
0
-1473
-2951
-4700
-6135
-11648
-11225
-9169
-10317
-9314
-11282
-4519
-2677
-6524
-1835
-1432
-2763
-3163
69
169
-3132
-585
459
1087
1055
1118
-2920
-10301
-2836
3530
3584
-3611
-252
10974
5138
2470
2704
5668
3296
2856
13141
9385
9248
7573
5547
2988
-210
-2194
-600
-2531
-4606
-3589
-8092
-6125
-6879
-10597
-10822
-12470
-10431
-6460
-2222
-371
2242
4478
4749
4573
10171
14069
8972
11876
12425
15749
14301
14737
10541
7864
13951
3892
11586
12323
9492
13195
15070
8369
5672
16515
16122
15305
13478
14781
6457
4901
4185
3089
1765
1480
-1896
-3035
-5113
-7587
-4018
-7263
-8618
-10793
-11512
-13850
-11565
-8873
-10583
-11012
-11115
-5649
-7117
-3459
2258
837
2606
2111
2599
4035
4013
6286
488
2183
7365
2474
911
-1017
-834
4974
3389
-1118
1262
6291
5411
-4452
7104
14601
7800
11160
11041
10358
7581
4036
6265
623
-1537
-1384
-4595
-1989
-4891
-6813
-7796
-8985
-9993
-10214
-9965
-10822
-7468
-2988
-7113
-1908
4944
2984
4863
7689
12683
13083
15401
14675
9713
15231
15841
14900
15920
15896
13341
7430
11443
10606
7914
8551
6765
2995
6486
10854
5152
4364
12879
13392
10056
9347
8601
9130
5085
3907
2246
-1479
370
-309
-4903
-4407
-8202
-6754
-5804
-10892
-8129
-12034
-11860
-4117
-5786
-5882
-2398
-4999
-3980
-2060
6277
5014
253
5636
6646
5720
7506
7042
7194
4821
756
364
1913
3924
1891
-3552
-5874
-2353
598
-4043
-22
4488
-935
1805
10122
7213
4037
4801
2751
299
-2756
-4338
-4511
-6170
-4382
-3350
-4706
-5078
-12410
-15486
-16658
-8932
-7429
-6798
-1779
1239
4362
5920
7537
5229
7221
13163
14235
15890
14971
16161
16143
18300
15820
13781
16503
8537
11851
12422
8622
10218
5249
2864
1075
2627
4418
1066
1944
6251
703
-180
7385
6244
4024
410
-436
-1968
-1088
109
-5221
-4746
-6164
-8133
-4665
-5307
-6463
-5429
-4223
-2585
-1239
-717
441
-851
-2099
3279
2849
-257
185
2021
1632
2487
1982
2880
3374
-95
159
-3481
-2711
-2403
-6540
-7389
-7142
-7535
-9069
-8741
-8452
-6557
-5601
-7431
-3605
-3606
-11509
-9500
-3196
-7317
-7380
-4586
-5558
-5352
-7189
-6368
-4140
-5468
-8630
-7571
-7514
-4742
1758
1793
2059
5119
9741
12086
11869
14680
15471
17539
19311
15974
18000
19512
18839
20635
17178
18128
17422
10106
13089
10998
9031
8750
4054
2476
2138
2564
-425
-623
-2993
-3391
-2600
-8810
-6064
-2808
-4540
-7628
-1379
2268
-5894
16
-689
-4747
-2384
-2826
-3572
-1793
-2649
825
-1669
-3129
4597
2819
4826
4291
4533
6929
6794
6009
7731
5704
3045
4113
5828
6490
4397
743
-1789
-1518
-1121
-101
-6042
-7691
-6497
-7882
-9516
-10391
-8092
-10193
-12127
-10751
-14632
-13096
-11216
-18620
-11683
-12425
-20761
-9478
-4812
-9641
-10753
-8903
-1583
-1418
-1576
-3387
-11263
-9170
-3168
-331
459
3085
5019
5674
9501
10916
11651
14137
15532
16087
15174
14204
12061
11858
14262
13628
9019
9311
9510
6897
5709
2477
1040
1585
1707
-582
-3443
-6566
-5485
-3405
-6811
-8395
-7697
-10158
-7660
-5616
-4894
-1639
-9020
-4389
1503
-1171
-721
-945
95
-47
455
1179
2150
4292
5122
3625
6070
6085
8005
9127
8349
8392
7581
7839
7269
7327
8288
6661
1821
1297
-696
699
1282
-2594
-5696
-6333
-5880
-8023
-8851
-9114
-10552
-8080
-7209
-11557
-11803
-14153
-14108
-14861
-14824
-15187
-16418
-10407
-9275
-12991
-15039
-8157
-5406
-8683
-8145
-10123
-9103
-4586
-1857
561
2475
5701
8057
9550
13308
14480
15132
17088
18411
18152
18848
18142
17394
16799
15680
14123
9208
11004
10231
9493
7661
3662
4313
2945
2441
3394
1134
-1563
-2303
-6794
-3761
-2821
-4417
-5535
-7485
-8769
-7570
-4870
-10816
-9180
-4909
-8235
-11238
-3128
1065
-2331
-767
-221
1130
2777
3516
3385
5326
6661
7532
8012
6609
6983
6737
8043
8222
8755
6960
5696
5095
4713
6514
1627
19
-1185
-2616
-5493
-4274
465
-2937
-3305
-2206
-4510
-1711
-1442
-5850
-5016
-7151
-9153
-7383
-10084
-12844
-11247
-9221
-10955
-11976
-9083
-7752
-14238
-12750
-7125
-8140
-3514
45
2434
1081
4742
9891
11903
12746
12059
14668
16578
15597
13735
13683
13603
14285
12786
10427
8779
8806
15031
12493
6742
9558
10014
6367
9035
7083
5508
4893
4833
3881
3556
2179
220
-260
-2112
-3062
-2941
-5822
-5424
-13434
-17597
-13442
-14785
-15180
-11549
-11229
-12128
-10217
-3100
-819
-765
-697
2607
3075
3217
5900
5860
6523
7379
8477
7568
8359
7688
7751
6637
6614
7428
4875
1793
2733
8000
-2315
-2506
74
-1748
3364
1941
2786
542
-400
-1229
-1171
-3556
-4137
-3754
-6947
-9016
-11131
-11408
-14889
-14658
-14936
-19808
-14832
-16870
-21419
-13527
-15973
-15320
-5242
-571
-947
2722
13215
14098
14601
15216
19027
19144
17479
19244
20563
21033
19722
10011
8313
9380
12573
9056
8959
8415
4802
4794
6406
7082
4033
4020
5009
4911
1648
1293
2602
550
645
495
-361
-1909
-3942
-5806
-8709
-9853
-9518
-11853
-11295
-10556
-12474
-9337
-9605
-6307
-3826
-6653
-802
3602
5263
5214
6906
5799
4266
8347
9849
9479
9376
8205
6478
8177
10564
7111
7377
9439
7314
7587
5046
7040
7935
4689
5109
2795
609
2908
2139
2843
1662
-521
1574
-2644
-3515
-5120
-8944
-7836
-11227
-14132
-15288
-16429
-14204
-17390
-18898
-15047
-13224
-10965
-6802
-2095
508
-89
7190
14049
10780
14118
15769
15702
15861
15174
18877
19094
17540
15892
15823
17043
14982
12608
16109
15422
10611
10824
10601
8201
8734
7042
3167
2571
2445
2621
-86
-595
5260
3170
1452
-2311
-3753
-4169
-7062
-6746
-8175
-11015
-9099
-12800
-12392
-13213
-14716
-13041
-8083
-6886
-7337
-4539
-1353
-2205
-3022
8246
5555
3170
8629
9231
8100
6099
7985
10155
9382
10893
11428
12749
12418
10280
1550
694
4117
3936
4180
3220
4500
4399
1742
2465
1319
-20
807
116
-2840
-4511
-7413
-8896
-7644
-11062
-11924
-12619
-11727
-14290
-16258
-13496
-12990
-9090
-8099
-5383
331
3608
-385
10163
9343
3638
16567
17564
17882
16476
15857
17951
18276
17964
18226
19975
20395
20104
17737
16182
14217
13838
14777
14612
13792
12174
13095
12147
10806
4959
3223
3872
2279
1030
-3738
-1898
-3745
-6176
-7746
-10616
-9858
-10386
-10679
-12528
-14978
-14149
-13766
-13594
-13795
-13037
-10768
-10408
-9958
-5852
-7892
-5292
1937
-5640
972
7481
3940
5232
8525
9603
7247
8068
6070
9480
11310
8482
4357
5846
6931
7115
8474
5855
4917
3142
1842
1863
-1876
-7135
-5815
-7113
-6254
-10502
-12692
-13879
-14715
-15219
-18829
-18045
-19701
-20711
-20597
-15788
-15618
-11788
-10933
-9316
-6530
-7078
-3345
-2004
924
2850
3231
9594
10582
4487
13955
17735
16330
15945
16033
20800
16978
15135
18141
15407
14399
16818
15559
13926
13076
14122
13106
11099
9363
8593
6536
6474
1765
-2053
367
-1443
-3637
-6277
-5663
-7401
-9895
-8973
-10249
-13886
-12155
-12487
-12501
-7703
-9988
-12374
-8749
-7070
-9441
-9584
-7188
-8649
-5773
1331
-2265
2211
2179
-4641
6839
9544
6361
7371
6021
7428
6780
5698
4332
7631
8408
5235
7202
5230
4057
3283
1705
262
-1276
-2772
-4861
-4850
-11435
-12212
-12931
-14604
-17352
-18290
-16611
-19722
-16943
-21297
-17011
-14718
-14924
-11826
-6732
-966
-3739
-836
-595
-384
1303
5684
6534
7139
9495
10943
15005
11802
8868
16849
21751
17108
17988
17182
15472
13470
11666
13095
12809
14489
12371
10370
7708
5945
5026
2080
1286
-632
-1998
-2404
-4397
-11042
-13078
-11563
-13765
-14729
-16550
-15311
-14047
-18928
-17846
-17404
-14682
-11881
-14772
-9031
-9643
-8539
-3291
-6036
-6427
-4084
-6336
-3736
-774
-2184
916
1765
7661
6288
2104
11951
16764
12199
9542
9247
9466
10807
13829
14587
13291
10250
9610
10039
6822
4992
2720
3503
1196
-553
-2154
-4363
-7956
-11063
-12070
-13408
-11473
-13416
-13588
-11992
-9314
-7668
-5343
-1852
-1924
1913
6519
6448
7828
9480
9329
9466
9335
8442
9935
9992
9218
8800
11670
16913
13977
8030
13321
18450
11805
12048
12277
11194
11112
8447
9748
8753
6051
4463
3238
1291
-395
-2823
-3348
1226
-956
-1499
-4225
-4873
-10872
-12094
-9919
-8271
-16800
-18422
-15875
-14918
-13126
-12788
-7208
-4520
-4675
-4868
-5723
-4801
-5520
-2459
-59
-2179
-1571
-1633
-1487
579
1872
2371
3368
6804
2110
-1986
7144
13911
8927
8235
11010
10593
7616
6406
7459
5974
3665
1845
2320
-241
-1178
-2371
-4407
-5136
-6435
-12537
-10976
-12313
-16826
-13030
-13746
-12125
-11507
-7464
-5126
1685
3506
3030
7828
7018
9139
9846
11069
10195
10378
9978
9479
7746
5501
4056
5168
6415
8695
5466
5236
7770
225
9714
12365
7802
13874
12690
12142
11063
9896
7839
7016
5390
4995
4246
1509
-86
283
-6037
-2737
-3569
-9385
-12565
-4904
-10010
-11889
-13387
-4219
-3961
-1999
-721
1174
1860
2914
3695
-5486
2710
-1808
-559
-2459
-2561
-3154
-629
-1127
-4668
-4749
-5116
-2965
-4145
-5987
-1984
2652
-2891
-895
7753
5606
3841
3352
3047
2955
1605
-1575
86
2308
-467
-3218
-4302
-1549
-3852
-7379
-9161
-9570
-11852
-12110
-6785
-10530
-9535
-3003
-2063
2275
6329
9070
11333
10631
13696
14351
14594
17473
16745
16807
14981
14192
12839
11344
11731
12490
10751
7771
4890
5388
6521
8549
11828
7132
5256
10111
13727
9172
8023
6633
6115
3601
3908
4173
-3340
2711
2722
-1251
-942
-3274
-4503
-6140
-4803
-2785
-1687
-1809
-3156
-5300
-1888
3620
2367
2853
3557
3554
4221
2598
3659
2395
1394
2335
517
1698
1057
-2724
-6593
-5028
-3593
-6961
-4086
-6043
-2447
798
-722
1913
3543
-2129
24
4760
4542
870
241
1255
-453
3705
1906
-3559
-955
-1832
-2816
-3682
-5722
-6189
-6776
-6750
-4963
-3716
-738
2984
339
3819
3669
5557
5640
6806
7819
10050
11693
11552
12764
10074
9629
8851
7778
8255
5906
4775
3057
2345
-1846
-2130
-1541
-4398
-3104
-1456
128
1142
-4866
-4405
3876
-3923
-1844
590
-2887
-2392
-4508
-5236
-6634
-6358
-5961
-4854
-7039
-6419
-6486
-5144
-5052
-5299
-3636
-5105
-1223
575
-2900
-423
2638
1112
2662
2726
3406
4779
2681
2935
2712
2629
2762
-525
-782
-631
-984
-6222
-10622
-5995
-3173
-5794
-8923
-6182
-5804
-4664
-2249
-7218
-8349
1090
1198
-2904
-115
-847
-917
-3490
-2816
-2334
-4614
-3990
-6123
-7266
-6444
-4910
-3272
-132
1882
3335
6834
11867
11486
10742
13220
15147
18197
17604
20231
20391
18789
18312
16514
14958
14451
13770
12630
11995
10105
9748
2439
77
3823
3408
-904
-4282
-2321
-2932
477
5742
968
-3327
5271
5836
2483
2698
352
1846
649
-1682
-1405
-1751
-2303
-1873
-1713
-1481
-2011
-1723
-2582
-426
-67
1341
2110
2970
808
-2946
376
725
8374
4906
4960
5364
4807
7366
3541
1137
1199
1974
3119
-2649
-5964
-3946
-4401
-5086
-5794
-8235
-5438
-5503
-8598
-6749
-1752
-2394
-9903
-1885
5272
1469
655
724
-848
-124
-2679
-3482
-4366
-5297
-2926
-3826
1004
2663
3889
6935
10814
5339
6902
10197
11510
13242
9240
12309
14947
13802
13003
11143
13252
11849
11561
11465
8500
7871
7614
5680
286
606
2556
-3126
-2397
1484
-2497
-2343
-4440
-5229
-211
-834
2769
-5410
2665
10261
342
3688
856
2521
-507
-2095
1798
1174
1998
1119
2773
3005
2913
4373
5989
7273
7255
6988
6690
7623
6473
2795
3469
3078
3635
3951
3700
4013
-1578
-1149
-97
-796
-3713
-7766
-7348
-8411
-4564
-4917
-10454
-7875
-10245
-10911
-9496
-10900
-7347
-8665
-4621
-2402
-9161
-7790
2174
-625
-5179
-4039
-5828
-6669
-7962
-6397
-5759
-3887
-1181
2407
4319
6680
10026
10824
11464
13569
14975
16604
17017
15405
11844
12768
14445
12639
12414
10066
10317
7720
6324
6344
7130
2105
143
2723
445
-430
-3102
-2991
-3494
-4443
-6922
-3699
-3116
-5144
-3420
-1377
2089
-5129
-2751
4062
509
-3021
-2209
92
-1496
55
-424
2986
4510
2644
5215
5776
6199
6678
7152
6690
7017
6911
7327
8263
4094
582
2731
4833
5771
1340
-1153
-557
2333
3367
-895
-4291
-5891
-2775
-3561
-4699
-5390
-5705
-5582
-5974
-8951
-9900
-9345
-8877
-8876
-10046
-7166
-6583
-11455
-14133
-6060
-7235
-13540
-10500
-3888
-5105
-2373
525
2497
3961
8926
10970
12852
14925
15672
15956
19628
20306
17729
19468
18562
19809
14875
13831
13809
11402
12757
11454
11255
12605
10214
7673
5970
5749
7223
4406
4132
3097
1454
-341
333
-391
-2865
-2807
-2831
-1951
-5089
-3312
-326
-7568
-5026
-4014
-6762
-7030
-5668
-2662
-973
-3355
-1716
1377
825
4336
6958
7163
8308
6146
7163
7637
7123
7766
5399
4820
5431
1179
5129
7334
440
1898
3919
3390
1571
-3046
2063
3086
1312
2275
578
2706
116
-1567
-2998
-1790
-3345
-6447
-7274
-7312
-7166
-9302
-7911
-6253
-6995
-13845
-7508
-3525
-8355
-5422
-743
3119
2994
6041
8376
11677
13748
14642
17876
16893
18969
19836
19389
17879
17259
14097
15933
16773
7520
8210
12314
12537
7619
11801
7896
3389
6539
2225
7617
4694
5250
4377
4206
4118
1855
-189
-767
-1539
-2918
-6788
-8089
-8974
-9035
-7860
-4444
-7033
-11085
-296
-1444
-2161
-1703
-950
-252
-422
2149
4855
7476
5594
8175
6485
5639
6493
8538
6746
6774
7568
3339
5806
7415
2714
2505
5690
-40
-502
-4522
-4177
-3107
-1900
-1880
-2143
-1512
-3452
-4186
-4722
-6440
-8746
-11325
-11720
-11687
-13889
-14774
-15265
-15176
-15219
-17162
-14723
-13032
-16686
-9446
-295
-2224
1419
5587
7375
10512
8733
12923
15704
15984
20093
20055
18744
19765
19239
17512
18066
18847
17355
15453
19438
19485
16994
21370
17425
10060
12839
12679
8817
7786
7235
7224
6466
5780
4708
2821
2201
-1999
-4886
-8481
-10644
-11774
-11553
-12855
-15213
-13748
-18096
-9909
-9447
-14181
-7840
-6913
-6814
-5171
-1935
-2070
-1798
320
2240
-163
-1508
3507
2345
3263
4253
4298
1598
140
6319
3230
2790
1227
4582
9760
10144
3502
4667
7666
6157
7024
6419
4754
2142
3527
2001
-2250
-2629
-4089
-5668
-15139
-17529
-20016
-20463
-20823
-21747
-22683
-22459
-20730
-17970
-12966
-10186
-8304
-1386
3352
2718
4770
9100
9841
11166
17048
15520
16378
17657
17264
16114
14582
22036
20991
19492
19672
18508
18912
18785
16551
9676
9627
12709
12294
9411
7375
7894
6777
5158
5493
3977
1172
-1177
-2530
-3749
-5580
-9252
-11768
-12361
-14623
-14986
-15723
-13481
-15067
-15095
-9667
-7174
-9019
-9830
1933
905
-334
6489
4662
3394
3482
6785
9425
6926
7999
10242
7357
8498
9334
10071
6767
3581
3340
4462
14958
5242
1426
9404
9215
8827
6332
5645
5978
3751
4241
-198
-1618
-5028
-6039
-6513
-9271
-11118
-14340
-14852
-17367
-18308
-19030
-18065
-15861
-12474
-10795
-9762
-2612
-5641
-8995
1818
7981
3357
10905
12983
12637
13077
15597
18738
17738
19338
20759
20091
18342
19678
21225
20678
19143
17620
16433
14524
10792
7915
10578
8911
7947
5999
5871
6221
2344
833
-1778
-1775
-3527
-4656
-7078
-10146
-11398
-14323
-16281
-16302
-17231
-17143
-16715
-16037
-11476
-12586
-10461
-1655
-6549
-6369
5422
3248
4086
5528
7917
10640
7662
14403
13487
12066
11639
12597
15134
10647
6878
7162
10479
12241
10122
4530
6909
5124
3975
5729
3981
919
-1687
128
-3141
-6008
-8861
-10508
-11949
-14894
-16687
-19327
-20929
-22478
-25129
-26092
-26995
-24356
-22179
-14220
-11615
-6025
-1215
-2088
3913
5871
5306
11588
19304
17515
18523
23410
19380
13717
17572
18467
18220
18714
16834
16369
16131
17097
16192
15104
14771
11927
11764
12370
10639
4674
5601
7110
3762
3233
870
-1260
-1317
-3459
-3813
-5921
-9385
-12116
-13883
-14950
-18628
-16611
-18182
-20479
-14454
-15215
-14399
-13045
-10915
-8272
-7962
-863
-1074
-1775
7048
7728
6697
7543
10619
12231
9108
11347
11651
13373
11436
8526
7015
7545
11374
10396
6985
5621
7108
8478
6778
5946
1362
-1265
2926
-1865
-4808
-7034
-7790
-7848
-11277
-11475
-14986
-15950
-17235
-20111
-22247
-21902
-17071
-15870
-15369
-13617
-7800
-6304
-5113
-2375
1186
5036
8351
12570
7103
11494
18590
17346
17766
19415
18021
17938
20531
19391
18024
17619
15884
14845
14498
14032
12814
7699
8073
6926
4681
3295
4133
634
-4552
-2491
-5367
-7053
-9308
-10873
-11705
-15514
-17686
-18009
-23189
-19194
-17567
-22742
-19675
-18719
-10932
-9153
-10030
-8611
-5606
-5093
-982
-1550
-1332
5950
7624
1556
8880
13640
13070
13995
12857
13785
11873
16234
15298
13587
11895
11501
7001
7258
3584
2839
4271
3414
2884
1367
3423
1200
-1537
-3635
-5042
-5595
-8685
-10514
-12111
-12903
-15511
-15429
-14358
-17250
-15573
-16344
-10400
-7927
-8531
-2542
-2067
1547
1608
2275
6024
7615
10686
11654
11355
17855
15460
13532
22522
21693
22349
23032
20759
20954
18924
20884
19947
18834
18688
17637
15847
12427
13253
9970
8633
8195
7676
4531
2934
2053
-1150
-1728
-2553
-5419
-7992
-6204
-9971
-11689
-12391
-12739
-12149
-11008
-9966
-9336
-8747
-9417
-10155
-9110
-7343
-7786
-7310
-8680
-5568
-4138
-3587
-4939
9123
9090
3312
13692
11985
11590
12642
12207
-11368
-12283
-14128
-12799
-11130
-8441
-7819
-7472
-2974
-2204
28
-44
5635
7922
3618
7839
12678
10355
10265
14233
19790
20118
18239
22002
15687
11404
14323
11642
14279
13344
15822
11569
10870
10980
9084
10197
9246
6286
742
3897
5563
5678
2996
4970
4444
-3644
-1639
-3300
-4015
-4071
-5865
-8374
-6005
-4691
-5912
-6079
-7931
-6119
-6605
-3968
-3638
-1266
-2165
-486
1354
605
-6663
-3465
2657
2545
6533
4905
5160
5782
4471
6285
4079
4947
8904
5229
4486
6263
5260
6679
6708
5040
4841
4733
4333
2205
-1074
5019
4122
-2411
1188
-45
-4708
-8748
-10423
-10712
-11048
-11125
-9421
-5275
-6094
-4273
1526
2133
2430
5159
6232
8318
9303
8385
9407
13247
13636
10272
14040
19640
14432
15445
12491
10245
14377
12193
17403
12201
9856
10579
7912
8377
5429
6244
4044
4396
9120
9610
9414
9150
6292
-6000
1055
3222
-711
-713
-3563
-5331
-4361
-1868
-3173
-3667
-4417
-5264
-5320
-3341
-4174
-1477
-324
-1844
-2823
-4764
-3672
-3707
-2818
-2881
-323
3319
-907
-3971
4071
5726
3486
4612
4326
5901
-1838
971
1865
1653
2138
3026
4072
4957
6199
4773
5534
7421
8086
4656
4273
2917
-2799
-4659
-4099
-6792
-11714
-12220
-8301
-6611
-2626
-1982
-3741
1040
4803
4928
6644
9756
9762
10390
9839
7903
7165
8361
9351
9535
6532
7824
10914
6071
2098
9033
15252
11536
11509
10160
11932
12239
11210
13483
10497
10332
8599
7948
6721
7031
5553
375
1382
599
-535
-1646
-3781
-6567
-3230
-2289
-2605
-5633
-5153
-4401
-1470
-2628
-903
1141
511
702
341
243
-555
-346
-1648
-1345
-3154
-1475
-3973
-4126
-4942
-6657
-4795
-4190
593
-3689
-5115
1532
5722
5578
5021
6300
7318
7284
7709
8216
6826
6764
5609
3895
8977
9409
6778
6457
-4570
-7373
-8921
-10014
-10465
-11489
-11379
-9505
-6730
-631
658
4467
10175
9708
10803
12294
10931
11593
12506
12387
11695
10871
8930
7339
5590
4270
5843
-817
1365
1031
2803
7653
7045
3648
6516
13535
10151
11448
11796
12885
13449
14262
6883
6905
11456
8774
8837
6253
6047
3777
3426
3791
1377
2188
952
1735
-4361
-9287
-5529
-4184
-1691
-4411
-1441
-756
-2115
-2048
-4011
-3858
-5874
-5887
-915
-19
-3204
-4496
-1996
-5296
-6973
-7623
-5955
-6970
-4670
-3903
-2657
1731
-1757
-5539
5333
9030
3231
9389
3889
2757
7596
6524
7784
8421
6521
4527
4213
1420
-1385
-4101
-3774
-3624
-786
-482
767
-1119
1186
5219
-2203
5426
4247
7011
8679
7160
7510
9054
7172
5986
2763
3776
5816
1928
537
-7323
-2140
-3403
-2119
-1653
-2780
-1321
-861
2224
4286
1074
830
12297
2657
2957
8644
5731
6730
6513
5166
3964
3899
1949
1969
-146
-1323
-1071
-2005
530
-1280
-1636
-1042
-2804
-804
-5280
-1574
764
-613
455
-439
604
-1131
-1262
-3592
-3763
-1842
-3222
-5165
-7375
-10802
-9797
-8526
-10081
-8796
-9873
-8693
-8174
-8634
-9496
-4656
-1652
-13139
-9936
620
2422
-185
-1605
-833
2184
3944
1503
-924
-5155
-7379
-9951
-8496
-9032
-7246
-3663
-2628
-822
1464
1113
2499
8198
6804
6411
9620
11435
11347
12015
10056
14232
12181
10489
9775
7983
6636
-1349
4700
2547
1524
2889
1665
2740
3003
2694
4056
2707
-2370
3366
6733
1887
498
10551
5773
3599
9352
6947
4408
5059
5799
2389
2746
1478
1126
916
1754
3131
2991
2952
265
-290
3474
4100
5577
-122
-838
1852
-1370
3808
2813
1909
3281
1161
-184
-2305
-3557
-3714
-4252
-4528
-5316
-4250
-5630
-6548
-4346
-8347
-12645
-10133
-9984
-10428
-6488
-4312
-5123
-11415
-4623
1377
-2115
-64
-2582
-4893
-8273
-8939
-9503
-9399
-4513
-3147
28
-1230
3780
6374
5425
9022
9616
9762
10570
13313
7712
11001
13718
10953
11551
9275
10093
11111
2612
4011
5446
3228
3774
428
1293
420
111
-4180
-2578
-3703
-5668
-5136
-6645
-7566
-9580
-5040
-2649
-10197
-9277
-29
-919
-7067
-4937
-5652
-8051
-2436
-3007
-2576
-3539
-4150
-1815
-1045
574
-168
-1293
-1138
652
-935
-2553
1184
1981
-1539
-698
-8
-538
680
-1527
-2939
-2970
-998
-3010
-3558
-3859
-2869
-3458
-8591
-6840
-7105
-7155
-9441
-8977
-10756
-10665
-10287
-9934
-10322
-11227
-8409
-7047
-7462
-8361
-4308
-9612
-10388
-9528
-6590
-3585
-1545
4199
3548
7815
11542
12631
14374
12869
11147
13815
18986
18230
16283
18861
18691
18380
15808
16819
12742
10461
14226
11582
12990
11150
11693
6605
4782
8739
6022
4329
3616
2990
46
-363
-2411
-5040
-5365
-5345
-6689
-7043
-6144
-3749
-4800
-12622
-7066
-2444
-5085
-2813
-3294
-2068
-1525
746
2340
1595
3052
3963
1681
1427
3113
2307
3332
4776
3919
5451
5994
5095
5322
-882
-1888
-191
-254
-1263
-2800
-4361
-3819
-2274
-4003
1992
1282
-63
-9730
-8863
-10969
-11940
-12901
-14273
-14563
-15056
-16697
-19545
-14136
-13993
-16422
-17624
-19397
-22372
-12964
-5618
-6739
-3394
-4577
5297
6377
11511
9528
8424
15148
11943
15929
12105
14412
16004
18125
18412
19836
16262
12239
16360
13037
12321
4856
4853
9136
8373
6950
7602
5834
3693
3587
1001
-575
-3363
-3722
-6604
-7662
-9939
-8114
-9341
-11848
-11273
-13581
-14036
-15873
-12611
-9575
-12711
-13949
-4812
-868
-3571
-314
1215
-762
4469
8337
6345
6379
6904
6753
7066
9565
10502
11259
10331
10580
10316
8558
9975
7194
3267
952
3334
5255
3575
3914
2946
3155
1508
-1333
-1953
-2077
-4164
-5448
-6156
-9136
-12011
-12004
-13665
-14985
-11676
-15849
-19614
-18754
-18972
-16752
-10606
-8163
-11076
-2038
5886
3747
7341
12503
12642
13861
15066
14972
15761
13952
13771
14282
15568
17443
13315
12421
22809
15246
17622
19186
15606
17246
10709
9863
9826
10741
7614
5528
5901
3957
2722
1150
31
-2845
-4884
-6425
-5716
-9613
-10349
-11828
-18880
-17140
-19381
-20431
-19487
-17720
-16588
-11306
-13149
-11658
-5101
326
773
1074
3886
5787
9099
11628
9248
7928
11945
11703
11778
11853
14459
7775
7156
12942
8705
8940
9131
9576
7379
3773
4382
2280
1617
374
-1305
-1005
-3836
-3896
-4445
-8226
-9688
-12745
-12585
-15206
-19380
-18749
-20284
-22065
-20377
-16440
-16636
-15442
-13458
-8215
-2966
-1773
840
7312
9545
7918
11104
14621
16017
16367
18208
17371
16805
18678
14628
12532
16464
16846
16371
15528
14747
12328
13197
11070
9618
10323
2832
1435
1404
1963
12
-2494
-2350
-4693
-5461
-7626
-7234
-10162
-12291
-12176
-13604
-14180
-16371
-16078
-16306
-17226
-15041
-9420
-11626
-9643
-6787
-5508
-3322
-4498
5596
6525
5696
11391
12481
13747
11988
13869
15178
9712
12023
14094
11075
12827
12863
10975
10115
10322
9371
9042
8092
4634
5069
-1645
-4673
-523
-3739
-4117
-7616
-6896
-7545
-12253
-12760
-15842
-16983
-21498
-20498
-21904
-21861
-20009
-17232
-15001
-13244
-9316
-8705
-1107
-1299
2138
5056
4306
7589
12052
14240
16626
20478
18892
12115
8651
14143
15613
15848
15446
14410
14951
14482
13162
12571
11209
9707
7500
4953
4831
2617
1284
-646
-5519
-7628
-7870
-8443
-9352
-12161
-13573
-13641
-16906
-15228
-17673
-17963
-17273
-17498
-17834
-18294
-13805
-15726
-14127
-13509
-12265
-8010
-4769
-4331
-13
1067
432
6265
11394
6411
4768
11076
7579
9270
10416
11124
10743
11197
10946
8937
8455
7878
9203
8202
6695
4696
4522
2827
2809
-3
-3066
-9548
-9190
-8384
-11489
-10669
-14779
-15057
-18354
-18122
-17842
-14956
-13465
-10478
-6448
-7590
-5296
-2413
-1819
262
4559
3658
4962
7612
11365
11922
18430
12555
10125
17483
14485
18786
17429
17574
18834
18484
17844
16925
17745
14399
12985
11637
8355
7671
6466
4753
2652
262
-1062
-2936
-4146
-6403
-12862
-13928
-11644
-13448
-15728
-15742
-16646
-16469
-16119
-14442
-11978
-15172
-13522
-13134
-10983
-7704
-8056
-5728
-5974
-5730
-3367
-3971
1001
-177
-4241
5325
6784
3610
6843
7613
10035
9188
7176
8613
9203
10490
9163
6775
5937
7977
7339
6003
5543
4249
2590
1258
-828
-4079
-6769
-6883
-10783
-14254
-13829
-15266
-14537
-18508
-16296
-11811
-11603
-5620
-5891
-3976
-1075
1575
5210
4401
6986
8307
10312
10620
13353
8673
8033
14452
14398
14520
12830
13550
9754
14442
17230
15240
15863
13681
16218
15929
15076
11899
10101
9431
7140
6433
2098
30
-466
-3535
-4895
-7407
-1090
-2130
-4044
-5340
-11232
-11399
-10302
-10765
-9947
-8734
-7753
-8302
-6295
-3972
-1838
-1901
135
-529
463
964
1774
-110
-2853
2154
-3294
-4028
-1558
-480
-847
8008
-921
-1737
7459
6383
7640
4527
6862
11025
9808
5699
6629
7212
8143
7094
6180
3686
680
1324
-2445
-5346
-6969
-9879
-11497
-9300
-14227
-18335
-12329
-11707
-10159
-4559
-4668
-1046
3122
5347
6650
9605
11923
10474
14632
10447
7943
12471
10753
10881
10787
11701
10378
6635
9431
6508
8696
7622
8982
14425
9628
12460
11528
10212
8964
8633
7683
4562
3129
-343
-987
-1934
-4687
-6020
-6406
-8179
-10155
-9710
-9643
-11654
-11661
-15720
-19143
-16006
-13639
-12808
-10760
-8731
-4504
-3028
-2316
-7
-1132
-3009
-7721
-1879
109
-1408
-55
-2854
-2037
-2881
-1615
-1006
432
-4317
-971
-639
-5224
5894
3573
-1475
2260
4440
3239
35
464
3157
1546
-117
-1810
-5613
-5708
-8671
-12439
-14014
-14962
-16194
-15721
-15764
-15459
-14591
-16020
-8325
-6210
-4130
-633
1069
5673
7050
12468
9099
7526
10118
10228
10793
11429
11583
10586
10248
8523
5891
3893
4492
7066
4419
106
8986
6393
1250
5946
9851
9032
8124
9414
6145
6960
5050
2733
1516
1305
-613
-3545
-5329
-4327
-2697
-4130
-3389
-4839
-5134
-5907
-4762
-2504
-8737
-5855
-1649
1940
4035
4810
8204
1622
4341
5867
3583
5991
4704
5187
4494
4505
3760
1054
-1243
1090
649
-480
597
-8047
1369
6220
-6546
-4440
3963
4210
1137
1650
2270
3262
3625
2430
-1208
-3539
-4452
-8189
-10277
-12264
-13585
-15058
-14383
-11976
-12803
-7807
-3787
449
-2763
-3936
3650
8729
9564
6663
11528
13266
13126
13803
13025
11814
10564
11753
10368
10866
5675
3947
6565
1188
2065
-5
-2487
-572
-4460
-2156
2902
-3600
-4265
2504
2769
6894
7345
4470
2880
-89
-325
2261
-3360
-1532
-2519
-3810
-3609
-2242
-2071
-2033
-575
-779
-300
162
2370
1627
1801
1239
4633
109
176
2173
2206
1949
2018
2279
730
1028
-507
-2097
56
-927
-1429
-446
-5344
-6669
-8162
-10003
-2745
-4718
-6626
-4330
-4653
-977
1376
552
1187
1737
1281
-560
-2944
-1713
-4294
-7430
-9353
-11431
-9484
-7432
-5622
-1342
3487
4089
7757
12389
11780
10869
12247
15429
17996
17971
20254
19702
20573
19926
18109
18357
14572
18988
8459
8817
13682
7081
10739
6611
2713
106
-1552
-2239
-3212
-2810
-2363
-2033
2910
-1342
-9896
-991
-544
-7478
-3931
-5513
-9018
-9596
-8401
-8195
-9292
-6713
-7575
-5566
-5948
-6060
-5047
3960
6387
778
5475
7650
8747
8915
6120
8763
517
2880
2245
2139
749
574
862
-1844
626
-1318
-3204
-2248
-3720
-8144
-7302
-12398
-11514
-8407
-12335
-14069
-12045
-5888
-7746
-3582
-10934
-10158
2992
-943
-3254
-6082
-8430
-8063
-11182
-10553
-10521
-8052
-4041
1315
4112
4964
12425
8253
12414
16474
12496
16052
18732
20721
17737
17640
19381
16201
15910
15458
16204
15689
6680
9644
9027
5609
6820
4292
3946
-305
-1682
-4122
-4177
-6260
-7297
-8978
-8762
-8090
-12278
-7324
-3651
-11195
-15240
-2113
-4821
-7571
-5011
-6308
-5279
-6027
-2811
-2562
140
1048
1674
-1845
874
4585
4479
5955
5981
6861
9272
9002
8355
7796
2069
4914
4964
3694
2208
656
2128
829
-867
-2184
-1592
-6202
-7910
-9469
-14213
-10893
-9843
-17266
-18417
-15333
-12993
-14905
-17175
-13832
-8353
-7374
-18357
-11574
-7768
-12726
-13768
-14514
-13736
-14026
-6895
-4004
-1710
348
5922
9303
9098
9660
12933
13241
14752
19120
18082
18094
19970
19551
15299
11221
13186
12905
7503
10907
8980
9217
9344
5378
6843
5768
5157
2682
-2693
-3947
-5555
-7093
-3210
-4833
-6677
-6972
-9559
-8849
-8988
-6357
-2581
-11386
-8813
1251
-3176
-2293
660
3400
212
-1315
4544
6042
6096
7869
10043
9344
11321
10218
10544
12074
11432
11799
11988
9347
10159
5556
-1381
2141
2639
3660
-671
729
89
-6090
-4411
-6527
-5701
-8481
-15340
-16908
-13585
-10826
-14538
-17174
-15280
-12280
-13316
-13761
-16969
-11880
-4705
-11226
-16190
-7010
-6968
-8591
-2571
140
4794
6171
9932
13021
13629
18657
17705
20018
20484
22898
24018
24052
23849
22227
21127
19268
20362
17630
3158
3169
8404
8090
5927
2985
2562
5116
2866
-17
-98
-5276
-5985
-3054
-3467
-4015
-5813
-7731
-7961
-8814
-8731
-10352
-10237
-11118
-9967
-2715
-4794
-7549
-2914
211
1146
2206
2184
5259
5858
8276
12253
11685
12221
10989
11282
12763
13135
12582
12259
11807
10479
10483
8463
8107
8074
4702
1546
4494
3412
-465
-1254
-3440
937
-2236
-3280
-7117
-9864
-5809
-7235
-10785
-10772
-6456
-8536
-8102
-8586
-10587
-12234
-13432
-17117
-15687
-16173
-15694
-7982
-3169
-860
1303
3292
9123
14919
12402
14818
16219
17935
17883
19248
19117
17899
19747
16850
15809
17681
10075
9833
15897
10168
4113
837
4730
3791
1191
-233
-2054
-1530
-436
-1892
-4594
-7708
-4240
-3341
-2888
-6059
-8370
-6399
-8087
-8035
-8903
-8390
-7783
-12439
-12243
-4563
-3006
-8529
-2720
2717
3801
6256
7127
9667
10493
8412
10963
11525
11666
12013
10848
11563
11833
4570
4046
2721
2302
2594
2068
3611
-354
-2447
-7778
-6976
-1409
-6266
-7160
-8054
-5446
-4114
-9498
-11615
-7933
-7625
-6522
-5794
-9382
-9279
-10874
-11400
-18600
-22476
-17600
-17026
-16807
-15058
-8179
-4543
-3356
-38
9608
11472
10332
15006
15844
19088
18915
18841
20807
18937
19571
20540
19110
19521
13897
16895
18805
14683
14721
12495
12953
10952
5873
3776
5866
7779
5022
5057
7429
2528
670
-1490
-4942
-4509
-5132
-4670
-5550
-4316
-8459
-12825
-8872
-9927
-12387
-11727
-9852
-11274
-12101
-8127
-1292
-6267
-2988
8187
5305
5310
5194
8123
6402
4881
5511
5869
7360
6576
5954
2821
3272
3050
2829
3077
-142
-359
-2621
-1815
2986
-7741
-10259
-6588
-5222
-3145
-7517
-7052
-5452
-6967
-5867
-4910
-4907
-9582
-14683
-12250
-14679
-16611
-17652
-18053
-15980
-14235
-13435
-7523
-8328
-2330
4737
1266
6375
10516
17235
16604
18625
20500
20679
21607
21052
20000
17563
21668
18219
17142
16052
14124
16128
13080
10806
9981
10462
7899
10061
8378
1352
4948
5563
3992
3379
343
80
-3832
-4599
-1292
-10984
-9725
-6372
-9972
-9487
-11095
-12473
-14197
-14079
-14712
-14426
-14746
-13015
-12815
-9676
4011
-565
-497
9852
8442
7241
8849
9325
10309
9677
9732
9548
9280
9075
7348
6846
9874
2823
4674
6409
5158
7814
2055
372
3474
3069
-2302
-715
1331
3040
2350
-121
2483
-4458
-10539
-7966
-13883
-14569
-16040
-17312
-17787
-17177
-16274
-14843
-13817
-8175
-7254
-2864
-952
2932
9682
1336
11271
20994
18156
17953
19767
19052
17988
18974
20368
21434
12913
13899
15411
14719
15497
13674
12852
10181
13384
11974
10841
11601
11779
11378
5106
3874
7546
4026
4200
-297
-6487
-923
-593
-1679
-3671
-5263
-5712
-5239
-7777
-9530
-9791
-10686
-10317
-10318
-6138
-6963
-8485
-7082
-2610
-853
-5677
-867
6544
3423
3118
5493
5844
5187
4123
989
152
1838
-1324
2167
-998
-699
3162
-408
-1733
-3350
5764
7506
5456
4801
5204
1810
3483
4716
-2412
-4943
503
-6817
-11390
-12974
-13621
-17378
-16375
-16080
-17861
-15282
-14883
-11630
-9770
-7611
-7133
-423
1850
-1593
8879
10400
5686
13529
18375
17630
16090
16855
19456
16916
19330
9735
10720
17671
13919
16813
13194
12927
12345
12778
13988
13919
14205
13063
12134
11343
10394
4574
-3243
440
4118
-1488
-1081
-827
-2726
-5365
-5633
-6322
-8752
-9235
-9844
-10319
-11633
-11394
-11313
-11816
-8790
-9981
-10785
-7551
-8421
-5456
-5885
-6583
-3581
2906
2452
-1140
2964
1353
-1490
-327
1225
-1200
6194
4950
8401
9318
6497
5852
6473
9620
9218
6883
6815
8233
3300
4475
2425
356
1415
278
-1980
-3677
-4949
-8171
-11378
-12036
-17324
-17378
-14766
-14072
-12601
-11084
-10907
-5694
-2089
-4141
-1286
2553
3016
4702
7964
4956
8265
14039
13684
11289
16432
14752
5515
10399
10406
12979
13778
12506
12317
12784
14539
13275
14807
14136
13062
13855
4874
5022
8044
7637
2999
-1330
2336
-1896
-154
-1980
-4375
-5238
-6373
-6232
-6707
-8028
-8334
-8497
-8860
-7717
-7059
-6587
-7307
-5021
-6405
-8304
-6120
-6659
-1620
1058
-4529
-1008
4743
9566
5835
3869
6030
2462
5497
5408
6725
9007
6087
4190
6854
8821
6145
5519
-579
2581
6352
3261
4240
1473
-231
-6765
-10572
-10900
-10035
-10671
-15371
-15559
-16935
-16850
-14904
-15366
-12529
-12882
-10838
-120
1133
-4740
-5159
-1388
-1036
-2366
271
689
716
8540
3756
5647
13176
12662
5565
2941
10881
7464
12962
13362
10642
11341
11230
12862
12173
15698
8781
4804
8536
7435
7631
5566
4816
3029
2783
-1903
-6083
-4879
-5852
-5563
-9446
-8660
-7144
-7995
-8958
-9815
-10239
-9725
-9613
-8706
-7419
-9845
-8254
-12395
-10117
-6151
-9561
-8092
-8243
-1917
2375
-3944
-1047
6378
6321
3783
4615
8417
6894
10708
11120
7668
9397
12332
6079
675
7664
9216
8640
8383
8246
5732
6409
4344
614
-2614
-5845
-5064
-8096
-8693
-10589
-12666
-12225
-10328
-10305
-8850
-6717
-6321
-2571
178
808
-989
1471
-287
1076
4430
3265
2786
1823
8796
12838
4787
6479
11142
6342
11163
9474
12270
11197
10234
13628
12602
11653
3028
8806
10519
8116
7434
6406
5489
5073
4707
956
154
-13
-3828
-8278
-9639
-10902
-11622
-12257
-12641
-13019
-12779
-12089
-13394
-12322
-11980
-12706
-9159
-12296
-12087
-15204
-14560
-13011
-11929
-6221
-7400
-6195
-8084
-3242
2560
-2725
-4993
5785
6659
5190
10477
8257
10016
8185
5556
12664
10342
7835
11635
9473
10163
10126
8805
8365
6007
4168
3318
264
-2639
-4985
-5578
-7186
-11118
-9969
-11995
-9933
-8569
-8436
-5400
-6396
-14
494
-564
-263
347
1138
3590
3116
426
6083
7520
4383
4596
10729
7943
4096
1551
9201
13981
10335
13466
11295
6284
6231
12577
12274
11121
10140
7832
7055
6034
5686
4985
2441
1211
1321
-926
-1664
-4446
-7549
-11500
-13403
-11976
-12436
-12667
-13042
-12663
-12646
-13428
-12588
-11807
-11178
-12051
-12116
-9835
-12025
-11430
-11995
-10567
-7510
-3576
-1239
-4826
-3935
2100
1344
-6150
2136
10381
8330
2559
6067
12820
7791
8177
11128
10849
10957
10074
9745
7043
7028
7773
4530
2302
855
189
-2523
-6432
-4375
-7791
-14051
-12049
-13357
-11849
-11988
-10024
-7983
-9943
-1463
-824
-892
2854
-845
1279
2473
2417
2935
3473
5037
5315
5450
3987
1037
12307
8837
-6157
9487
10491
9003
13165
10820
13018
10371
9872
11620
11247
8971
8993
8183
5757
6194
4671
2553
3363
3430
187
-5679
-5466
-5434
-8586
-11913
-14604
-12813
-10032
-10858
-11358
-10169
-9313
-7262
-5473
-6833
-7056
-6324
-7567
-7527
-4900
-4279
-5016
-4067
-1286
1215
-3347
-9
1374
-426
-353
-7775
2819
13420
9321
9034
8606
9460
10145
8446
10220
9763
7857
6165
4900
2681
1822
-42
-2315
-3789
-5111
-8221
-14326
-8501
-11438
-16086
-18728
-18061
-13771
-14071
-13334
-9777
1903
4872
2937
6272
6275
7555
12099
12935
9877
11619
2192
3138
1961
7978
4189
8140
-1990
-9462
9437
1021
8696
15310
11831
11437
12624
12235
7932
10046
10165
9931
10176
9665
9246
7371
6725
5241
2199
3162
-2718
-4961
-3369
-4136
-4496
-7565
-10663
-7279
-8656
-9022
-3388
-3347
-4027
-3837
-1869
-2669
-1408
-1628
-1899
-1328
377
-926
-1342
-657
-1481
1556
-2265
-3152
-6979
-4531
2837
2214
-3493
2415
9313
6263
8225
7945
7167
3482
5137
6010
3001
1949
1568
166
-1592
-1242
-3269
-9200
-11976
-11715
-13178
-12648
-15058
-16794
-17507
-15849
-10791
-6838
-5565
-2675
-108
-950
2712
4493
5202
6283
7307
6898
8295
7884
5758
6709
1124
-2146
6574
1224
-4365
1040
3858
7776
981
9401
11953
7559
11760
9343
7504
6554
6437
6805
6659
4036
4237
2157
1439
-362
-2266
-5689
-8455
-8022
-8672
-9125
-8053
-12058
-13664
-8350
-10735
-7343
-5186
-5450
-1382
-1186
-455
-1603
-1480
-560
1187
1120
-325
2202
-3832
-2309
338
-2596
-1672
-2802
445
1236
502
4758
3072
1155
7226
11185
8454
8181
9809
5950
3740
3485
8457
6151
3049
3702
3986
2134
-2208
-6624
-8172
-7195
-9915
-9706
-10669
-5034
-7508
-7868
-4493
759
5100
2848
7084
9729
10455
12490
13351
12484
14542
11003
9751
9944
9207
10005
8190
4841
1087
1564
7125
4810
4975
9584
4667
3001
7214
12519
8750
7752
7360
3959
4024
3442
3481
1651
-1447
-2380
3569
1884
-1134
-6861
-3061
-4728
-5246
-972
-5606
-2392
-3786
-8047
-5614
-2105
792
293
2164
2206
2577
3661
6276
1265
-2101
2314
2769
2071
1031
442
-450
-2806
-2684
-16
-3158
-6607
-6027
-3999
1041
-4671
-6437
1664
4449
-52
353
-109
1341
-943
-1857
36
-554
-2176
-4184
-3088
-6761
-7936
-11470
-13531
-11383
-13057
-8651
-7512
-5695
-4671
-3907
700
1898
7632
9299
13576
12480
8448
11228
13861
14589
12689
11539
12115
9551
10570
8968
-2239
4871
6348
6245
7362
5888
6049
9957
7604
1735
10769
10524
9048
7377
8529
8762
5928
4083
4515
4311
2304
3147
605
-1196
-4618
-3763
-2703
-3592
-2888
-2080
-1488
-3323
-1027
-5518
-4170
907
1595
2267
-2644
1270
3160
1457
499
-1589
-2572
-927
53
-3588
-5889
-8478
-7370
-6957
-9240
-8258
-6692
-7778
-7151
-6443
-6002
-6466
-10163
-3831
-841
-3235
-2071
-1929
-3043
-4852
-5494
-6708
-6828
-6806
-7282
-8469
-12028
-10345
-7510
-11247
-7860
-6586
-3852
-2620
1079
4459
3334
3218
5204
15301
13102
13445
14227
12840
13857
14290
13412
11444
10755
13445
3038
-109
8265
5234
7386
2054
2184
4114
986
1459
5002
3944
-1427
5730
10249
5604
5455
5368
5307
2877
2497
2356
2084
751
-4586
-1343
1404
1006
-1511
-322
-52
452
-490
2454
2607
-3235
-1949
-264
2936
2386
2701
1203
1491
1682
-849
282
928
-882
-1579
-4126
-7392
-4827
-7122
-7623
-6474
-7331
-7689
-8694
-7592
-10074
-8267
-7028
-5918
-8142
-6767
1778
-2639
-3022
976
-221
-4068
-4944
-2774
-4091
-6438
-5355
-6258
-5000
-6209
-5550
-4342
-752
1191
-4017
6333
9522
6647
6863
6883
9683
11808
12367
10151
9352
9498
8976
8774
8300
8087
-838
-2294
2677
325
-76
-2532
-4013
-4382
-6893
-6290
-6198
-7338
-4019
-5034
-6926
-6761
1337
433
-3771
312
-481
-1572
-1617
-2142
-5394
-3885
-1064
-2476
-1505
-766
1201
-750
-5661
-41
1317
1507
3791
3336
1005
1227
4699
3348
1562
2115
2726
3674
3767
871
1998
810
-3694
-2931
-3623
-3066
-3950
-5960
-5507
-6715
-7090
-7185
-9499
-6972
-6707
-7581
-3513
-7250
-2544
4354
1644
-1219
1714
1376
-2431
-4055
-4377
-1824
-1202
-186
-1243
-867
-3966
-1791
3952
4568
7705
11034
13507
14983
13995
9642
13410
14520
14539
14082
12270
15404
12596
12773
10433
11100
2560
861
6550
1016
1538
-2281
-3564
-4270
-5395
-4414
-8043
-6758
-6388
-7554
-187
-8158
-7271
1685
-556
-1753
-2186
4531
554
1447
1536
3332
4059
3930
-275
946
5416
4695
4982
2646
4365
5038
8050
7781
6906
4349
2540
4703
3158
2842
-2384
-1764
-3407
-3120
-4806
-3995
-7749
-6947
-6031
-8664
-5695
-6714
-7844
-9298
-9180
-8992
-5742
-6567
-6149
-6240
-5394
598
-3022
-3031
3055
5268
3158
2897
146
-2259
-1055
3203
986
-1588
165
-932
2225
4147
6848
7933
11792
15932
15863
15381
15121
15403
16648
16633
15920
16651
15391
16153
15948
15238
13099
13916
7217
1246
6097
3130
806
-1525
-5082
-6137
-6992
-8375
-5600
142
-1507
-1634
-941
4344
225
-844
7589
8368
5679
6411
2945
2293
98
1102
4685
3743
4089
3750
3437
4683
5140
3467
5435
6510
7260
7558
8199
5916
2194
2077
1458
2612
4347
2565
1767
2238
1772
700
-4385
-3053
-1555
-9752
-8546
-10732
-11856
-10983
-10867
-10583
-11517
-8083
-5716
-7952
-5587
-1117
707
-5115
1295
8141
6970
5607
-4197
-2351
319
-1822
2387
3737
-222
-1379
1784
3406
6749
7387
11489
15593
14692
15542
12997
14823
17297
14752
14701
14381
13170
13604
12831
10762
11985
9938
1282
3837
4668
1568
3101
808
-576
-2106
-3649
-3808
-2083
-3261
-522
-858
-5004
669
1425
-4358
3254
7214
-1254
-1167
189
2247
173
-2645
-217
863
1468
733
68
2256
1774
995
2779
1561
3956
2678
3474
3801
70
-2172
-2629
-589
687
635
-1888
-568
-1467
-2060
-6167
-5816
-1600
-2659
-2896
-4525
-4195
-4993
-5871
-4591
-4910
-5986
-4588
-3684
-842
-4593
168
4482
-6724
-1262
7413
2186
-660
-427
-498
-244
-4235
-2842
-3030
-2803
688
3121
4678
4875
8992
9983
10569
12352
11140
10959
14120
12801
8442
7978
10827
9469
7525
6156
8286
4988
-876
5233
2836
1884
1295
-1872
-979
-1691
-1315
-2946
-2671
-4156
-4846
-1938
-1773
-2713
-7141
-366
20
-9410
721
597
-4963
-2508
-3587
2307
2346
1833
367
1591
4516
6200
4741
4707
4143
4554
5462
4999
5730
4377
2114
4816
2982
-2272
706
1535
1048
-718
-570
660
-1092
6
775
940
385
67
-25
-271
-146
11
-1263
-9340
-6759
-12384
-13345
-3970
-6927
-8135
-2252
-5305
-12819
-5890
2543
-4744
-4713
-1266
-4643
-4915
-6048
-3806
-1584
3093
6210
6536
9070
11385
13035
14163
15753
14556
14973
13675
15158
14799
11837
9127
9785
13931
14226
4729
7022
11703
7870
11773
6364
6581
6254
5018
6816
5400
6576
-366
-481
2191
-1975
1985
3133
-3112
199
1787
-6357
-6989
2497
2686
-2572
1460
369
-658
-1515
-2061
569
503
612
704
1722
1978
2005
2776
3698
1268
-424
-1463
14
229
2561
989
-6408
-1611
-544
-2958
-771
-59
1463
1075
16
588
114
117
295
-4153
-3821
-764
-4202
-4149
-6100
-5839
-6777
-5370
-4549
-8700
-5151
-10876
-8579
-5069
-4350
-4374
-9057
-7320
-8598
-6672
-5938
-2621
-718
2207
7648
7458
7051
7349
7586
8749
7361
7560
16769
15999
15585
16213
13464
12294
12852
5
5860
6576
5107
8744
4325
6730
3495
-148
2976
1500
1390
1365
-383
-2012
-2742
-1482
-3854
-5341
-3611
-8577
-7572
-1150
-4617
-10098
-3916
481
-3991
-3273
-881
-2416
-1655
-1156
-2505
-2303
659
2575
53
2562
376
-867
3534
1437
-1125
-1371
1758
899
880
2225
-7764
-4953
-1191
-1678
-237
-943
5461
1899
6243
5074
4875
2540
1498
1328
-889
-368
-3307
-2832
-3441
-3416
-7915
-6846
-5848
-10454
-5386
-5496
-19633
-15455
-9959
-13365
-11627
-9480
-6220
-2549
-902
1724
5324
7680
7584
12328
16267
13185
15404
17902
16660
18549
16474
18429
17819
21226
14240
5648
14337
14690
10133
10129
14135
13005
12526
10756
9738
9162
6152
6370
4342
2365
1263
916
-925
-3249
-5218
-8892
-8477
-5893
-5204
-4159
-6858
-10946
-3048
-1109
-4370
-2514
-1682
-693
-3303
-2125
-2769
405
3613
1641
3071
2164
3713
2612
1572
1641
2617
3433
2702
3641
1281
2697
-7
-978
7869
6147
6211
5384
7431
7747
5221
4070
3198
1524
716
330
-1756
-2409
-4342
-8322
-9759
-8388
-5441
-13328
-13485
-8577
-9635
-8510
-16230
-13060
-5738
-7615
-4317
-186
1050
6061
7010
8706
12098
12245
16030
17951
19622
18942
18744
13169
14740
14533
15740
17107
6257
7518
16636
11096
7618
10274
10547
10545
10037
9545
7831
7204
6774
4291
4191
3480
2930
-342
-1043
-6839
-9989
-6484
-9390
-8540
-12009
-10793
-8276
-8799
-7773
-11088
-10761
-5042
-688
-2499
-790
-274
170
2975
4749
4930
8183
9672
10145
10577
8690
10202
10410
12369
6722
10291
9735
7839
10587
7411
6954
2653
6447
6628
5647
4431
5473
4256
748
222
-1894
-3330
-3804
-3469
-8443
-11651
-11951
-11753
-14873
-15286
-17185
-17227
-19581
-19614
-17198
-19068
-13017
-17517
-10715
-1390
-3385
1751
3371
6175
7753
10435
12900
13767
17514
17639
19430
13816
13379
18377
16336
19591
10991
6465
14259
12068
12310
10309
2047
11103
12608
11497
10956
10306
9008
7184
5865
3546
2789
-1368
-3780
-6157
-5247
-5433
-10393
-11748
-13092
-11732
-11914
-16149
-19719
-17289
-16584
-13292
-19069
-10950
-3581
-6187
-2411
-988
2358
3184
3876
7216
8860
5186
7777
9405
8906
9393
8820
11893
8083
6470
9721
9211
9789
9201
8279
6804
1968
6003
6376
2943
2951
2998
1355
-576
-1761
-3972
-7362
-8498
-6993
-8050
-7639
-12508
-14693
-15920
-16491
-15242
-16962
-16869
-15850
-13449
-7780
-6107
-7628
2236
8212
7804
10871
15122
14723
13155
17372
19329
20146
21775
19390
20387
19020
21872
15932
8537
17121
12517
13056
12876
10795
11445
8288
6887
40
486
2112
-1224
-833
-2430
-3037
-5026
-10929
-11489
-11943
-14500
-16618
-18091
-16264
-16642
-21353
-20214
-19177
-19808
-15621
-17452
-14126
-11857
-9060
-6697
-10438
3142
3178
640
7385
7253
6954
6487
7199
9295
12838
11233
10061
10833
10090
7758
9204
6063
5785
5492
3519
3392
3053
3689
518
1039
-3112
-1178
-1325
-6248
-6744
-9324
-10391
-12912
-12230
-12470
-12618
-12532
-15570
-16739
-18241
-19194
-21626
-20903
-19728
-19760
-14077
-13130
-9435
-3469
-2808
-2198
960
11517
14311
13003
15708
19304
18625
19392
21137
22180
22599
23845
22920
13388
18446
18327
17184
17323
14909
16192
14415
14389
11781
10573
7667
4912
3812
3079
-591
-2245
-1292
-1940
377
-3239
-5152
-6039
-10685
-9093
-8009
-11255
-9613
-10042
-12872
-10076
-9217
-5569
-13964
-9797
-4300
-2990
-3556
-6232
6163
2102
4371
4355
12039
12455
12250
15118
13435
16233
12334
9032
7811
8043
10561
7309
3510
6193
8111
8173
3221
4338
4529
-27
1937
991
-2715
-3334
-130
-4028
-6469
-6299
-7670
-7250
-5582
-7127
-9814
-8851
-11804
-12398
-18561
-20717
-22292
-12985
-10301
-8957
-4825
-3257
6168
9243
5211
8141
18413
18996
18952
22852
24400
22940
23479
20096
24586
20539
14760
20968
14938
16537
14992
14851
13951
12534
12777
10199
10022
8133
1681
-2593
1773
2001
1670
1258
-1127
722
631
-183
-1189
-6180
-6942
-9138
-8776
-13845
-14973
-11793
-11748
-8594
-13569
-14423
-9837
-6786
-6890
-3728
207
-4937
-6567
4110
6872
2226
4233
4692
5422
2660
4166
5082
881
3247
662
3282
3063
-3520
-2586
-2176
260
-1660
-4489
744
-596
-4973
-4756
-4599
-2832
-2343
-5033
-5131
-6046
-6591
-7621
-4242
-7079
-14777
-11228
-13607
-14915
-15487
-15568
-13593
-10973
-7293
-9036
-8450
-4339
-1082
719
2342
8616
3298
4004
16415
16731
15203
15838
15927
13718
22682
13685
15495
19224
15218
17216
12924
11448
10403
12507
13703
13368
10139
7483
5038
9695
9498
401
2469
2920
3957
-4168
-2708
-2937
-9981
-7738
-7132
-8654
-11851
-11350
-10911
-11764
-9592
-10527
-8507
-7984
-4284
-4739
-6710
-3250
-1659
-1064
4273
510
-3901
7605
10832
8193
9500
10772
11507
7816
6995
7657
3112
5116
6270
8013
5494
1729
4266
6124
5379
1344
1293
7980
8502
5807
4158
-223
3029
-230
-4660
-3135
-3730
-4649
-7773
-11044
-10501
-12504
-15306
-14172
-13578
-11322
-10430
-10096
-6205
-6356
-5037
-640
-1868
383
2276
1593
6162
6357
5018
8788
18461
16219
13413
12985
3315
9543
11266
11364
10432
10259
12224
12079
11779
9365
9336
7721
8940
9003
8515
7774
8919
2795
-1031
-96
462
-509
-1377
-1622
-3248
-3893
-6938
-7631
-9873
-10336
-11455
-10240
-10963
-14371
-12079
-12441
-11024
-12145
-9109
-7489
-11294
-9888
-3445
-42
2190
-1940
2698
9373
7692
5423
6075
10462
3726
3251
7921
8717
11160
6340
6416
9968
7661
6399
5510
9277
11344
2204
10500
9276
4425
5245
-7273
-8979
-10375
-7227
-11439
-11230
-9877
-11012
-14354
-14382
-13878
-15137
-11349
-9784
-6923
-5725
-5357
-1540
359
618
1656
4297
5320
5302
6467
8190
13417
8288
10192
19510
15032
8917
15316
15310
15562
19220
18074
20130
17589
16849
13934
16259
14287
8401
12600
13305
11255
11991
9593
6891
7131
6244
432
-2697
-988
-2417
-2273
-3424
-4829
-5005
-7893
-7481
-8074
-9964
-8727
-7805
-7661
-7798
-7551
-6692
-4173
-4002
-4736
-5733
-8193
-8338
490
4842
560
-2625
7119
9544
3453
5818
5192
12302
9869
8489
9756
10846
8578
2629
6582
8190
9214
8818
10041
7365
6258
3948
-657
-247
-3352
-5391
-7519
-11427
-10430
-11023
-13445
-14817
-16707
-15264
-13695
-12922
-11416
-10509
-8573
-5938
-3392
-3268
2075
2995
3912
6771
8321
5762
7177
9322
9199
11390
16265
7762
10356
24421
19466
20248
19886
22241
17020
9945
16895
15986
15695
14578
14610
12964
13125
12449
10908
8676
5739
6885
4564
2012
698
-1218
-4789
-4348
-5868
-7621
-14935
-14629
-14953
-15121
-15467
-14796
-12791
-13936
-10190
-12425
-9507
-5392
-7406
-7617
-7642
-7248
-6293
-1744
-1266
-285
3398
3029
-4097
1036
11766
12612
6983
6033
9570
9422
11690
10574
7438
10419
11898
9202
12176
10053
7006
5400
4296
-478
-2986
-2944
-5375
-3879
-9494
-9875
-13361
-14308
-13769
-15364
-12260
-11280
-9420
-8729
-4884
-4406
-2965
2688
1310
1685
5228
2290
1722
5358
8966
6192
8853
8110
11119
8839
5169
16513
5314
9460
22224
18452
16997
15209
14863
17358
16857
15005
14010
13919
13938
11379
10234
8614
7822
5309
3990
1278
-189
0
-1473
-2951
-4700
-6135
-11648
-11225
-9169
-10317
-9314
-11282
-4519
-2677
-6524
-1835
-1432
-2763
-3163
69
169
-3132
-585
459
1087
1055
1118
-2920
-10301
-2836
3530
3584
-3611
-252
10974
5138
2470
2704
5668
3296
2856
13141
9385
9248
7573
5547
2988
-210
-2194
-600
-2531
-4606
-3589
-8092
-6125
-6879
-10597
-10822
-12470
-10431
-6460
-2222
-371
2242
4478
4749
4573
10171
14069
8972
11876
12425
15749
14301
14737
10541
7864
13951
3892
11586
12323
9492
13195
15070
8369
5672
16515
16122
15305
13478
14781
6457
4901
4185
3089
1765
1480
-1896
-3035
-5113
-7587
-4018
-7263
-8618
-10793
-11512
-13850
-11565
-8873
-10583
-11012
-11115
-5649
-7117
-3459
2258
837
2606
2111
2599
4035
4013
6286
488
2183
7365
2474
911
-1017
-834
4974
3389
-1118
1262
6291
5411
-4452
7104
14601
7800
11160
11041
10358
7581
4036
6265
623
-1537
-1384
-4595
-1989
-4891
-6813
-7796
-8985
-9993
-10214
-9965
-10822
-7468
-2988
-7113
-1908
4944
2984
4863
7689
12683
13083
15401
14675
9713
15231
15841
14900
15920
15896
13341
7430
11443
10606
7914
8551
6765
2995
6486
10854
5152
4364
12879
13392
10056
9347
8601
9130
5085
3907
2246
-1479
370
-309
-4903
-4407
-8202
-6754
-5804
-10892
-8129
-12034
-11860
-4117
-5786
-5882
-2398
-4999
-3980
-2060
6277
5014
253
5636
6646
5720
7506
7042
7194
4821
756
364
1913
3924
1891
-3552
-5874
-2353
598
-4043
-22
4488
-935
1805
10122
7213
4037
4801
2751
299
-2756
-4338
-4511
-6170
-4382
-3350
-4706
-5078
-12410
-15486
-16658
-8932
-7429
-6798
-1779
1239
4362
5920
7537
5229
7221
13163
14235
15890
14971
16161
16143
18300
15820
13781
16503
8537
11851
12422
8622
10218
5249
2864
1075
2627
4418
1066
1944
6251
703
-180
7385
6244
4024
410
-436
-1968
-1088
109
-5221
-4746
-6164
-8133
-4665
-5307
-6463
-5429
-4223
-2585
-1239
-717
441
-851
-2099
3279
2849
-257
185
2021
1632
2487
1982
2880
3374
-95
159
-3481
-2711
-2403
-6540
-7389
-7142
-7535
-9069
-8741
-8452
-6557
-5601
-7431
-3605
-3606
-11509
-9500
-3196
-7317
-7380
-4586
-5558
-5352
-7189
-6368
-4140
-5468
-8630
-7571
-7514
-4742
1758
1793
2059
5119
9741
12086
11869
14680
15471
17539
19311
15974
18000
19512
18839
20635
17178
18128
17422
10106
13089
10998
9031
8750
4054
2476
2138
2564
-425
-623
-2993
-3391
-2600
-8810
-6064
-2808
-4540
-7628
-1379
2268
-5894
16
-689
-4747
-2384
-2826
-3572
-1793
-2649
825
-1669
-3129
4597
2819
4826
4291
4533
6929
6794
6009
7731
5704
3045
4113
5828
6490
4397
743
-1789
-1518
-1121
-101
-6042
-7691
-6497
-7882
-9516
-10391
-8092
-10193
-12127
-10751
-14632
-13096
-11216
-18620
-11683
-12425
-20761
-9478
-4812
-9641
-10753
-8903
-1583
-1418
-1576
-3387
-11263
-9170
-3168
-331
459
3085
5019
5674
9501
10916
11651
14137
15532
16087
15174
14204
12061
11858
14262
13628
9019
9311
9510
6897
5709
2477
1040
1585
1707
-582
-3443
-6566
-5485
-3405
-6811
-8395
-7697
-10158
-7660
-5616
-4894
-1639
-9020
-4389
1503
-1171
-721
-945
95
-47
455
1179
2150
4292
5122
3625
6070
6085
8005
9127
8349
8392
7581
7839
7269
7327
8288
6661
1821
1297
-696
699
1282
-2594
-5696
-6333
-5880
-8023
-8851
-9114
-10552
-8080
-7209
-11557
-11803
-14153
-14108
-14861
-14824
-15187
-16418
-10407
-9275
-12991
-15039
-8157
-5406
-8683
-8145
-10123
-9103
-4586
-1857
561
2475
5701
8057
9550
13308
14480
15132
17088
18411
18152
18848
18142
17394
16799
15680
14123
9208
11004
10231
9493
7661
3662
4313
2945
2441
3394
1134
-1563
-2303
-6794
-3761
-2821
-4417
-5535
-7485
-8769
-7570
-4870
-10816
-9180
-4909
-8235
-11238
-3128
1065
-2331
-767
-221
1130
2777
3516
3385
5326
6661
7532
8012
6609
6983
6737
8043
8222
8755
6960
5696
5095
4713
6514
1627
19
-1185
-2616
-5493
-4274
465
-2937
-3305
-2206
-4510
-1711
-1442
-5850
-5016
-7151
-9153
-7383
-10084
-12844
-11247
-9221
-10955
-11976
-9083
-7752
-14238
-12750
-7125
-8140
-3514
45
2434
1081
4742
9891
11903
12746
12059
14668
16578
15597
13735
13683
13603
14285
12786
10427
8779
8806
15031
12493
6742
9558
10014
6367
9035
7083
5508
4893
4833
3881
3556
2179
220
-260
-2112
-3062
-2941
-5822
-5424
-13434
-17597
-13442
-14785
-15180
-11549
-11229
-12128
-10217
-3100
-819
-765
-697
2607
3075
3217
5900
5860
6523
7379
8477
7568
8359
7688
7751
6637
6614
7428
4875
1793
2733
8000
-2315
-2506
74
-1748
3364
1941
2786
542
-400
-1229
-1171
-3556
-4137
-3754
-6947
-9016
-11131
-11408
-14889
-14658
-14936
-19808
-14832
-16870
-21419
-13527
-15973
-15320
-5242
-571
-947
2722
13215
14098
14601
15216
19027
19144
17479
19244
20563
21033
19722
10011
8313
9380
12573
9056
8959
8415
4802
4794
6406
7082
4033
4020
5009
4911
1648
1293
2602
550
645
495
-361
-1909
-3942
-5806
-8709
-9853
-9518
-11853
-11295
-10556
-12474
-9337
-9605
-6307
-3826
-6653
-802
3602
5263
5214
6906
5799
4266
8347
9849
9479
9376
8205
6478
8177
10564
7111
7377
9439
7314
7587
5046
7040
7935
4689
5109
2795
609
2908
2139
2843
1662
-521
1574
-2644
-3515
-5120
-8944
-7836
-11227
-14132
-15288
-16429
-14204
-17390
-18898
-15047
-13224
-10965
-6802
-2095
508
-89
7190
14049
10780
14118
15769
15702
15861
15174
18877
19094
17540
15892
15823
17043
14982
12608
16109
15422
10611
10824
10601
8201
8734
7042
3167
2571
2445
2621
-86
-595
5260
3170
1452
-2311
-3753
-4169
-7062
-6746
-8175
-11015
-9099
-12800
-12392
-13213
-14716
-13041
-8083
-6886
-7337
-4539
-1353
-2205
-3022
8246
5555
3170
8629
9231
8100
6099
7985
10155
9382
10893
11428
12749
12418
10280
1550
694
4117
3936
4180
3220
4500
4399
1742
2465
1319
-20
807
116
-2840
-4511
-7413
-8896
-7644
-11062
-11924
-12619
-11727
-14290
-16258
-13496
-12990
-9090
-8099
-5383
331
3608
-385
10163
9343
3638
16567
17564
17882
16476
15857
17951
18276
17964
18226
19975
20395
20104
17737
16182
14217
13838
14777
14612
13792
12174
13095
12147
10806
4959
3223
3872
2279
1030
-3738
-1898
-3745
-6176
-7746
-10616
-9858
-10386
-10679
-12528
-14978
-14149
-13766
-13594
-13795
-13037
-10768
-10408
-9958
-5852
-7892
-5292
1937
-5640
972
7481
3940
5232
8525
9603
7247
8068
6070
9480
11310
8482
4357
5846
6931
7115
8474
5855
4917
3142
1842
1863
-1876
-7135
-5815
-7113
-6254
-10502
-12692
-13879
-14715
-15219
-18829
-18045
-19701
-20711
-20597
-15788
-15618
-11788
-10933
-9316
-6530
-7078
-3345
-2004
924
2850
3231
9594
10582
4487
13955
17735
16330
15945
16033
20800
16978
15135
18141
15407
14399
16818
15559
13926
13076
14122
13106
11099
9363
8593
6536
6474
1765
-2053
367
-1443
-3637
-6277
-5663
-7401
-9895
-8973
-10249
-13886
-12155
-12487
-12501
-7703
-9988
-12374
-8749
-7070
-9441
-9584
-7188
-8649
-5773
1331
-2265
2211
2179
-4641
6839
9544
6361
7371
6021
7428
6780
5698
4332
7631
8408
5235
7202
5230
4057
3283
1705
262
-1276
-2772
-4861
-4850
-11435
-12212
-12931
-14604
-17352
-18290
-16611
-19722
-16943
-21297
-17011
-14718
-14924
-11826
-6732
-966
-3739
-836
-595
-384
1303
5684
6534
7139
9495
10943
15005
11802
8868
16849
21751
17108
17988
17182
15472
13470
11666
13095
12809
14489
12371
10370
7708
5945
5026
2080
1286
-632
-1998
-2404
-4397
-11042
-13078
-11563
-13765
-14729
-16550
-15311
-14047
-18928
-17846
-17404
-14682
-11881
-14772
-9031
-9643
-8539
-3291
-6036
-6427
-4084
-6336
-3736
-774
-2184
916
1765
7661
6288
2104
11951
16764
12199
9542
9247
9466
10807
13829
14587
13291
10250
9610
10039
6822
4992
2720
3503
1196
-553
-2154
-4363
-7956
-11063
-12070
-13408
-11473
-13416
-13588
-11992
-9314
-7668
-5343
-1852
-1924
1913
6519
6448
7828
9480
9329
9466
9335
8442
9935
9992
9218
8800
11670
16913
13977
8030
13321
18450
11805
12048
12277
11194
11112
8447
9748
8753
6051
4463
3238
1291
-395
-2823
-3348
1226
-956
-1499
-4225
-4873
-10872
-12094
-9919
-8271
-16800
-18422
-15875
-14918
-13126
-12788
-7208
-4520
-4675
-4868
-5723
-4801
-5520
-2459
-59
-2179
-1571
-1633
-1487
579
1872
2371
3368
6804
2110
-1986
7144
13911
8927
8235
11010
10593
7616
6406
7459
5974
3665
1845
2320
-241
-1178
-2371
-4407
-5136
-6435
-12537
-10976
-12313
-16826
-13030
-13746
-12125
-11507
-7464
-5126
1685
3506
3030
7828
7018
9139
9846
11069
10195
10378
9978
9479
7746
5501
4056
5168
6415
8695
5466
5236
7770
225
9714
12365
7802
13874
12690
12142
11063
9896
7839
7016
5390
4995
4246
1509
-86
283
-6037
-2737
-3569
-9385
-12565
-4904
-10010
-11889
-13387
-4219
-3961
-1999
-721
1174
1860
2914
3695
-5486
2710
-1808
-559
-2459
-2561
-3154
-629
-1127
-4668
-4749
-5116
-2965
-4145
-5987
-1984
2652
-2891
-895
7753
5606
3841
3352
3047
2955
1605
-1575
86
2308
-467
-3218
-4302
-1549
-3852
-7379
-9161
-9570
-11852
-12110
-6785
-10530
-9535
-3003
-2063
2275
6329
9070
11333
10631
13696
14351
14594
17473
16745
16807
14981
14192
12839
11344
11731
12490
10751
7771
4890
5388
6521
8549
11828
7132
5256
10111
13727
9172
8023
6633
6115
3601
3908
4173
-3340
2711
2722
-1251
-942
-3274
-4503
-6140
-4803
-2785
-1687
-1809
-3156
-5300
-1888
3620
2367
2853
3557
3554
4221
2598
3659
2395
1394
2335
517
1698
1057
-2724
-6593
-5028
-3593
-6961
-4086
-6043
-2447
798
-722
1913
3543
-2129
24
4760
4542
870
241
1255
-453
3705
1906
-3559
-955
-1832
-2816
-3682
-5722
-6189
-6776
-6750
-4963
-3716
-738
2984
339
3819
3669
5557
5640
6806
7819
10050
11693
11552
12764
10074
9629
8851
7778
8255
5906
4775
3057
2345
-1846
-2130
-1541
-4398
-3104
-1456
128
1142
-4866
-4405
3876
-3923
-1844
590
-2887
-2392
-4508
-5236
-6634
-6358
-5961
-4854
-7039
-6419
-6486
-5144
-5052
-5299
-3636
-5105
-1223
575
-2900
-423
2638
1112
2662
2726
3406
4779
2681
2935
2712
2629
2762
-525
-782
-631
-984
-6222
-10622
-5995
-3173
-5794
-8923
-6182
-5804
-4664
-2249
-7218
-8349
1090
1198
-2904
-115
-847
-917
-3490
-2816
-2334
-4614
-3990
-6123
-7266
-6444
-4910
-3272
-132
1882
3335
6834
11867
11486
10742
13220
15147
18197
17604
20231
20391
18789
18312
16514
14958
14451
13770
12630
11995
10105
9748
2439
77
3823
3408
-904
-4282
-2321
-2932
477
5742
968
-3327
5271
5836
2483
2698
352
1846
649
-1682
-1405
-1751
-2303
-1873
-1713
-1481
-2011
-1723
-2582
-426
-67
1341
2110
2970
808
-2946
376
725
8374
4906
4960
5364
4807
7366
3541
1137
1199
1974
3119
-2649
-5964
-3946
-4401
-5086
-5794
-8235
-5438
-5503
-8598
-6749
-1752
-2394
-9903
-1885
5272
1469
655
724
-848
-124
-2679
-3482
-4366
-5297
-2926
-3826
1004
2663
3889
6935
10814
5339
6902
10197
11510
13242
9240
12309
14947
13802
13003
11143
13252
11849
11561
11465
8500
7871
7614
5680
286
606
2556
-3126
-2397
1484
-2497
-2343
-4440
-5229
-211
-834
2769
-5410
2665
10261
342
3688
856
2521
-507
-2095
1798
1174
1998
1119
2773
3005
2913
4373
5989
7273
7255
6988
6690
7623
6473
2795
3469
3078
3635
3951
3700
4013
-1578
-1149
-97
-796
-3713
-7766
-7348
-8411
-4564
-4917
-10454
-7875
-10245
-10911
-9496
-10900
-7347
-8665
-4621
-2402
-9161
-7790
2174
-625
-5179
-4039
-5828
-6669
-7962
-6397
-5759
-3887
-1181
2407
4319
6680
10026
10824
11464
13569
14975
16604
17017
15405
11844
12768
14445
12639
12414
10066
10317
7720
6324
6344
7130
2105
143
2723
445
-430
-3102
-2991
-3494
-4443
-6922
-3699
-3116
-5144
-3420
-1377
2089
-5129
-2751
4062
509
-3021
-2209
92
-1496
55
-424
2986
4510
2644
5215
5776
6199
6678
7152
6690
7017
6911
7327
8263
4094
582
2731
4833
5771
1340
-1153
-557
2333
3367
-895
-4291
-5891
-2775
-3561
-4699
-5390
-5705
-5582
-5974
-8951
-9900
-9345
-8877
-8876
-10046
-7166
-6583
-11455
-14133
-6060
-7235
-13540
-10500
-3888
-5105
-2373
525
2497
3961
8926
10970
12852
14925
15672
15956
19628
20306
17729
19468
18562
19809
14875
13831
13809
11402
12757
11454
11255
12605
10214
7673
5970
5749
7223
4406
4132
3097
1454
-341
333
-391
-2865
-2807
-2831
-1951
-5089
-3312
-326
-7568
-5026
-4014
-6762
-7030
-5668
-2662
-973
-3355
-1716
1377
825
4336
6958
7163
8308
6146
7163
7637
7123
7766
5399
4820
5431
1179
5129
7334
440
1898
3919
3390
1571
-3046
2063
3086
1312
2275
578
2706
116
-1567
-2998
-1790
-3345
-6447
-7274
-7312
-7166
-9302
-7911
-6253
-6995
-13845
-7508
-3525
-8355
-5422
-743
3119
2994
6041
8376
11677
13748
14642
17876
16893
18969
19836
19389
17879
17259
14097
15933
16773
7520
8210
12314
12537
7619
11801
7896
3389
6539
2225
7617
4694
5250
4377
4206
4118
1855
-189
-767
-1539
-2918
-6788
-8089
-8974
-9035
-7860
-4444
-7033
-11085
-296
-1444
-2161
-1703
-950
-252
-422
2149
4855
7476
5594
8175
6485
5639
6493
8538
6746
6774
7568
3339
5806
7415
2714
2505
5690
-40
-502
-4522
-4177
-3107
-1900
-1880
-2143
-1512
-3452
-4186
-4722
-6440
-8746
-11325
-11720
-11687
-13889
-14774
-15265
-15176
-15219
-17162
-14723
-13032
-16686
-9446
-295
-2224
1419
5587
7375
10512
8733
12923
15704
15984
20093
20055
18744
19765
19239
17512
18066
18847
17355
15453
19438
19485
16994
21370
17425
10060
12839
12679
8817
7786
7235
7224
6466
5780
4708
2821
2201
-1999
-4886
-8481
-10644
-11774
-11553
-12855
-15213
-13748
-18096
-9909
-9447
-14181
-7840
-6913
-6814
-5171
-1935
-2070
-1798
320
2240
-163
-1508
3507
2345
3263
4253
4298
1598
140
6319
3230
2790
1227
4582
9760
10144
3502
4667
7666
6157
7024
6419
4754
2142
3527
2001
-2250
-2629
-4089
-5668
-15139
-17529
-20016
-20463
-20823
-21747
-22683
-22459
-20730
-17970
-12966
-10186
-8304
-1386
3352
2718
4770
9100
9841
11166
17048
15520
16378
17657
17264
16114
14582
22036
20991
19492
19672
18508
18912
18785
16551
9676
9627
12709
12294
9411
7375
7894
6777
5158
5493
3977
1172
-1177
-2530
-3749
-5580
-9252
-11768
-12361
-14623
-14986
-15723
-13481
-15067
-15095
-9667
-7174
-9019
-9830
1933
905
-334
6489
4662
3394
3482
6785
9425
6926
7999
10242
7357
8498
9334
10071
6767
3581
3340
4462
14958
5242
1426
9404
9215
8827
6332
5645
5978
3751
4241
-198
-1618
-5028
-6039
-6513
-9271
-11118
-14340
-14852
-17367
-18308
-19030
-18065
-15861
-12474
-10795
-9762
-2612
-5641
-8995
1818
7981
3357
10905
12983
12637
13077
15597
18738
17738
19338
20759
20091
18342
19678
21225
20678
19143
17620
16433
14524
10792
7915
10578
8911
7947
5999
5871
6221
2344
833
-1778
-1775
-3527
-4656
-7078
-10146
-11398
-14323
-16281
-16302
-17231
-17143
-16715
-16037
-11476
-12586
-10461
-1655
-6549
-6369
5422
3248
4086
5528
7917
10640
7662
14403
13487
12066
11639
12597
15134
10647
6878
7162
10479
12241
10122
4530
6909
5124
3975
5729
3981
919
-1687
128
-3141
-6008
-8861
-10508
-11949
-14894
-16687
-19327
-20929
-22478
-25129
-26092
-26995
-24356
-22179
-14220
-11615
-6025
-1215
-2088
3913
5871
5306
11588
19304
17515
18523
23410
19380
13717
17572
18467
18220
18714
16834
16369
16131
17097
16192
15104
14771
11927
11764
12370
10639
4674
5601
7110
3762
3233
870
-1260
-1317
-3459
-3813
-5921
-9385
-12116
-13883
-14950
-18628
-16611
-18182
-20479
-14454
-15215
-14399
-13045
-10915
-8272
-7962
-863
-1074
-1775
7048
7728
6697
7543
10619
12231
9108
11347
11651
13373
11436
8526
7015
7545
11374
10396
6985
5621
7108
8478
6778
5946
1362
-1265
2926
-1865
-4808
-7034
-7790
-7848
-11277
-11475
-14986
-15950
-17235
-20111
-22247
-21902
-17071
-15870
-15369
-13617
-7800
-6304
-5113
-2375
1186
5036
8351
12570
7103
11494
18590
17346
17766
19415
18021
17938
20531
19391
18024
17619
15884
14845
14498
14032
12814
7699
8073
6926
4681
3295
4133
634
-4552
-2491
-5367
-7053
-9308
-10873
-11705
-15514
-17686
-18009
-23189
-19194
-17567
-22742
-19675
-18719
-10932
-9153
-10030
-8611
-5606
-5093
-982
-1550
-1332
5950
7624
1556
8880
13640
13070
13995
12857
13785
11873
16234
15298
13587
11895
11501
7001
7258
3584
2839
4271
3414
2884
1367
3423
1200
-1537
-3635
-5042
-5595
-8685
-10514
-12111
-12903
-15511
-15429
-14358
-17250
-15573
-16344
-10400
-7927
-8531
-2542
-2067
1547
1608
2275
6024
7615
10686
11654
11355
17855
15460
13532
22522
21693
22349
23032
20759
20954
18924
20884
19947
18834
18688
17637
15847
12427
13253
9970
8633
8195
7676
4531
2934
2053
-1150
-1728
-2553
-5419
-7992
-6204
-9971
-11689
-12391
-12739
-12149
-11008
-9966
-9336
-8747
-9417
-10155
-9110
-7343
-7786
-7310
-8680
-5568
-4138
-3587
-4939
9123
9090
3312
13692
11985
11590
12642
12207
