4403
9625
6803
8027
6301
12870
13156
12115
13040
12803
11019
9597
8193
8877
7468
7225
6573
5936
7329
4904
4848
-2173
-1528
364
-3919
-1504
-3767
-1354
-3414
-5118
-1914
-9827
-8865
-4035
-5615
-9323
-12965
-13830
-4063
-8190
-12299
-9883
-9412
-10439
-3423
-4490
-5896
-9368
-6292
535
4255
1014
4621
12276
10773
12045
11039
13548
15747
18238
16981
16119
17361
15221
14788
14000
13314
12073
12301
10697
9891
8836
7852
5341
4225
4073
3061
136
842
277
1120
1570
-1072
314
-109
-3335
-2952
2341
-4069
-6084
-3206
-4503
-5226
-6208
-7850
-9104
-8656
-11287
-12139
-12595
-11140
-1513
56
-4302
-1360
7904
4890
6071
7765
8418
10798
7453
7593
9201
9737
10801
9758
8337
7364
5572
6031
4692
6177
6229
962
-2928
-5890
1861
-1018
-1732
-1605
-531
1219
1070
-1283
-967
4801
95
-469
145
-730
-740
-1097
-2534
-4360
-4197
-5308
-7215
-8908
-8035
-10057
-10293
-9418
-8725
-6365
-5526
-8369
1477
5217
-774
3636
7255
10381
10438
11515
13125
14120
13592
11353
12099
15065
13005
13644
13516
10552
9343
11905
11182
4527
11814
12770
13451
10586
9709
9126
9226
8187
6195
6088
5204
6002
2922
2764
1243
-616
-749
-1822
-3612
-5345
-6041
-11746
-11636
-11237
-11561
-12389
-10010
-6926
-9263
-12647
-5972
-2507
-3381
-2776
-2519
-1055
-2955
-1028
-1841
-292
4342
3467
6254
6937
3239
2939
7697
8492
7897
9396
7813
6376
9531
8486
7066
6781
5350
7611
6828
5357
4978
2681
2700
4365
2399
1681
1234
314
985
-956
-2737
-3345
-4000
-4947
-6742
-7240
-5739
-8171
-6035
-5526
-3361
-3141
-10376
-3172
-3149
-6900
-4637
-7490
-8192
-5510
-3029
-4464
-3202
-2115
5510
9929
9621
12014
12340
13683
15809
14775
17979
14749
14017
18194
19760
17882
16580
16503
14626
13859
13179
12822
12325
11663
10232
8880
7382
5193
3583
2402
1389
-5139
-6083
-7898
-9552
-10562
-10136
-9533
-9865
-6353
-2705
-4324
-10223
-5146
-935
-3938
-2835
-1524
-2222
-3215
-2380
-2150
-2097
703
2649
967
1450
2337
4235
5484
7033
5974
8784
9439
5742
8807
9377
8003
7520
9276
9270
8961
7786
6830
5090
3591
4951
2023
52
101
-2873
-4334
-6461
-1084
-3345
-4375
-2811
-5545
-6989
-8794
-7242
-8504
-5256
-527
-6537
-7186
-798
-439
-2931
691
-895
-1406
1003
706
1776
721
-600
-5608
-3853
-3199
-3873
3316
4069
2672
4348
7116
6600
6340
11465
12303
15368
13055
13485
15184
14854
15232
15615
13283
13538
11206
8223
8310
5618
5823
5123
4220
2802
825
-461
-2100
-4482
-5236
-8498
-6017
-1190
1164
-1900
-7907
7
3729
1506
3108
3258
4853
3715
3041
4259
6016
1142
-1280
1770
638
317
-649
-1681
-1063
-862
-403
-4349
-305
2827
2814
3566
-2042
-625
266
-461
-2667
2525
3869
3652
3088
3061
-2306
-3423
-3298
-4991
-5845
-1398
-4603
-5466
-8497
-4873
-3186
-7319
-7742
-4077
106
606
-1284
-7864
1533
2584
1190
5552
5815
7352
3577
5457
7673
7120
9187
5793
5921
3956
3474
3570
1721
1796
-846
696
-4319
-3636
660
1456
1392
837
3634
4309
5698
6960
7158
6601
6945
6374
6833
6150
5292
3855
4055
1303
2388
3245
-947
513
-2260
-3124
-1320
525
2607
7397
5117
4823
10907
14331
10313
7126
9068
11562
9766
11079
10291
7282
8130
7722
8093
6153
6320
6509
4099
4251
3439
2755
-7305
-7104
-4111
-4935
-5108
-5581
-5070
-4127
-5072
-4472
-4820
-6299
-5932
-7049
-7492
-7363
-6630
-3936
-3748
-2831
-3011
-4687
-1892
-1366
-1678
-3187
-1695
-2733
98
4447
3244
1421
-638
9671
7871
5390
8711
6205
7283
6737
6629
5873
6943
6467
7127
5291
4293
4275
2423
3423
1921
2430
922
-4974
-5568
-5155
-7624
-9280
-10577
-10375
-11628
-10789
-12442
-10937
-7574
-7698
-2619
-4247
-4447
-4066
-3370
-438
-3049
3284
2348
3985
4923
7620
7180
8955
10918
11516
17544
8209
14626
22158
14924
16302
16995
13456
11356
10339
12739
11274
9175
8687
7783
8474
7810
7940
7484
6047
5052
4306
986
-4799
-4763
-3713
-2097
-3345
-5601
-7049
-6735
-8511
-6723
-5840
-9445
-8919
-10070
-8408
-7317
-7164
-6582
-8296
-7055
-5652
-5550
-5736
-1862
-4677
-10014
-4549
-2755
2010
3944
-1127
3103
11969
13447
9847
10269
10184
12530
11746
11770
4399
11253
11199
4146
3927
3822
3969
6157
6151
4483
1871
767
320
-3291
-5971
-5910
-5703
-9662
-5675
-3924
-6330
-6157
-7514
-7606
-6064
-6733
-8209
-9520
-11079
-10096
-10291
-10469
-6320
-8127
-11382
-7465
-6608
-4299
-1948
-1856
5629
9369
3376
5369
17834
18087
14154
20003
19468
18740
18203
17801
18041
16616
13710
14197
14458
11236
9445
5985
6733
6807
5984
3099
3313
-3897
-5624
-497
-2359
-4975
-7023
-1890
-3045
-3917
-3930
-3083
-4443
-4537
-3611
-4832
-5198
-5875
-4429
-11094
-9521
-6544
-9179
-7953
-8107
-9012
-8117
-5829
-6118
-330
2630
-3467
919
9606
4574
4316
8012
6271
5956
4742
6138
6121
7356
8362
6695
6036
4988
7097
4253
3163
428
-613
3031
159
-1303
-1196
-2501
-3866
1600
-421
-4583
1318
1873
1894
-3749
802
-773
-2884
-8865
-8047
-4825
-7449
-7700
-10152
-12585
-14121
-10544
-12151
-16394
-15185
-13235
-7091
-4588
-8897
-4537
6779
5926
7120
9546
10791
11963
11117
10759
14782
16028
16723
16665
14582
13375
7495
8993
15700
7251
5689
7903
6410
3358
2238
3253
5109
4410
4464
4278
5323
3274
2136
2454
-5380
-5660
-3091
-5301
217
-2415
-3044
-3507
-4517
-5097
-7963
-8260
-11447
-11753
-11874
-10061
-5794
-2266
-5583
-9005
1417
2182
277
2799
-209
1720
2455
6924
5705
2876
2375
3400
7788
6827
6558
5899
7033
9259
7576
7813
7953
3017
3688
7043
7301
4037
2291
3746
3219
-305
-4675
434
196
-3752
-4469
576
116
-654
-854
-2023
-9064
-8385
-9728
-11498
-11622
-11764
-6351
-7185
-4052
-2716
-6288
-7931
-5143
-5370
-7915
-3969
-5126
-4464
-1505
-398
2442
4415
6515
9542
8972
12052
11337
10307
13454
15713
17260
18162
19668
15899
14413
15717
17086
14177
5651
10016
10456
6205
5429
4378
5423
4459
2779
1192
1770
152
-1663
-2764
-5185
-2552
-9272
-9178
-9601
-9698
-10820
-10717
-9804
-6351
-8840
-14128
-5637
1087
-11174
-7917
-9362
-3815
-4048
-3656
-5741
-1850
3039
93
1921
1063
2159
3786
7078
1646
1782
2142
5872
8203
3345
2330
5243
10081
7222
7576
8048
5237
5598
6039
5419
3607
2677
2192
1797
-90
-805
-580
-4603
-4373
-5870
-7901
-6979
-7435
-5201
-2869
-3756
-686
-3007
-10705
-1575
-1306
-4182
-2077
-6543
-5872
-5331
-5759
-2276
-1226
-1649
-2201
-2462
-4626
430
3545
-856
2750
6840
5974
5699
11495
9448
8607
10662
12162
13353
13522
14439
13644
13393
11803
11564
9445
8052
7937
6202
4294
2601
-2179
-5328
-2917
-5039
-5760
-6681
-7693
-7845
-11869
-7659
-5967
-3026
-9076
-9086
216
-5359
1229
2006
2583
3206
-3174
-1847
-1852
-1210
-875
-2255
-1126
-505
425
-1955
-5607
-337
-2198
-2403
-251
-3294
-3874
-1626
1740
3682
2845
1944
3711
5629
5885
5102
4432
3182
2993
221
-194
-1122
-1421
-1941
-4628
-4905
-6404
-8814
-8775
-10465
-11882
-5872
-5002
-2663
-8829
-6808
4956
-14
903
4031
4324
2734
1925
3303
2413
3834
4039
3568
-869
-2764
974
576
954
-1024
-4269
-1944
-2025
-6877
-6058
-3055
-2399
-2944
-1896
2350
3923
4766
7004
4316
2942
6172
5992
4037
4493
5763
6551
3885
964
1301
-516
-2154
-777
-3469
-2812
-1300
-8396
-2
2783
679
13260
9766
9639
9990
9605
5461
4848
6983
6170
1293
1838
2577
3081
2661
5841
4550
5469
1091
1752
1427
2851
-246
-5455
-3578
-2790
-4558
-6678
-6762
-6503
-7276
-7899
-7065
-6004
-6238
-3265
-3302
-6645
-5655
-4704
-4556
-4591
-3334
-4313
-3074
-4397
-3995
-2781
-923
4593
6582
633
2165
9086
5151
6885
6130
6837
4366
4016
8635
5730
5494
8585
8518
9912
9097
8197
6802
6227
6266
-719
-1739
-1042
-3413
-8601
-7563
-2429
-8157
-9713
-11815
-9910
-11795
-9139
-11194
-9386
-11184
-9757
-8752
-13242
-4947
-4127
-2844
-1434
-2533
-1328
1209
4305
3960
3366
6791
9798
15046
13410
9595
20660
20871
9830
13952
18238
7440
9664
11595
8631
10618
9398
10405
10772
11198
8729
6732
6270
6026
5191
4715
4085
2213
-1298
-4300
-1684
-3753
-7629
-4331
-3421
-6451
-6056
-7058
-10255
-8492
-8502
-9946
-9917
-10402
-10192
-9634
-9173
-8724
-7528
-5158
-2061
-3512
-3486
1361
3214
6857
998
-1755
13676
12778
8289
10120
7459
7122
8416
14093
13670
11694
8378
9571
9890
8798
7889
8035
6965
6543
6269
3846
5672
-1163
44
-6448
-4172
-5480
-7031
-7918
-8676
-4962
-5242
-4921
-13709
-14161
-12128
-11466
-14924
-14414
-14570
-13859
-13360
-11409
-10179
-8513
-5159
-1751
-790
-1996
6054
9049
8701
5147
14860
19302
17351
18991
17537
19411
16176
16856
17688
16187
17437
15862
15532
16784
5339
6757
8163
8749
10681
6073
7154
7749
-5596
-793
426
-4038
-7042
-5462
-5287
-11671
-7334
-8298
-8800
-10248
-5136
-5124
-5425
-4862
-7403
-6308
-6029
-7445
-5303
-9334
-10485
-6421
-12649
-9975
-8703
-3125
-2916
-7366
5344
6462
366
3922
5354
7035
7169
8352
8188
8719
9953
9393
8584
8417
7031
8553
6869
7274
7010
-544
2530
-1864
-6555
-3956
-2723
-2673
-4901
-3313
-3799
-5308
-4953
-3711
-3403
-4806
-4696
-2014
-2453
-1909
-2092
-3018
-5992
-9743
-7737
-9159
-9712
-8569
-11341
-9957
-8920
-5044
-2572
-9076
-260
5122
3163
4735
5625
10838
11565
11458
11428
13609
14549
15879
17795
16046
18064
15836
14499
14455
13921
11955
11660
10230
8096
3824
2655
8366
3356
4420
5252
3030
1713
-1411
-2060
-2519
-1078
-676
-2120
-4955
-4602
-3292
-5386
-7396
-9789
-7490
-6349
-6117
-6033
-11548
-9107
-1679
-4536
-10713
-3128
55
-3165
-1651
-3621
-1956
960
1219
984
280
1022
-104
-252
919
990
253
394
2700
2159
4526
5519
2247
1277
-532
1675
3089
4909
4826
3841
3407
3839
4254
3392
1879
-3437
-3948
-2688
-4525
-4177
-5161
-6239
-6402
-8186
-9121
-5736
-6055
-5345
-5348
-5689
-1499
-3735
-12431
-10857
-1035
-4236
-7156
-6273
-5274
-5331
-2074
2722
1230
1153
966
5399
8582
7945
9752
10187
9790
12163
14071
14575
17040
13800
13158
17044
16155
16320
13830
15077
17181
11083
9552
3235
7017
8030
4654
3167
462
369
-2569
-1239
-3231
-4266
-5744
-6173
-5290
-7109
-10163
-3548
-6226
-6757
-7162
-1553
3912
-1284
-861
-1151
-15
-1252
-2393
-288
-902
-1328
-1696
-971
-1668
42
-5097
-5587
-3305
-1076
1864
2415
1832
1097
6048
8609
6948
6960
3548
2880
6067
4314
4064
5380
5534
4628
4870
4526
434
709
-710
-256
-254
-2759
-3669
-6062
-6978
-5885
-7223
-4453
-910
-4099
-6917
-7104
-3128
-866
-5448
-5745
-5503
-5270
-2227
-5680
-5669
-3759
-5352
-6670
-7147
-3845
-4601
-3909
1521
492
-445
6190
7437
6516
3847
5953
12703
8624
9134
11546
12536
10945
10561
10243
8984
8661
8976
9241
7270
6647
4984
4533
-3022
-848
-1331
-6271
-5383
-7025
-5478
-6595
-1809
-1946
-8193
-5141
1167
-1130
-2406
-591
-155
136
-1266
-429
-1486
-606
1811
698
-737
-634
-1692
-2080
-3094
-1287
1091
-4596
-4021
-3062
-4254
281
965
3079
2717
1147
4065
2977
2561
3525
3994
3402
2881
3441
2256
2031
128
-2840
-1815
-2581
-2834
-2957
-3769
-7093
-5754
-4436
-7170
550
-206
-3881
-1418
5023
3426
1100
5916
2524
2875
2781
1436
5508
7051
6496
7825
6098
6187
5439
-520
4011
2494
1384
2326
100
-5262
-3802
-1685
-1264
1559
-1644
2039
4422
4073
5546
1658
3852
3340
3338
3663
3140
3431
8559
9487
6496
5698
-177
-2916
-1156
-2081
-1737
993
-761
4173
2209
2280
14715
8042
8588
10327
9975
10850
8476
10888
9274
9347
9388
5526
242
4644
5327
4202
3826
2282
1817
2868
2289
-3827
-3680
-1526
-1640
-2289
-3441
-4423
-3029
-4713
-6140
-7307
-8230
-7054
-7396
-6521
-5601
-3506
-3688
-5522
-5912
-6065
-4813
-5703
-3913
-3319
-6071
-4401
169
4385
16
-1413
7977
7923
6110
8490
6823
8922
8602
9318
6959
6095
8989
6437
5103
5869
3644
8664
8351
7212
6496
4910
3740
-496
958
1546
22
-1367
-2819
-2250
-4745
-7280
-13688
-13757
-14466
-13727
-12316
-7311
-14036
-9660
-8020
-7122
-5951
-1382
-1822
-3280
171
1799
2312
6076
10191
12702
12530
8747
20914
18799
16559
19929
19189
12656
6962
15195
13199
13098
12896
11168
10493
10799
9861
9394
9805
8235
6961
5222
3191
125
-408
1572
-539
-2293
-2625
-4268
-4770
-4538
-8005
-11304
-10233
-15115
-12020
-14635
-14994
-14068
-15056
-12892
-17620
-13283
-15966
-9178
-13101
-8235
-5256
-5495
-3975
-718
1704
-3907
7447
3709
8451
13996
10074
12746
11204
12085
11148
14674
6452
5193
5491
9344
10880
5937
5817
4820
1952
462
-602
-27
-4113
-1012
-652
855
-220
-1676
-2328
-4321
-5324
-6938
-9151
-6277
-8179
-11745
-11128
-11676
-11821
-11354
-12598
-13681
-9106
-8505
-7319
-7407
-5983
-2553
3467
9834
2440
6507
17259
14523
13526
19201
18815
20291
19348
21701
21317
20544
21703
19578
19294
18327
18552
8878
10872
12385
7588
6895
7016
2850
1195
-295
-1477
-1240
-5014
-5870
-7427
-7526
-7774
-1965
-8315
-5404
-4354
-8078
-7319
-8862
-9511
-5190
-6102
-8487
-7837
-9050
-7749
-6435
-7038
-10279
-2583
-1196
-2222
-3972
3905
9140
4397
10465
9427
9409
2480
3741
6262
7324
9165
11516
11833
10893
11446
10041
9436
8333
9369
8139
5355
2539
974
772
1351
686
-659
1415
-332
-4867
-1334
2
-2808
-1438
-3406
-4161
-1536
-1592
-3880
-4922
-5289
-6241
-4763
-9205
-12102
-7322
-10248
-10265
-9981
-7114
-6944
-13106
-1648
149
-2321
1297
425
12325
11949
14221
15176
14748
18627
14714
14786
16886
16140
17481
17342
15203
16070
14675
14037
10554
5702
12005
4801
-659
1713
473
3242
-1538
-452
-3808
-1695
-710
-386
-238
-1268
-1235
839
492
-6318
-4495
-5073
-6665
-6841
-7942
-8979
-7660
-5488
-4635
-298
-5548
-5154
4074
1748
1240
2543
2975
2289
3113
3612
2214
4463
4823
3671
4819
5725
6559
3890
2504
3379
310
4215
3595
-1782
-4355
1096
1231
-1693
459
-912
-2741
-538
5231
-3505
1214
-1026
209
1696
-979
-3516
-4880
-6717
-7479
-7443
-8369
-9111
-9626
-8444
-4469
-1514
-646
-6630
-6234
-1818
5484
-1220
269
-870
-479
-971
-2084
601
-1095
1803
1029
117
3273
6419
6343
8354
6571
9992
10613
12325
9102
4540
3750
8683
7677
9536
12240
14283
13621
15365
13097
16550
6300
1342
12262
5673
7049
6118
3981
3819
1116
1358
-182
-1550
-2716
-3450
-4345
-2559
-2312
589
-1529
-4143
2809
1524
-2836
-2635
-4378
-3472
-6066
-5994
-5900
-5528
-4004
-8049
-2104
-1639
-4739
-6409
-6029
-3230
540
2225
-2230
-1917
-1445
2953
4244
5629
4987
4160
6677
3783
2670
4495
3086
-2
221
-1525
-1662
-748
-2177
-2074
-4812
-4696
-4979
-7797
-9133
-2451
-2791
-3048
-746
-3611
-6979
-6729
2743
3313
938
709
-645
-4446
-5556
-1935
-4676
-3636
-5698
-5492
-9539
-6685
-8185
-9643
-6436
-5150
-3780
-1551
580
-1445
1002
5321
6972
8346
4310
7090
14220
13561
9166
6680
7282
8033
9072
9081
11056
11095
11115
8789
9908
6749
-75
3442
2437
200
-501
-3290
-3994
-3137
3005
-498
-3361
8021
3456
3248
111
2890
3079
-1341
112
-2827
3939
-3279
-2448
-105
-1719
-830
-2879
-1602
-2535
-1926
-2703
-1783
-6426
-7258
-1508
-3043
-1612
-1625
-2530
-2642
3537
315
59
-1291
-815
1089
-484
-3998
-2874
-439
-1495
-2746
-5281
-5143
-6167
-4854
-5842
-7426
-3742
-2800
36
-8549
-9006
5027
3639
-1740
-1587
-2311
1232
2441
3309
2794
1516
3129
4239
5679
4753
5862
4708
4451
2754
166
4720
1272
-3631
-3170
-4380
-4947
-5207
-2476
-502
540
-1350
-1021
2347
1517
3195
4374
3346
5080
5330
4399
8484
7054
5364
6153
4760
4992
5460
-2461
130
322
6839
-1284
-4653
6955
7867
7203
6162
8206
7992
8204
10306
9877
10446
11009
10760
8844
7140
4500
3483
4504
4736
4720
4981
3392
-3002
-3844
-1371
-1026
-2189
-6312
-6498
-6720
-9740
-6870
-7149
-9750
-8677
-8995
-9712
-10065
-9822
-10095
-8351
-10332
-3671
-5059
-4251
-5098
-5589
-3107
-2995
1709
398
-51
232
8369
7882
6559
8495
7330
11239
5130
10350
10113
8796
5286
3730
8868
6734
5045
5284
4075
4012
2800
6189
4245
-1480
976
1035
114
-1763
-1628
-2023
-3987
-4274
-5905
-6321
-7934
-9461
-11091
-10524
-8779
-9695
-8743
-10624
-8530
-8910
-8668
-5002
-4774
-5669
-5199
1208
2927
7247
2649
3287
14498
14937
12360
11972
14384
15957
16119
8168
11198
16532
15037
14905
13096
13111
9528
10094
8331
8138
8419
6391
8343
751
-1282
1206
309
-1333
-4886
-3768
-3993
-5073
-5420
-6789
-9545
-10931
-9273
-11266
-13850
-15634
-19314
-15437
-15082
-17081
-16874
-16730
-14560
-15009
-12618
-10033
-8576
-1499
-3146
-2262
8200
5046
9349
3435
2107
11306
7757
9843
7633
8109
8248
8923
9677
5754
5740
7432
7085
9254
9800
10363
9211
2938
3223
4075
3495
1196
175
1185
-843
-3264
-3726
-2681
-4282
-8173
-7737
-10215
-10186
-9228
-12392
-12998
-12599
-10708
-15895
-16405
-13421
-14648
-12400
-12298
-7366
-4201
-7140
-1272
3048
7843
10111
9235
12555
14119
14622
15882
15920
14946
16245
15992
17294
16527
15483
14607
15983
17333
8048
15314
9228
4089
4373
6236
6980
3834
3884
2163
1844
-1026
-751
-2939
-4614
-3033
-5133
-5690
-10240
-7460
-6338
-9352
-8798
-8604
-9084
-9570
-9336
-8238
-7606
-4999
-267
-7781
-10455
371
2797
-1287
777
1720
3344
4699
3429
6653
5929
6381
7927
7073
9320
7289
4029
4952
4590
4615
10494
9764
7480
3786
6333
5036
1591
1895
-508
981
686
1001
-134
-1687
-1678
-6109
-1489
-2814
-5450
-7976
-9931
-9625
-8488
-8065
-7787
-10206
-6790
-6500
-11250
-4550
-6110
-3514
-6092
-6044
2490
-350
-130
-2527
-48
-35
2228
4770
7112
8643
7330
9241
10803
12385
13410
11890
10196
11942
11552
11775
7664
6220
9209
9353
6129
4802
12045
12391
-5840
-4256
4883
1087
3600
2198
1669
1766
2029
433
-72
-439
140
1112
-3384
-4575
-3087
-2154
-3388
-3057
114
-5114
-7723
1419
2129
-598
-953
660
1865
-1202
-1042
-1104
-1242
-981
-2156
-2397
-1983
-2256
-3625
-2579
-976
-2327
5299
1358
-215
-3525
-322
907
-2682
-4148
-813
2401
-498
-1640
-2627
-2799
-2074
-661
-3093
-2891
864
-174
3239
-154
-3750
-1465
-4675
-5520
-1983
-787
-920
627
3694
4115
-3733
1964
5429
-103
2345
1575
518
-1685
-686
1913
1094
-360
-799
-1994
-2053
-4017
-5184
-3380
-3899
-4680
-1793
-3063
-2913
-282
-688
4298
4298
4336
7916
11402
11264
9236
9766
10244
10440
9685
8276
10861
1245
3886
4379
-4749
1764
-65
2058
677
1541
1481
1869
3741
6814
-624
1131
13401
3483
5083
4194
1996
1047
25
1359
-1140
-1415
-1320
-1395
-1484
-3304
-4547
-3391
-4974
-1625
-2780
-6670
-9147
-7197
-3990
-5344
-2756
-3406
421
3122
2334
1537
1974
2694
5255
6585
-565
-631
1525
1124
1763
-417
-834
-1277
-1858
-2834
-1917
-5050
-6749
-1038
-111
3697
-3831
-5753
8788
2986
1644
2093
1040
2531
360
1782
-1453
-1772
-2281
-1281
-1422
-2071
372
-2082
-4935
-8729
-5705
-7556
-13300
-5918
-6997
-9003
-8134
-8036
-7862
-1268
-5925
2944
4289
-1346
4033
7921
6460
6331
8040
8748
9965
10870
8393
6576
8124
2325
3879
3499
9892
12286
9244
9143
-6946
7002
12282
2796
8061
7337
9247
5681
6747
7731
6113
5449
5242
6317
3668
886
-1616
-465
-1049
26
-2347
-5199
1234
-137
-1270
-3306
-4527
-2995
-4126
-2282
-6630
-6307
-4710
-6329
-7856
-7708
-7466
-7036
-5630
-7166
-6632
-6203
-6286
-6580
-6441
-7090
-3212
-286
2055
1935
5666
3578
-2798
11329
2760
2345
4634
4719
1975
2171
4052
4826
6807
4743
4884
5534
8190
4770
5011
7574
6214
6079
5477
3046
3577
4310
3857
4028
3585
-2587
-1214
-860
-2430
-4745
-5956
-4710
-6148
-7067
-9227
-7662
-8938
-8253
-6553
-6902
-6532
-3517
-4064
-2357
160
742
4134
4212
11671
4993
6741
16945
7771
11205
10834
8083
10550
12336
11266
15530
12025
1230
5860
11380
12375
12980
10050
10929
11954
10899
10006
942
4565
3076
-3811
332
2180
134
-3167
-3456
-5688
-6458
-7008
-8781
-9185
-9993
-10541
-11201
-10270
-10123
-12487
-14448
-14273
-14117
-14982
-15706
-14749
-15014
-12881
-8442
-1205
-6435
-6713
5828
2840
5736
6704
5208
5192
2639
6262
5736
5130
5955
6683
9049
9458
10073
8870
7744
11637
12416
8129
4265
7541
7636
5626
6058
4921
4558
4499
3746
2985
1655
202
-1344
-3327
-4459
-7484
-9427
-10660
-11248
-12144
-12380
-12670
-14251
-13349
-13000
-14210
-13740
-11932
-8135
-7942
-9856
-2725
6115
3040
5049
9974
8986
10318
10436
10409
16519
19203
15455
15274
12156
14472
16540
16830
10643
16745
21189
16035
10615
10345
13215
10964
12287
9560
2989
1244
3488
4865
-118
721
800
166
-994
-3429
-3567
-5978
-8796
-8707
-13107
-13946
-14936
-15098
-15304
-16590
-18012
-13916
-12688
-6904
-11420
-14550
2607
-5470
-4927
-3664
-737
2283
-356
6717
6026
9583
9176
9441
11415
6467
7910
9420
10243
11597
7989
8336
5823
7979
7818
7731
8335
5805
6235
1816
2686
2705
-647
-786
-1319
-2405
-4140
-7495
-9282
-4398
-5315
-4056
-7021
-15048
-15187
-11406
-9307
-14627
-14910
-12949
-8626
-9702
-11611
-2812
-3350
-7469
-6797
-2506
-525
-3628
1031
3544
3541
6699
1906
6127
11352
9335
13128
11817
13368
13206
15507
13190
8722
12304
16946
17511
13908
13782
14431
13072
12579
7626
6675
-1782
-1096
-934
-2643
-1611
-3235
-3608
-3393
-6163
-3531
-4646
-8466
-5209
-8363
-7115
-5255
-5770
-1329
-3634
-6604
3372
3825
1686
4617
3137
4057
4399
2808
-261
2111
3699
3633
3930
3468
2593
2646
915
86
789
799
5797
1031
4545
6840
6902
6151
5827
8125
6027
4917
3020
742
1681
1634
1030
-1276
-1564
-4589
-10281
-6046
-10754
-10565
-8732
-11761
-10281
-9265
-9570
-6432
-5787
-507
-5461
-2755
8554
2002
2843
4560
3294
671
4290
5178
1511
2862
1207
910
-815
-1674
-1331
-1556
-2360
-1482
-877
-677
-1817
-3408
3683
4545
5018
6415
6159
8892
8303
8823
8266
8682
7272
4491
4134
5454
5652
3463
2793
6771
3221
2589
1541
-4074
-1131
-635
-521
3161
2032
6295
3999
347
13537
5917
4918
8337
4430
4985
4657
7825
6075
3604
2194
5141
4694
2455
1138
1127
-757
-3572
-6156
-4919
-7145
-12086
-4116
-2557
-4036
-4481
-10037
-4111
-4277
-5271
-6090
-6283
-1637
-1713
-3524
-9734
-6461
-7402
-2255
-834
-7000
-6143
-8047
-6577
-4435
-817
764
4406
8299
3135
-3591
7851
12095
6577
8083
6892
9795
8060
9738
8573
5593
7049
6064
6658
5152
5941
5885
3790
3473
3547
1508
616
-4401
-6907
-3660
-6263
-7510
-8819
-10872
-11695
-9809
-6656
-6406
-7787
-7173
-2594
-1879
-439
471
982
3332
4134
2135
2169
3983
4434
4281
4081
6668
10949
14849
10868
11736
22628
19011
15916
9366
15258
17147
13695
15343
13311
14316
12667
12685
10755
10516
9489
1448
1873
1613
1891
1309
107
-6164
-6337
-4692
-9391
-9390
-8269
-6124
-9587
-9311
-7117
-10936
-13055
-11297
-9418
-10779
-11001
-10425
-7579
-5519
-6084
-6739
-4770
-4316
-5550
-9268
-3558
2592
10453
4816
-1788
13036
10331
7258
7501
5251
5774
6914
6602
7504
7785
6146
9606
9342
8323
6395
8173
6665
4743
2542
5643
-1704
-5573
-3379
-6118
-3943
-4460
-10024
-4166
-4656
-6427
-5860
-6352
-6084
-6737
-7203
-10023
-9280
-10229
-11428
-11432
-10798
-9127
-12577
-9157
-5678
-4929
-3588
-1360
3322
8305
1384
4469
17658
13702
13806
17039
15385
15314
13871
13900
15479
17716
16072
13151
12895
12126
10207
6898
11531
11265
7350
9800
824
2314
4299
-3996
-2033
-628
-2878
-2168
-2481
-3775
-2217
-1808
-1393
-1774
-3414
-3606
-4250
-5215
-5561
-10561
-8242
-7935
-10552
-9005
-10214
-9409
-5103
-3815
-2272
-9074
-8501
6055
565
-1058
3736
2173
3660
3006
4365
9294
10346
10999
9948
10639
9643
9417
6701
-1154
-912
2658
6143
2800
-4345
-1305
2547
2005
2796
3515
4146
2857
2406
667
1007
-1974
-2272
-2305
-3290
-5632
-8577
-5592
-4568
-7279
-8135
-9416
-11945
-11827
-11892
-13020
-12740
-7937
-4088
-12212
-14649
-3926
-2459
-1581
65
2715
3313
3319
5608
8603
9464
8115
8494
8064
9170
10384
10496
10896
14373
9375
15218
13186
8131
11459
9155
9245
9663
8442
3275
8562
8751
7171
6575
3294
-529
924
2908
248
-1136
-2908
-3601
-4874
-5173
-7315
-9267
-10857
-9629
-8610
-11529
-5373
-5475
-15383
-5183
3089
-8211
-4868
-6579
-6042
-5299
-5404
-6027
-6034
-5837
-5727
-4129
-3430
-1590
-1994
-2508
3346
2564
3091
5207
-800
523
4133
5509
5146
2887
5591
5702
5609
-1063
-2631
4202
1010
339
1481
1271
2275
2096
-451
-1548
-3876
-4272
-4048
-6632
-7061
-8948
-7379
-5593
-1476
-5672
-8535
1538
-1644
-1463
-3093
-3913
-522
-4941
-2387
-3526
-4302
-4481
-3404
-6346
-6355
-1200
-1644
1528
1087
3691
7947
8926
7468
10817
13174
12486
11222
14417
11774
6770
13253
12350
13081
12165
9215
9185
7396
5681
2695
1777
-6410
-3119
-1759
-4874
-3261
-6062
-4872
-4439
-4350
116
634
-5739
4271
8241
2347
3374
-84
3505
1061
872
2393
-2182
-7333
-267
-2784
-1923
-805
-1649
-905
-2206
-2027
-2536
468
-1497
-922
1884
3319
-38
-2505
6017
5349
4607
5634
3824
2288
1224
3080
3006
3940
3225
645
-461
-1082
-370
-3199
-6571
-4646
-7035
-7482
-8033
-4528
3052
-806
-7501
-2187
2464
3947
-1853
448
6201
-313
4341
414
-3664
4013
-451
-470
750
-224
128
-788
-122
-274
-3604
-4386
-10355
-12008
-11828
-6614
-5976
-4214
-38
1494
2953
4911
6973
5226
5480
6774
6790
8445
8987
6041
6478
7110
6752
5046
5272
5362
7008
6239
7837
5388
10160
2599
-7316
12462
10518
3505
5188
9052
6245
5136
8247
6783
7177
6132
6347
5193
4670
4261
4639
4091
3840
3497
469
-6398
-3881
-405
-867
-1049
-3843
-3222
-3254
-6003
-5676
-5254
-5715
-6439
-7943
-6704
-7754
-6854
-5774
-6889
-6804
-5634
-6742
-7334
-9311
-9008
-8304
-10485
-2856
-32
5954
-1120
324
8203
6631
5745
4564
7095
5862
9374
11088
11017
11847
12118
14555
12620
11860
12006
11528
7088
5467
8692
8669
4849
2602
3991
-1768
-2150
-3741
-3818
-5767
-5654
-5210
-7359
-8992
-9243
-9413
-10262
-9915
-9659
-9381
-8721
-7929
-6362
-3595
-4419
-5386
-3669
-990
503
5140
7569
2801
6650
16287
16109
14231
16574
17351
19792
18322
19034
18801
16371
14686
5913
12550
13331
4841
10252
9443
9995
9095
8169
7018
1966
4896
3287
289
-1799
-2752
-105
-2595
-4376
-7268
-8287
-7379
-9262
-9474
-11874
-13526
-13695
-14722
-16241
-17471
-17097
-16979
-15635
-15432
-13503
-13836
-10101
-6089
-1821
-3599
-6368
7593
7482
7831
10686
9999
12025
10433
11937
9854
11815
9676
6950
11162
11263
12183
7710
6019
5974
6175
7374
1476
3759
6797
5146
1556
-561
1523
881
-1119
-2124
-2720
-5081
-7616
-6446
-7575
-9560
-11016
-13508
-13618
-15278
-13718
-14717
-15222
-17535
-17372
-15964
-16655
-13589
-8538
-6966
-13430
753
3693
486
7566
9127
12271
10773
12250
10478
10628
14320
15611
14990
21666
20636
19780
19954
18702
19876
19148
15897
12808
14451
9794
5160
3924
5456
3071
3341
3814
2100
2921
1504
-1072
-3435
-4469
-5709
-6223
-6856
-8270
-11128
-14315
-10127
-12183
-13308
-11913
-10462
-7988
-6216
-616
-6411
-5924
4462
2709
-60
2735
1464
-1388
775
5435
5049
3429
6082
5932
7435
7504
7581
5577
5146
6100
6617
6970
-2466
5794
8851
7451
7536
6369
8362
5668
3241
-2509
-3884
-5426
-2939
-5591
-3971
-1793
-3538
-6820
-6516
-2998
-7201
-7875
-8202
-9310
-10902
-10922
-10055
-7412
2402
-976
-7247
1147
4523
-3075
-2815
-614
-3491
-1567
-2824
-5487
-4395
-1681
-1271
485
4925
5627
7305
8505
8992
11146
11505
7026
10631
12664
12771
12521
10181
11773
11650
10034
8385
4609
3724
3983
3125
7338
-5
2464
-2061
-8600
2648
-6488
-5061
-4196
-3423
-4223
-5618
-4605
-2652
-620
4852
-4423
-6772
5496
4436
4447
4822
4643
4630
1940
3205
1956
3458
2734
1203
695
-1164
400
-2654
-2822
-2420
-980
-2621
-6358
-4972
-3218
-3504
-5309
-6254
-4725
-3863
-933
-1752
-2724
-3966
-6547
-1360
-4689
-2597
-3195
-5035
-3304
-3368
-3089
-7421
-4146
-3773
-2629
-983
2346
4497
3717
1038
-111
12637
8534
3710
7904
5551
7581
5371
5255
3960
2100
2064
1574
7066
3148
-2808
-4901
-6020
-6275
-4581
-4942
-7793
-6736
-7504
-8390
-10606
-9828
-4498
-5219
-3329
-2156
-3525
-532
891
2933
3409
5461
6379
7929
8069
7335
8563
6904
8271
8629
8198
1370
3331
7662
10263
12317
-4718
5583
12418
8777
12832
8690
9158
6571
12025
10734
12874
10831
9530
8338
6833
6565
5395
4542
4126
3561
3139
-2127
-6696
-3834
-5515
-4612
-12148
-11488
-12635
-11643
-9339
-11847
-10718
-9165
-7035
-6208
-6001
-4544
-3283
-3928
-2797
-2943
-922
-6202
-7022
-1689
-805
-596
70
6790
4944
1135
9931
13621
11040
11963
9278
10098
7586
6184
8608
8245
9185
9891
8493
6748
5341
4856
4014
3486
2269
-476
-3152
-6823
-2611
-1496
-2338
-6793
-5625
-3347
-8227
-6563
-6246
-6865
-9956
-9950
-10026
-11079
-10026
-9801
-8211
-7346
-11236
-10799
-5649
-5848
-1833
-1714
-1785
2007
4384
8767
2862
7122
15733
12576
14377
15278
16373
18570
14720
15012
14155
14442
12814
9799
12742
4403
8278
8527
6708
6857
5317
5293
-2805
4
-1753
-1532
-1197
-3142
-1581
-2548
-4104
-2298
-2875
-4281
-1418
-1744
-1973
-3337
-3591
-8178
-9187
-6676
-7972
-9030
-9979
-11194
-9276
-8013
-8624
-4528
-1303
-4490
-4868
4998
3556
1391
3667
1483
3746
3953
4863
4657
2426
4375
6071
4994
7334
7140
6408
7265
7835
6363
5905
2484
2585
2507
3283
3431
2726
3650
5671
5231
5447
5542
3515
5023
3391
4173
-7196
-9709
-6142
-2351
-2673
-9089
-9446
-11626
-11397
-10613
-10423
-10316
-9910
-6765
-8356
-12601
-8723
-4743
-4801
-4667
-2977
-1392
665
4384
7005
10972
9136
9010
10743
10489
12238
12368
13657
11390
15869
16323
8653
11467
13125
11602
9712
12457
11537
12916
7203
979
10161
6410
6560
1707
-419
4481
130
1712
1172
-1143
-595
-1841
-3160
-3619
-3696
-4073
-5865
-5384
-151
-1748
-8866
-880
2796
-2372
2839
501
-2275
-37
-2398
-3624
-5284
-7395
-4303
-7061
-7489
-610
-3336
652
-1493
924
-1604
-330
2679
2869
5465
2174
621
8124
7275
8412
9825
6798
1206
-1787
1275
609
1188
-3744
433
1896
1130
-3622
-5936
-6030
-5307
-6325
-5958
-573
-1138
568
4177
-3553
-1825
1690
-1934
1272
858
-3222
-1463
-3061
-3513
-5305
-1758
59
-1745
-2587
-6750
-2813
-3939
-5181
-46
-4316
-3408
3360
5224
5493
7948
9729
11087
13445
11539
8158
11816
14897
13479
13768
11759
9986
10618
8935
7127
7079
5791
3459
1240
-734
-5260
-3998
-478
-1363
2565
2477
-5368
-531
9682
3391
-118
1885
-2447
-881
-1536
-2922
900
-1054
-2635
-3776
-2150
-2702
-4281
-3195
-1305
546
-4040
-7590
-7292
-5699
-4591
-67
14
-3939
-8598
-8912
-4068
-3959
-4573
-3333
-4403
-4484
-2692
-2388
-586
-1193
-1035
-420
-1700
-3519
-4812
-6725
-6152
-3116
-2530
1145
2275
3606
-243
1220
5294
3015
6755
5105
6413
6602
6658
5961
7684
8112
6842
8402
6550
5976
6117
7096
7465
5603
1891
3971
3481
3349
-255
-5899
-2877
-2749
-4777
-6810
-7432
-10247
-6843
-6799
-6668
-5260
-7696
-6327
-6790
157
625
1964
1793
2380
1561
3089
3397
5467
9830
10494
8691
1619
11504
13579
11758
15655
15424
13497
13189
13696
5599
9577
11544
9814
11962
12164
11125
11248
5824
7218
7912
4317
8227
6341
414
3426
1655
1600
2749
267
-18
-1126
-1987
-2603
-2727
-4063
-5743
-6695
-7861
-7880
-8369
-11579
-10522
-10751
-11896
-11392
-11215
-9776
-9971
-6071
-5682
-867
-76
-6668
6054
7456
3911
6851
6075
8398
4911
7349
10551
11112
11502
13387
14303
12908
9413
6743
7567
8107
1522
-601
5159
3432
4227
2051
1851
1499
1013
768
-849
-835
-865
-2694
-3370
-5501
-8933
-10409
-7908
-8849
-10355
-10667
-11830
-11602
-13113
-16355
-16117
-15804
-14146
-10771
-5214
-5733
-6957
3395
6271
6911
3020
6961
10021
9182
11441
15103
15699
14103
14998
16304
15111
16155
17496
9873
16175
17337
14865
18359
14008
5960
4260
9892
6797
8855
8049
4250
3024
1022
1517
498
386
-1713
-3548
-3652
-4317
-5908
-5863
-9039
-10942
-11793
-15024
-13665
-13334
-13157
-13627
-9993
-4545
-11067
-10929
-469
-101
-1069
240
3019
3291
4141
7292
9128
10185
10612
13781
8884
5182
7643
8258
8792
10631
7057
4219
3867
5114
10991
8783
9627
8158
7440
6603
5700
4123
1874
881
1169
911
-528
-1257
-915
-7526
-10482
-11537
-13365
-13862
-11956
-14419
-10437
-10557
-11231
-8651
-4681
-7705
-10919
956
-160
-2499
935
2802
-1582
-744
-905
-881
3548
27
916
3094
7060
8929
10321
12926
13392
10651
9536
11768
11929
10940
12069
12801
13834
13516
11496
12213
10456
8506
6256
6672
7369
5424
4558
-1491
-10493
-7785
-4561
-6932
-7863
-9773
-9930
-9875
-9747
-9876
-8339
-4135
1206
-11052
-4855
3181
881
1912
4218
4867
3403
1769
-2250
-1405
-430
-1296
-1143
-1719
-1378
-1353
-182
-1174
-301
-5980
-5367
2732
1255
2294
1743
4509
3654
4296
-2540
-3056
-345
-2422
-36
-4835
-6877
-6460
-6499
-2890
-5205
-5823
-7106
-2161
-3780
-3382
-4666
-9448
-5263
-3661
1372
4968
-1499
3419
13251
8987
8307
12399
7395
2045
6184
7132
8926
9160
7948
6046
5294
3527
2953
2277
-1253
298
-7264
-6313
-2997
-4778
-4601
-5189
-5510
-6505
-4591
-3322
-356
1581
386
217
234
125
1551
2119
1949
523
2266
-232
2536
3711
5257
6142
6352
6762
6360
10668
13819
11800
9493
13496
10453
4066
8398
13112
14413
13141
12334
10682
12197
12688
9909
5264
5614
4267
3125
3251
5176
4129
-3217
-4530
-2558
-1831
-5399
-7013
-5498
-7289
-4641
-7742
-8653
-8118
-8679
-7742
-8245
-11485
-9189
-6811
-7367
-5178
-6703
-6063
-4295
-2951
-3543
-2756
-1338
-3118
-2216
5935
9273
1790
2760
10101
7074
6955
8485
8378
7591
8890
12368
9168
6934
7963
9343
10003
10283
8300
9042
8841
7992
3945
1984
3518
2097
-135
-558
-796
-2842
-4071
-7194
-6812
-7421
-10748
-10213
-7222
-9004
-13163
-15198
-15342
-14474
-15285
-13067
-12316
-10056
-9838
-8820
-4065
-1674
-397
-751
-1580
4364
10703
6298
19119
13641
9748
21141
20551
19586
19229
19663
19790
13879
13527
18146
17640
15887
14904
9535
3926
4185
-894
1334
7472
1206
1780
-302
163
-4
-1846
-915
-4558
-1802
-2152
-5080
-3755
-5045
-2912
-4276
-5869
-7320
-7927
-6904
-8469
-7881
-7747
-5916
-9153
-14292
-10909
-9015
-2727
-3688
-9050
1086
3056
402
3164
5858
6508
4128
6425
6307
3444
5192
10270
10663
10279
9116
9705
8452
11256
5777
2729
5085
4455
-1307
-3062
-3239
-4832
-2892
-3070
-2241
-2196
-3916
-1968
-1583
-904
-2171
-3829
-4125
-3966
-6516
-6032
-5993
-6250
-10163
-12785
-9236
-11164
-12640
-12005
-11160
-7640
-9618
-11237
-2524
-5194
-7947
-3324
-2137
6539
3611
5168
10084
10624
12906
6034
12938
8989
13179
13163
9227
12388
9119
7922
9737
10015
9363
11223
7886
7637
7859
8019
9844
7807
10165
222
-869
1978
-2867
5516
-2859
-628
-1224
-7098
-2071
-932
-2034
-4054
-5873
-8222
-7953
-5659
-1648
-1308
-8467
1211
4404
-467
375
507
1355
2320
1371
316
354
846
690
86
-2411
-4190
-2088
-2748
-1931
-3478
-1759
3712
-1661
3004
6395
2576
5186
6993
6891
6435
5316
6436
632
1968
1137
1545
3315
-1313
-4388
-437
-3325
-4059
-3911
-5530
-3922
-4920
-5453
-4788
-3960
-3316
-797
3997
-1772
305
8022
1826
2369
2669
140
-1338
-2204
748
-293
-1656
-1623
-390
-1903
-3215
-4865
-5817
-2627
-10144
-8712
-2586
-2170
907
2182
5771
7478
6740
6729
7554
7184
8202
10429
13069
8799
6386
9532
9593
9930
7221
4673
4143
5904
4830
3766
2554
2726
2386
-6928
-2769
6204
-2347
1663
9775
1513
2528
5393
5707
6822
4438
3412
2029
908
-940
-1508
1458
1895
-287
-4139
1186
-2654
-6389
-1891
-4176
-4938
-5787
-4724
-5529
-5740
-4946
-4129
-4060
-773
-4264
-3401
4
753
932
741
-4641
-5647
-2477
-2188
-4358
-5269
-4962
-2284
-4136
-4192
-3033
-3418
1158
3239
-2589
3880
9806
6374
6538
2510
3260
1535
5072
7236
5358
5749
6469
6718
3170
8088
6384
4711
7604
772
-431
2330
1589
272
-869
-562
388
-967
-4525
-5800
-6330
-6846
-7658
-8007
-10066
-10695
-9795
-9036
-8109
-3998
-9577
-5757
-5119
-397
1237
2057
1447
2614
5733
7367
9677
7060
7125
13332
9334
7126
12310
9288
9180
7683
7504
10601
7812
10475
8737
2270
8287
9498
6976
9037
7254
4434
8440
7656
5191
7316
5097
-4335
-1010
-283
-3731
3605
-4520
-4008
-3128
-4155
-6786
-5712
-8587
-9411
-10079
-11519
-10696
-12758
-13260
-13558
-14140
-12742
-12956
-15206
-10954
-5889
-7939
-7342
-3866
-745
2670
3290
4370
5901
4274
5383
8569
7273
7458
7845
9068
11131
11364
10111
12025
12518
6123
7674
9032
4518
2880
6254
8709
7665
7218
5381
3746
2909
944
978
1170
-1485
-1911
-5913
-6741
-6965
-9758
-9279
-9870
-13769
-13383
-15175
-14859
-14940
-17774
-10271
-9361
-7941
-13089
-3102
-710
-3998
-734
-363
4267
3592
3721
6645
6811
8312
10296
11591
13540
14260
16102
16439
18206
14304
7824
14051
14054
13739
15108
13709
11013
12695
11861
12507
5059
-1622
3238
182
445
1553
-2125
-3554
-4673
-5048
-4827
-5809
-8690
-12393
-12887
-14931
-9983
-12257
-9752
-7506
-7395
-6913
-10753
-1800
-2848
-368
343
-1083
1333
1046
4203
4917
5181
3582
3919
5587
4195
2997
1591
3166
7255
5148
7238
9074
9377
8107
6655
8138
6097
6076
5389
2601
1785
1185
1684
3858
1903
661
-813
-5506
-7007
-8891
-5050
-5334
-8296
-7801
-9843
-9356
-9662
-8092
-6877
-3835
-8674
-7936
1818
-3030
-2024
2
-1145
7949
6166
7450
7297
5240
6238
7033
6803
-517
-1209
2259
2163
2652
-2336
849
2656
3373
3431
1440
7837
8561
3098
3569
4712
4984
5342
6146
8630
8217
7408
6190
5673
7564
4146
6003
2154
399
83
92
-1587
689
-386
-9208
-2060
2224
-1065
1356
9483
7200
7953
9796
7627
9221
9759
10967
10280
9934
3621
3483
6679
4935
4408
2096
3290
1421
-1193
863
696
-1944
-2313
-5022
-6010
-7011
-8197
-5023
-9288
-6258
-5575
-3478
-4245
-5934
-3224
-3464
-3787
-4604
-6682
-3727
-5516
-5125
-3966
-8233
-4094
-1855
-673
-747
5156
-4530
-3082
12553
4464
11258
11238
4059
5615
9216
6690
3996
8010
12698
10701
9694
10487
9475
9688
9713
5466
4676
7372
5597
4613
2239
3047
2428
854
-3264
-3937
-3347
-7949
-5768
-7535
-7726
-7547
-8870
-9142
-11426
-12985
-12504
-11006
-10138
-10156
-9420
-3878
-4130
-2214
-679
-188
4615
5546
3085
9576
14772
14850
19420
16376
13079
14195
18165
20663
17669
14836
13113
14671
12815
3561
5122
10979
6531
2532
6322
3174
2138
1147
3517
-139
-242
-1490
-2529
-4248
-5164
-8589
-8477
-9262
-12256
-5067
-8373
-5920
-8639
-9633
-10427
-9735
-9322
-11407
-9032
-12378
-10013
-6989
-5621
-2060
16
-9932
-630
5384
-531
-304
6258
4688
7836
7441
8209
8821
11863
11928
11031
11703
9858
8413
9775
8722
2611
3881
5011
4048
5261
3085
3595
2133
1195
2977
1672
1429
-2291
-3346
-1558
-1896
-2816
-4391
-2910
-5813
-4662
-4695
-5379
-5763
-7145
-6253
-7419
-8272
-7925
-5475
-8484
-2296
-6434
-8603
-3019
-8271
1123
2391
4103
-3421
5506
7313
7719
11792
12166
13389
14052
13496
15321
15732
16144
15146
5899
9010
10506
10224
8729
10323
10944
10264
8140
3827
3276
6036
4854
2186
-2387
-3839
1229
-866
-115
-471
-2670
-2163
-1173
-3093
-3087
-1640
-2339
-1615
-418
291
-1070
-6534
-1543
10011
2088
388
2040
1899
4019
2969
2807
935
5
-641
-953
-2434
-676
-1820
-4253
-753
-2796
-4609
-1403
-3185
-361
-2562
-814
-1758
-5788
-1285
-1064
754
-2002
-997
747
-1410
1821
1291
-303
49
-1597
-2260
-4119
-3228
-2770
-5678
-5741
-5535
-3279
-8017
-5830
2531
2233
-4111
11189
10256
8332
8927
9483
10060
7532
9437
9531
7978
7902
7864
7123
4404
4063
3575
3596
-2015
-4805
-8357
-7670
-8077
-12156
-8699
-6568
-4086
-6288
-5259
-1776
-1889
2026
2518
4345
4961
6627
7232
7957
8098
7627
7631
6922
7299
7732
3181
2118
4948
8599
7317
11164
7642
10110
18357
4744
7143
10968
9870
10362
8354
10021
7687
5798
5834
3368
5181
2781
2601
696
2159
742
-6844
-4371
-7701
-7041
-7876
-7185
-8245
-9776
-10770
-7421
-5566
-10613
-7544
-8011
-7216
-7789
-10086
-9704
-9054
-8995
-8937
-6548
-6040
-10631
-10083
-5238
-4524
-3747
-2433
-2186
1031
2145
-2517
4657
8504
4687
8410
5802
7067
8802
9210
11198
6434
7140
4341
5625
3978
4494
5824
2782
5856
-1625
1368
3230
977
-602
-3525
-759
-701
-1148
-612
-513
-2076
-338
-610
576
-2680
-5680
-5674
-6106
-4311
-9440
-12489
-12287
-11966
-11282
-11866
-10870
-9174
-7518
-5469
2455
-522
-2102
10227
9157
8364
8346
9998
12990
11359
12230
13285
13597
12927
11024
12509
10598
9617
7145
4118
10699
4847
2754
1932
-3414
-3285
3784
-453
-1293
-1351
-1713
-1298
18
-132
1660
1142
-1369
-2443
-1765
-5797
-12084
-7991
-1774
-2077
-3116
-7854
-6680
-10765
-10983
-9861
-10215
-7606
-5002
-10184
-3489
876
-1616
-480
-423
-80
1127
2242
2211
3357
2538
2861
2339
2880
3851
2865
3795
1202
3297
1461
1408
3493
1969
4593
4601
5588
6311
7079
6907
7375
6186
4973
5048
3007
66
538
2991
784
-18
163
-758
-1198
-1814
-2143
-2027
-3538
-2782
-2873
-6170
1175
-3895
-6292
-206
-1631
-652
-4830
-2797
-1555
-2554
-3781
-5389
-5469
-5984
-4057
-4275
-2085
-3162
-1799
115
3652
3598
161
5425
5221
5870
7286
8467
8770
7587
14784
7950
10147
6271
5333
10372
5492
4176
5276
8033
2384
1433
599
-3055
-9207
-8002
-5869
-2165
-1076
-1365
-298
-5517
-1004
-4670
-7261
8623
4544
-853
-471
-1931
3888
-2755
80
-2815
-249
-2416
-532
2897
1434
1687
1175
1576
2821
1657
-2956
-1940
160
2459
1902
2241
3961
4332
596
-3022
1630
-1398
-539
-603
-3280
-1475
-1156
-409
1348
1085
-1300
-2694
-5787
-7412
-9358
-8587
-8729
-6320
-4045
-436
-5299
-6187
4527
-910
-887
-1097
-695
7203
8411
7214
4267
1067
715
1781
1319
3696
2868
3155
4548
3325
3762
734
-1259
1243
1007
1138
862
-3427
-4883
-5006
-5193
-5573
-6136
-5217
-3909
-3945
-5039
-5393
-2724
-2951
-3973
-811
-301
-576
-533
-994
-142
290
2312
2839
5212
10612
1960
4554
13120
6347
8265
9334
8055
6885
9952
10088
702
6043
8667
7201
8807
6105
6119
6120
6914
8394
6962
4015
5304
6891
2496
-281
4892
3181
-1086
-394
701
-132
-1315
-922
-4415
-4189
-3716
-6478
-6101
-7938
-10073
-10540
-14494
-14178
-16572
-16436
-16082
-12246
-9423
-11874
-2874
-10763
331
1094
-2585
-1218
-618
1795
656
5841
5268
3190
5892
5670
5517
8558
7697
9038
8647
10571
9840
8744
5910
-495
3929
6187
6070
6479
5773
3920
4383
4270
4632
1324
672
1824
-1416
-3200
-4921
-6097
-7824
-10213
-9558
-9965
-12379
-13015
-13521
-14624
-14483
-13600
-16043
-10349
-13837
-14726
-4964
-2539
-127
779
6641
8194
8659
12998
12174
11560
14436
16186
16710
16890
17139
18799
18680
11753
11344
11842
8618
9418
8895
8601
10011
8666
8700
6147
-4541
709
1920
-2441
1095
-1579
-1341
-2083
-4233
-6348
-8408
-8287
-8670
-9545
-10723
-12777
-15562
-12621
-8829
-6814
-5536
-9671
-7378
-582
-1040
-4279
-3859
-2719
-2044
-1986
-1527
456
-309
645
1295
1331
2349
1105
2788
3867
2566
4511
6054
1907
3888
4634
3732
3244
2439
1861
-359
150
-1191
-1427
2979
3388
2770
-5070
-3876
-5331
-3514
-9743
-7721
-6941
-9240
-11126
-9421
-10150
-10343
-8028
-8450
-2611
-845
-4244
5512
7044
4520
4560
4900
6267
5774
6565
7783
6734
6485
6309
296
-2481
-572
-2640
-3404
-3612
-6266
2500
-6499
-4264
-16
854
3305
1683
2417
7474
7812
8555
3205
5453
3956
3030
1071
618
1141
-300
3229
-4666
1675
1709
-1058
-7056
-3282
-6212
-5484
-8111
-3852
-2261
-2468
8461
6945
7698
9148
11633
11766
11013
13778
13180
14604
7410
2887
8159
10185
9434
7219
6064
6227
5860
5274
802
-1431
-357
807
-1137
-3936
-2672
-3555
-4635
-5988
-7258
-8087
-8905
-8452
-8705
-8975
-9152
-10220
-10295
-7710
-12218
-4182
-4809
-14982
-7790
-7423
-5166
-3443
-605
199
-3658
5176
7953
5482
7293
9754
6924
5909
9656
5836
6774
11649
10763
7429
7766
9031
10150
11095
12901
10748
8459
4831
-648
2622
3874
628
-1445
-2714
-4077
-3167
-3228
-4053
-6325
-8001
-11039
-14063
-16835
-17740
-15516
-16149
-12121
-13324
-10640
-6835
-11556
-8099
-8510
1343
1267
570
4056
1400
14682
13049
14401
15014
16748
14634
10972
16027
19040
16184
14693
11756
12567
11547
11566
8904
2089
6401
7408
8641
8196
-775
1941
1840
1707
239
-696
63
-4030
-6975
-7611
-8384
-3394
-6460
-11776
-11806
-14433
-7456
-10985
-13886
-13050
-16488
-14304
-14337
-14648
-12685
-12997
-11373
-11311
-6560
-7317
-6463
2913
1962
-1346
-1577
5214
5716
5641
6241
6210
7542
8520
8690
8271
9129
9098
9305
7720
8108
7487
8475
3099
-94
2525
1108
88
225
1591
2369
1770
1628
-846
-2838
71
-597
-3313
-2843
-1989
-6356
-6161
-3690
-7312
-6308
-7961
-8912
-10638
-10352
-8854
-5463
-3835
-9694
-2663
-5645
-5596
-3884
-4381
-2659
557
5808
5661
4144
4593
5866
8230
9470
10036
9274
9002
9507
11167
11689
11735
5732
8954
9475
8376
7933
6797
7800
5685
3468
3539
5866
-309
446
-3996
-6485
-2055
-6335
-3966
-3917
-2700
-2744
-3389
-1974
-1760
-2016
-3530
-4957
58
1369
-9454
936
5258
1723
3137
1621
3671
564
3121
1717
-183
141
-67
-628
-1146
-2516
-2745
-2032
-3873
-5485
-4274
-5147
-7943
-4245
-4213
-3479
-2572
-2394
-3338
821
752
-1193
-278
337
292
-1200
1374
-996
-436
-1120
-1036
-775
-1216
-2404
-821
-806
-1148
1552
-3231
2464
1582
2253
11853
6438
7437
7232
4182
6023
4310
5132
6522
5695
4794
4728
2701
768
-526
-1674
-3007
-3003
-4361
-5659
-9038
-12254
-10994
-11224
-12321
-12902
-3125
-4840
-4005
-1590
-6271
-4649
-4873
-1975
-297
1153
1313
2200
2117
3880
3274
3160
138
2779
1046
-4780
2692
3468
7687
6426
4042
15512
13298
6257
10578
10296
8171
10536
11905
12550
12339
12018
12689
7991
6149
7379
5536
5365
3020
4222
1731
-2606
-4050
-4400
-865
-2686
-3402
-4534
-7665
-4841
-5951
-8270
-5619
-5707
-4394
-5293
-7139
-7832
-6851
-7010
-7604
-9115
-7165
-8223
-14115
-6815
-2803
-1524
1022
1773
-5128
5595
8876
2359
9342
5523
7153
6506
8027
10031
11194
12045
10885
8053
6830
8629
4737
8414
8030
4258
5070
1262
-198
-2446
-1597
-1259
-5215
-3649
-2569
-2588
-3471
-1416
-1097
-5246
-6638
-2759
-3364
-3409
-5333
-6666
-6578
-7624
-15117
-11572
-9225
-10840
-8561
-8170
-4347
-1341
3574
-5250
-1602
6017
6507
9288
10270
12184
12231
13376
14713
15466
16093
15822
16271
15926
14090
12268
11281
11703
8581
9275
11911
-1217
-2479
3599
1238
1746
3328
1958
566
1217
156
-1445
-5095
-4608
2625
-3808
-4192
-3535
-4628
-10994
-10056
-7547
-10305
-9102
-10401
-12941
-9521
-10596
-5159
-8170
-11683
3043
405
461
729
1614
2295
1317
2661
2396
3405
4928
6207
6686
5693
5129
-719
-2152
1531
2143
2620
5432
2210
368
3164
4323
4914
5401
6642
6785
5803
5978
3090
4413
5231
4749
6449
2008
-301
1928
811
345
-1641
-1992
-2601
-3137
-3689
-2489
-1683
-1203
-1129
-4864
1749
2684
-494
1030
-1025
-2001
-3646
-5212
-3507
-2968
-3662
-4094
-3749
-4132
-5900
784
3001
3518
4990
2362
4856
3471
5477
9806
9116
8797
10238
8911
8481
8801
7329
6782
11432
13424
7335
-636
6991
4839
3001
6561
-1666
-3646
3647
517
2072
-958
1860
234
4954
2104
-3576
8659
6957
6222
6903
-1344
1355
1989
705
-1296
-1892
-1114
-4834
-2753
-4470
-4267
-4175
-5908
-5774
-1571
-2630
-2171
-5291
-4048
-2072
-263
-48
-1055
1750
1981
2965
3429
4180
-1682
-602
3122
1867
3135
1265
2015
1228
1707
1126
907
-1751
-499
-60
-649
571
1762
4790
-5345
4717
9189
1836
8367
5338
6114
5866
4882
3543
-175
2625
2418
26
7043
4714
3875
5914
3404
2946
3649
2921
-458
-658
1355
943
237
-1565
-1488
-2041
-3026
-8076
-5843
-3228
-3881
-2623
-6668
-4471
-4230
-2748
-2563
-2170
-2965
-1454
-1625
337
1467
1230
2344
8188
7001
3206
14658
12031
10123
12652
11202
10616
9363
7085
1317
3694
5957
5619
6265
4847
6261
6662
6861
7215
5876
7414
7547
3662
3644
4782
6219
4568
2641
1140
-5918
-1633
-967
-1950
-2107
-4495
-3695
-6126
-6983
-7249
-6384
-8669
-10504
-12135
-11565
-11528
-12682
-11179
-10141
-10315
-12717
-2570
-5562
-1343
7765
913
4998
3528
2599
7138
-708
2127
7612
7633
8022
9701
10751
10542
11550
10593
10809
9401
8733
10779
7174
7556
10832
6229
2478
-2285
987
3001
2864
2350
1500
1334
812
-658
-2391
-4861
-6461
-6441
-6843
-7438
-8384
-10516
-11113
-10811
-11928
-11316
-13475
-11939
-8895
-14529
-6750
-2868
-6111
-1856
2065
4322
4285
8004
7349
8791
12413
14020
14614
15640
14908
16643
17408
17012
18752
18092
16209
13730
15697
11778
12505
13447
13204
13681
2526
3024
5873
3480
4867
3357
1252
-731
-2530
-3517
-3154
-5694
-7757
-3374
-4526
4403
9625
6803
8027
6301
12870
13156
12115
13040
12803
11019
9597
8193
8877
7468
7225
6573
5936
7329
4904
4848
-2173
-1528
364
-3919
-1504
-3767
-1354
-3414
-5118
-1914
-9827
-8865
-4035
-5615
-9323
-12965
-13830
-4063
-8190
-12299
-9883
-9412
-10439
-3423
-4490
-5896
-9368
-6292
535
4255
1014
4621
12276
10773
12045
11039
13548
15747
18238
16981
16119
17361
15221
14788
14000
13314
12073
12301
10697
9891
8836
7852
5341
4225
4073
3061
136
842
277
1120
1570
-1072
314
-109
-3335
-2952
2341
-4069
-6084
-3206
-4503
-5226
-6208
-7850
-9104
-8656
-11287
-12139
-12595
-11140
-1513
56
-4302
-1360
7904
4890
6071
7765
8418
10798
7453
7593
9201
9737
10801
9758
8337
7364
5572
6031
4692
6177
6229
962
-2928
-5890
1861
-1018
-1732
-1605
-531
1219
1070
-1283
-967
4801
95
-469
145
-730
-740
-1097
-2534
-4360
-4197
-5308
-7215
-8908
-8035
-10057
-10293
-9418
-8725
-6365
-5526
-8369
1477
5217
-774
3636
7255
10381
10438
11515
13125
14120
13592
11353
12099
15065
13005
13644
13516
10552
9343
11905
11182
4527
11814
12770
13451
10586
9709
9126
9226
8187
6195
6088
5204
6002
2922
2764
1243
-616
-749
-1822
-3612
-5345
-6041
-11746
-11636
-11237
-11561
-12389
-10010
-6926
-9263
-12647
-5972
-2507
-3381
-2776
-2519
-1055
-2955
-1028
-1841
-292
4342
3467
6254
6937
3239
2939
7697
8492
7897
9396
7813
6376
9531
8486
7066
6781
5350
7611
6828
5357
4978
2681
2700
4365
2399
1681
1234
314
985
-956
-2737
-3345
-4000
-4947
-6742
-7240
-5739
-8171
-6035
-5526
-3361
-3141
-10376
-3172
-3149
-6900
-4637
-7490
-8192
-5510
-3029
-4464
-3202
-2115
5510
9929
9621
12014
12340
13683
15809
14775
17979
14749
14017
18194
19760
17882
16580
16503
14626
13859
13179
12822
12325
11663
10232
8880
7382
5193
3583
2402
1389
-5139
-6083
-7898
-9552
-10562
-10136
-9533
-9865
-6353
-2705
-4324
-10223
-5146
-935
-3938
-2835
-1524
-2222
-3215
-2380
-2150
-2097
703
2649
967
1450
2337
4235
5484
7033
5974
8784
9439
5742
8807
9377
8003
7520
9276
9270
8961
7786
6830
5090
3591
4951
2023
52
101
-2873
-4334
-6461
-1084
-3345
-4375
-2811
-5545
-6989
-8794
-7242
-8504
-5256
-527
-6537
-7186
-798
-439
-2931
691
-895
-1406
1003
706
1776
721
-600
-5608
-3853
-3199
-3873
3316
4069
2672
4348
7116
6600
6340
11465
12303
15368
13055
13485
15184
14854
15232
15615
13283
13538
11206
8223
8310
5618
5823
5123
4220
2802
825
-461
-2100
-4482
-5236
-8498
-6017
-1190
1164
-1900
-7907
7
3729
1506
3108
3258
4853
3715
3041
4259
6016
1142
-1280
1770
638
317
-649
-1681
-1063
-862
-403
-4349
-305
2827
2814
3566
-2042
-625
266
-461
-2667
2525
3869
3652
3088
3061
-2306
-3423
-3298
-4991
-5845
-1398
-4603
-5466
-8497
-4873
-3186
-7319
-7742
-4077
106
606
-1284
-7864
1533
2584
1190
5552
5815
7352
3577
5457
7673
7120
9187
5793
5921
3956
3474
3570
1721
1796
-846
696
-4319
-3636
660
1456
1392
837
3634
4309
5698
6960
7158
6601
6945
6374
6833
6150
5292
3855
4055
1303
2388
3245
-947
513
-2260
-3124
-1320
525
2607
7397
5117
4823
10907
14331
10313
7126
9068
11562
9766
11079
10291
7282
8130
7722
8093
6153
6320
6509
4099
4251
3439
2755
-7305
-7104
-4111
-4935
-5108
-5581
-5070
-4127
-5072
-4472
-4820
-6299
-5932
-7049
-7492
-7363
-6630
-3936
-3748
-2831
-3011
-4687
-1892
-1366
-1678
-3187
-1695
-2733
98
4447
3244
1421
-638
9671
7871
5390
8711
6205
7283
6737
6629
5873
6943
6467
7127
5291
4293
4275
2423
3423
1921
2430
922
-4974
-5568
-5155
-7624
-9280
-10577
-10375
-11628
-10789
-12442
-10937
-7574
-7698
-2619
-4247
-4447
-4066
-3370
-438
-3049
3284
2348
3985
4923
7620
7180
8955
10918
11516
17544
8209
14626
22158
14924
16302
16995
13456
11356
10339
12739
11274
9175
8687
7783
8474
7810
7940
7484
6047
5052
4306
986
-4799
-4763
-3713
-2097
-3345
-5601
-7049
-6735
-8511
-6723
-5840
-9445
-8919
-10070
-8408
-7317
-7164
-6582
-8296
-7055
-5652
-5550
-5736
-1862
-4677
-10014
-4549
-2755
2010
3944
-1127
3103
11969
13447
9847
10269
10184
12530
11746
11770
4399
11253
11199
4146
3927
3822
3969
6157
6151
4483
1871
767
320
-3291
-5971
-5910
-5703
-9662
-5675
-3924
-6330
-6157
-7514
-7606
-6064
-6733
-8209
-9520
-11079
-10096
-10291
-10469
-6320
-8127
-11382
-7465
-6608
-4299
-1948
-1856
5629
9369
3376
5369
17834
18087
14154
20003
19468
18740
18203
17801
18041
16616
13710
14197
14458
11236
9445
5985
6733
6807
5984
3099
3313
-3897
-5624
-497
-2359
-4975
-7023
-1890
-3045
-3917
-3930
-3083
-4443
-4537
-3611
-4832
-5198
-5875
-4429
-11094
-9521
-6544
-9179
-7953
-8107
-9012
-8117
-5829
-6118
-330
2630
-3467
919
9606
4574
4316
8012
6271
5956
4742
6138
6121
7356
8362
6695
6036
4988
7097
4253
3163
428
-613
3031
159
-1303
-1196
-2501
-3866
1600
-421
-4583
1318
1873
1894
-3749
802
-773
-2884
-8865
-8047
-4825
-7449
-7700
-10152
-12585
-14121
-10544
-12151
-16394
-15185
-13235
-7091
-4588
-8897
-4537
6779
5926
7120
9546
10791
11963
11117
10759
14782
16028
16723
16665
14582
13375
7495
8993
15700
7251
5689
7903
6410
3358
2238
3253
5109
4410
4464
4278
5323
3274
2136
2454
-5380
-5660
-3091
-5301
217
-2415
-3044
-3507
-4517
-5097
-7963
-8260
-11447
-11753
-11874
-10061
-5794
-2266
-5583
-9005
1417
2182
277
2799
-209
1720
2455
6924
5705
2876
2375
3400
7788
6827
6558
5899
7033
9259
7576
7813
7953
3017
3688
7043
7301
4037
2291
3746
3219
-305
-4675
434
196
-3752
-4469
576
116
-654
-854
-2023
-9064
-8385
-9728
-11498
-11622
-11764
-6351
-7185
-4052
-2716
-6288
-7931
-5143
-5370
-7915
-3969
-5126
-4464
-1505
-398
2442
4415
6515
9542
8972
12052
11337
10307
13454
15713
17260
18162
19668
15899
14413
15717
17086
14177
5651
10016
10456
6205
5429
4378
5423
4459
2779
1192
1770
152
-1663
-2764
-5185
-2552
-9272
-9178
-9601
-9698
-10820
-10717
-9804
-6351
-8840
-14128
-5637
1087
-11174
-7917
-9362
-3815
-4048
-3656
-5741
-1850
3039
93
1921
1063
2159
3786
7078
1646
1782
2142
5872
8203
3345
2330
5243
10081
7222
7576
8048
5237
5598
6039
5419
3607
2677
2192
1797
-90
-805
-580
-4603
-4373
-5870
-7901
-6979
-7435
-5201
-2869
-3756
-686
-3007
-10705
-1575
-1306
-4182
-2077
-6543
-5872
-5331
-5759
-2276
-1226
-1649
-2201
-2462
-4626
430
3545
-856
2750
6840
5974
5699
11495
9448
8607
10662
12162
13353
13522
14439
13644
13393
11803
11564
9445
8052
7937
6202
4294
2601
-2179
-5328
-2917
-5039
-5760
-6681
-7693
-7845
-11869
-7659
-5967
-3026
-9076
-9086
216
-5359
1229
2006
2583
3206
-3174
-1847
-1852
-1210
-875
-2255
-1126
-505
425
-1955
-5607
-337
-2198
-2403
-251
-3294
-3874
-1626
1740
3682
2845
1944
3711
5629
5885
5102
4432
3182
2993
221
-194
-1122
-1421
-1941
-4628
-4905
-6404
-8814
-8775
-10465
-11882
-5872
-5002
-2663
-8829
-6808
4956
-14
903
4031
4324
2734
1925
3303
2413
3834
4039
3568
-869
-2764
974
576
954
-1024
-4269
-1944
-2025
-6877
-6058
-3055
-2399
-2944
-1896
2350
3923
4766
7004
4316
2942
6172
5992
4037
4493
5763
6551
3885
964
1301
-516
-2154
-777
-3469
-2812
-1300
-8396
-2
2783
679
13260
9766
9639
9990
9605
5461
4848
6983
6170
1293
1838
2577
3081
2661
5841
4550
5469
1091
1752
1427
2851
-246
-5455
-3578
-2790
-4558
-6678
-6762
-6503
-7276
-7899
-7065
-6004
-6238
-3265
-3302
-6645
-5655
-4704
-4556
-4591
-3334
-4313
-3074
-4397
-3995
-2781
-923
4593
6582
633
2165
9086
5151
6885
6130
6837
4366
4016
8635
5730
5494
8585
8518
9912
9097
8197
6802
6227
6266
-719
-1739
-1042
-3413
-8601
-7563
-2429
-8157
-9713
-11815
-9910
-11795
-9139
-11194
-9386
-11184
-9757
-8752
-13242
-4947
-4127
-2844
-1434
-2533
-1328
1209
4305
3960
3366
6791
9798
15046
13410
9595
20660
20871
9830
13952
18238
7440
9664
11595
8631
10618
9398
10405
10772
11198
8729
6732
6270
6026
5191
4715
4085
2213
-1298
-4300
-1684
-3753
-7629
-4331
-3421
-6451
-6056
-7058
-10255
-8492
-8502
-9946
-9917
-10402
-10192
-9634
-9173
-8724
-7528
-5158
-2061
-3512
-3486
1361
3214
6857
998
-1755
13676
12778
8289
10120
7459
7122
8416
14093
13670
11694
8378
9571
9890
8798
7889
8035
6965
6543
6269
3846
5672
-1163
44
-6448
-4172
-5480
-7031
-7918
-8676
-4962
-5242
-4921
-13709
-14161
-12128
-11466
-14924
-14414
-14570
-13859
-13360
-11409
-10179
-8513
-5159
-1751
-790
-1996
6054
9049
8701
5147
14860
19302
17351
18991
17537
19411
16176
16856
17688
16187
17437
15862
15532
16784
5339
6757
8163
8749
10681
6073
7154
7749
-5596
-793
426
-4038
-7042
-5462
-5287
-11671
-7334
-8298
-8800
-10248
-5136
-5124
-5425
-4862
-7403
-6308
-6029
-7445
-5303
-9334
-10485
-6421
-12649
-9975
-8703
-3125
-2916
-7366
5344
6462
366
3922
5354
7035
7169
8352
8188
8719
9953
9393
8584
8417
7031
8553
6869
7274
7010
-544
2530
-1864
-6555
-3956
-2723
-2673
-4901
-3313
-3799
-5308
-4953
-3711
-3403
-4806
-4696
-2014
-2453
-1909
-2092
-3018
-5992
-9743
-7737
-9159
-9712
-8569
-11341
-9957
-8920
-5044
-2572
-9076
-260
5122
3163
4735
5625
10838
11565
11458
11428
13609
14549
15879
17795
16046
18064
15836
14499
14455
13921
11955
11660
10230
8096
3824
2655
8366
3356
4420
5252
3030
1713
-1411
-2060
-2519
-1078
-676
-2120
-4955
-4602
-3292
-5386
-7396
-9789
-7490
-6349
-6117
-6033
-11548
-9107
-1679
-4536
-10713
-3128
55
-3165
-1651
-3621
-1956
960
1219
984
280
1022
-104
-252
919
990
253
394
2700
2159
4526
5519
2247
1277
-532
1675
3089
4909
4826
3841
3407
3839
4254
3392
1879
-3437
-3948
-2688
-4525
-4177
-5161
-6239
-6402
-8186
-9121
-5736
-6055
-5345
-5348
-5689
-1499
-3735
-12431
-10857
-1035
-4236
-7156
-6273
-5274
-5331
-2074
2722
1230
1153
966
5399
8582
7945
9752
10187
9790
12163
14071
14575
17040
13800
13158
17044
16155
16320
13830
15077
17181
11083
9552
3235
7017
8030
4654
3167
462
369
-2569
-1239
-3231
-4266
-5744
-6173
-5290
-7109
-10163
-3548
-6226
-6757
-7162
-1553
3912
-1284
-861
-1151
-15
-1252
-2393
-288
-902
-1328
-1696
-971
-1668
42
-5097
-5587
-3305
-1076
1864
2415
1832
1097
6048
8609
6948
6960
3548
2880
6067
4314
4064
5380
5534
4628
4870
4526
434
709
-710
-256
-254
-2759
-3669
-6062
-6978
-5885
-7223
-4453
-910
-4099
-6917
-7104
-3128
-866
-5448
-5745
-5503
-5270
-2227
-5680
-5669
-3759
-5352
-6670
-7147
-3845
-4601
-3909
1521
492
-445
6190
7437
6516
3847
5953
12703
8624
9134
11546
12536
10945
10561
10243
8984
8661
8976
9241
7270
6647
4984
4533
-3022
-848
-1331
-6271
-5383
-7025
-5478
-6595
-1809
-1946
-8193
-5141
1167
-1130
-2406
-591
-155
136
-1266
-429
-1486
-606
1811
698
-737
-634
-1692
-2080
-3094
-1287
1091
-4596
-4021
-3062
-4254
281
965
3079
2717
1147
4065
2977
2561
3525
3994
3402
2881
3441
2256
2031
128
-2840
-1815
-2581
-2834
-2957
-3769
-7093
-5754
-4436
-7170
550
-206
-3881
-1418
5023
3426
1100
5916
2524
2875
2781
1436
5508
7051
6496
7825
6098
6187
5439
-520
4011
2494
1384
2326
100
-5262
-3802
-1685
-1264
1559
-1644
2039
4422
4073
5546
1658
3852
3340
3338
3663
3140
3431
8559
9487
6496
5698
-177
-2916
-1156
-2081
-1737
993
-761
4173
2209
2280
14715
8042
8588
10327
9975
10850
8476
10888
9274
9347
9388
5526
242
4644
5327
4202
3826
2282
1817
2868
2289
-3827
-3680
-1526
-1640
-2289
-3441
-4423
-3029
-4713
-6140
-7307
-8230
-7054
-7396
-6521
-5601
-3506
-3688
-5522
-5912
-6065
-4813
-5703
-3913
-3319
-6071
-4401
169
4385
16
-1413
7977
7923
6110
8490
6823
8922
8602
9318
6959
6095
8989
6437
5103
5869
3644
8664
8351
7212
6496
4910
3740
-496
958
1546
22
-1367
-2819
-2250
-4745
-7280
-13688
-13757
-14466
-13727
-12316
-7311
-14036
-9660
-8020
-7122
-5951
-1382
-1822
-3280
171
1799
2312
6076
10191
12702
12530
8747
20914
18799
16559
19929
19189
12656
6962
15195
13199
13098
12896
11168
10493
10799
9861
9394
9805
8235
6961
5222
3191
125
-408
1572
-539
-2293
-2625
-4268
-4770
-4538
-8005
-11304
-10233
-15115
-12020
-14635
-14994
-14068
-15056
-12892
-17620
-13283
-15966
-9178
-13101
-8235
-5256
-5495
-3975
-718
1704
-3907
7447
3709
8451
13996
10074
12746
11204
12085
11148
14674
6452
5193
5491
9344
10880
5937
5817
4820
1952
462
-602
-27
-4113
-1012
-652
855
-220
-1676
-2328
-4321
-5324
-6938
-9151
-6277
-8179
-11745
-11128
-11676
-11821
-11354
-12598
-13681
-9106
-8505
-7319
-7407
-5983
-2553
3467
9834
2440
6507
17259
14523
13526
19201
18815
20291
19348
21701
21317
20544
21703
19578
19294
18327
18552
8878
10872
12385
7588
6895
7016
2850
1195
-295
-1477
-1240
-5014
-5870
-7427
-7526
-7774
-1965
-8315
-5404
-4354
-8078
-7319
-8862
-9511
-5190
-6102
-8487
-7837
-9050
-7749
-6435
-7038
-10279
-2583
-1196
-2222
-3972
3905
9140
4397
10465
9427
9409
2480
3741
6262
7324
9165
11516
11833
10893
11446
10041
9436
8333
9369
8139
5355
2539
974
772
1351
686
-659
1415
-332
-4867
-1334
2
-2808
-1438
-3406
-4161
-1536
-1592
-3880
-4922
-5289
-6241
-4763
-9205
-12102
-7322
-10248
-10265
-9981
-7114
-6944
-13106
-1648
149
-2321
1297
425
12325
11949
14221
15176
14748
18627
14714
14786
16886
16140
17481
17342
15203
16070
14675
14037
10554
5702
12005
4801
-659
1713
473
3242
-1538
-452
-3808
-1695
-710
-386
-238
-1268
-1235
839
492
-6318
-4495
-5073
-6665
-6841
-7942
-8979
-7660
-5488
-4635
-298
-5548
-5154
4074
1748
1240
2543
2975
2289
3113
3612
2214
4463
4823
3671
4819
5725
6559
3890
2504
3379
310
4215
3595
-1782
-4355
1096
1231
-1693
459
-912
-2741
-538
5231
-3505
1214
-1026
209
1696
-979
-3516
-4880
-6717
-7479
-7443
-8369
-9111
-9626
-8444
-4469
-1514
-646
-6630
-6234
-1818
5484
-1220
269
-870
-479
-971
-2084
601
-1095
1803
1029
117
3273
6419
6343
8354
6571
9992
10613
12325
9102
4540
3750
8683
7677
9536
12240
14283
13621
15365
13097
16550
6300
1342
12262
5673
7049
6118
3981
3819
1116
1358
-182
-1550
-2716
-3450
-4345
-2559
-2312
589
-1529
-4143
2809
1524
-2836
-2635
-4378
-3472
-6066
-5994
-5900
-5528
-4004
-8049
-2104
-1639
-4739
-6409
-6029
-3230
540
2225
-2230
-1917
-1445
2953
4244
5629
4987
4160
6677
3783
2670
4495
3086
-2
221
-1525
-1662
-748
-2177
-2074
-4812
-4696
-4979
-7797
-9133
-2451
-2791
-3048
-746
-3611
-6979
-6729
2743
3313
938
709
-645
-4446
-5556
-1935
-4676
-3636
-5698
-5492
-9539
-6685
-8185
-9643
-6436
-5150
-3780
-1551
580
-1445
1002
5321
6972
8346
4310
7090
14220
13561
9166
6680
7282
8033
9072
9081
11056
11095
11115
8789
9908
6749
-75
3442
2437
200
-501
-3290
-3994
-3137
3005
-498
-3361
8021
3456
3248
111
2890
3079
-1341
112
-2827
3939
-3279
-2448
-105
-1719
-830
-2879
-1602
-2535
-1926
-2703
-1783
-6426
-7258
-1508
-3043
-1612
-1625
-2530
-2642
3537
315
59
-1291
-815
1089
-484
-3998
-2874
-439
-1495
-2746
-5281
-5143
-6167
-4854
-5842
-7426
-3742
-2800
36
-8549
-9006
5027
3639
-1740
-1587
-2311
1232
2441
3309
2794
1516
3129
4239
5679
4753
5862
4708
4451
2754
166
4720
1272
-3631
-3170
-4380
-4947
-5207
-2476
-502
540
-1350
-1021
2347
1517
3195
4374
3346
5080
5330
4399
8484
7054
5364
6153
4760
4992
5460
-2461
130
322
6839
-1284
-4653
6955
7867
7203
6162
8206
7992
8204
10306
9877
10446
11009
10760
8844
7140
4500
3483
4504
4736
4720
4981
3392
-3002
-3844
-1371
-1026
-2189
-6312
-6498
-6720
-9740
-6870
-7149
-9750
-8677
-8995
-9712
-10065
-9822
-10095
-8351
-10332
-3671
-5059
-4251
-5098
-5589
-3107
-2995
1709
398
-51
232
8369
7882
6559
8495
7330
11239
5130
10350
10113
8796
5286
3730
8868
6734
5045
5284
4075
4012
2800
6189
4245
-1480
976
1035
114
-1763
-1628
-2023
-3987
-4274
-5905
-6321
-7934
-9461
-11091
-10524
-8779
-9695
-8743
-10624
-8530
-8910
-8668
-5002
-4774
-5669
-5199
1208
2927
7247
2649
3287
14498
14937
12360
11972
14384
15957
16119
8168
11198
16532
15037
14905
13096
13111
9528
10094
8331
8138
8419
6391
8343
751
-1282
1206
309
-1333
-4886
-3768
-3993
-5073
-5420
-6789
-9545
-10931
-9273
-11266
-13850
-15634
-19314
-15437
-15082
-17081
-16874
-16730
-14560
-15009
-12618
-10033
-8576
-1499
-3146
-2262
8200
5046
9349
3435
2107
11306
7757
9843
7633
8109
8248
8923
9677
5754
5740
7432
7085
9254
9800
10363
9211
2938
3223
4075
3495
1196
175
1185
-843
-3264
-3726
-2681
-4282
-8173
-7737
-10215
-10186
-9228
-12392
-12998
-12599
-10708
-15895
-16405
-13421
-14648
-12400
-12298
-7366
-4201
-7140
-1272
3048
7843
10111
9235
12555
14119
14622
15882
15920
14946
16245
15992
17294
16527
15483
14607
15983
17333
8048
15314
9228
4089
4373
6236
6980
3834
3884
2163
1844
-1026
-751
-2939
-4614
-3033
-5133
-5690
-10240
-7460
-6338
-9352
-8798
-8604
-9084
-9570
-9336
-8238
-7606
-4999
-267
-7781
-10455
371
2797
-1287
777
1720
3344
4699
3429
6653
5929
6381
7927
7073
9320
7289
4029
4952
4590
4615
10494
9764
7480
3786
6333
5036
1591
1895
-508
981
686
1001
-134
-1687
-1678
-6109
-1489
-2814
-5450
-7976
-9931
-9625
-8488
-8065
-7787
-10206
-6790
-6500
-11250
-4550
-6110
-3514
-6092
-6044
2490
-350
-130
-2527
-48
-35
2228
4770
7112
8643
7330
9241
10803
12385
13410
11890
10196
11942
11552
11775
7664
6220
9209
9353
6129
4802
12045
12391
-5840
-4256
4883
1087
3600
2198
1669
1766
2029
433
-72
-439
140
1112
-3384
-4575
-3087
-2154
-3388
-3057
114
-5114
-7723
1419
2129
-598
-953
660
1865
-1202
-1042
-1104
-1242
-981
-2156
-2397
-1983
-2256
-3625
-2579
-976
-2327
5299
1358
-215
-3525
-322
907
-2682
-4148
-813
2401
-498
-1640
-2627
-2799
-2074
-661
-3093
-2891
864
-174
3239
-154
-3750
-1465
-4675
-5520
-1983
-787
-920
627
3694
4115
-3733
1964
5429
-103
2345
1575
518
-1685
-686
1913
1094
-360
-799
-1994
-2053
-4017
-5184
-3380
-3899
-4680
-1793
-3063
-2913
-282
-688
4298
4298
4336
7916
11402
11264
9236
9766
10244
10440
9685
8276
10861
1245
3886
4379
-4749
1764
-65
2058
677
1541
1481
1869
3741
6814
-624
1131
13401
3483
5083
4194
1996
1047
25
1359
-1140
-1415
-1320
-1395
-1484
-3304
-4547
-3391
-4974
-1625
-2780
-6670
-9147
-7197
-3990
-5344
-2756
-3406
421
3122
2334
1537
1974
2694
5255
6585
-565
-631
1525
1124
1763
-417
-834
-1277
-1858
-2834
-1917
-5050
-6749
-1038
-111
3697
-3831
-5753
8788
2986
1644
2093
1040
2531
360
1782
-1453
-1772
-2281
-1281
-1422
-2071
372
-2082
-4935
-8729
-5705
-7556
-13300
-5918
-6997
-9003
-8134
-8036
-7862
-1268
-5925
2944
4289
-1346
4033
7921
6460
6331
8040
8748
9965
10870
8393
6576
8124
2325
3879
3499
9892
12286
9244
9143
-6946
7002
12282
2796
8061
7337
9247
5681
6747
7731
6113
5449
5242
6317
3668
886
-1616
-465
-1049
26
-2347
-5199
1234
-137
-1270
-3306
-4527
-2995
-4126
-2282
-6630
-6307
-4710
-6329
-7856
-7708
-7466
-7036
-5630
-7166
-6632
-6203
-6286
-6580
-6441
-7090
-3212
-286
2055
1935
5666
3578
-2798
11329
2760
2345
4634
4719
1975
2171
4052
4826
6807
4743
4884
5534
8190
4770
5011
7574
6214
6079
5477
3046
3577
4310
3857
4028
3585
-2587
-1214
-860
-2430
-4745
-5956
-4710
-6148
-7067
-9227
-7662
-8938
-8253
-6553
-6902
-6532
-3517
-4064
-2357
160
742
4134
4212
11671
4993
6741
16945
7771
11205
10834
8083
10550
12336
11266
15530
12025
1230
5860
11380
12375
12980
10050
10929
11954
10899
10006
942
4565
3076
-3811
332
2180
134
-3167
-3456
-5688
-6458
-7008
-8781
-9185
-9993
-10541
-11201
-10270
-10123
-12487
-14448
-14273
-14117
-14982
-15706
-14749
-15014
-12881
-8442
-1205
-6435
-6713
5828
2840
5736
6704
5208
5192
2639
6262
5736
5130
5955
6683
9049
9458
10073
8870
7744
11637
12416
8129
4265
7541
7636
5626
6058
4921
4558
4499
3746
2985
1655
202
-1344
-3327
-4459
-7484
-9427
-10660
-11248
-12144
-12380
-12670
-14251
-13349
-13000
-14210
-13740
-11932
-8135
-7942
-9856
-2725
6115
3040
5049
9974
8986
10318
10436
10409
16519
19203
15455
15274
12156
14472
16540
16830
10643
16745
21189
16035
10615
10345
13215
10964
12287
9560
2989
1244
3488
4865
-118
721
800
166
-994
-3429
-3567
-5978
-8796
-8707
-13107
-13946
-14936
-15098
-15304
-16590
-18012
-13916
-12688
-6904
-11420
-14550
2607
-5470
-4927
-3664
-737
2283
-356
6717
6026
9583
9176
9441
11415
6467
7910
9420
10243
11597
7989
8336
5823
7979
7818
7731
8335
5805
6235
1816
2686
2705
-647
-786
-1319
-2405
-4140
-7495
-9282
-4398
-5315
-4056
-7021
-15048
-15187
-11406
-9307
-14627
-14910
-12949
-8626
-9702
-11611
-2812
-3350
-7469
-6797
-2506
-525
-3628
1031
3544
3541
6699
1906
6127
11352
9335
13128
11817
13368
13206
15507
13190
8722
12304
16946
17511
13908
13782
14431
13072
12579
7626
6675
-1782
-1096
-934
-2643
-1611
-3235
-3608
-3393
-6163
-3531
-4646
-8466
-5209
-8363
-7115
-5255
-5770
-1329
-3634
-6604
3372
3825
1686
4617
3137
4057
4399
2808
-261
2111
3699
3633
3930
3468
2593
2646
915
86
789
799
5797
1031
4545
6840
6902
6151
5827
8125
6027
4917
3020
742
1681
1634
1030
-1276
-1564
-4589
-10281
-6046
-10754
-10565
-8732
-11761
-10281
-9265
-9570
-6432
-5787
-507
-5461
-2755
8554
2002
2843
4560
3294
671
4290
5178
1511
2862
1207
910
-815
-1674
-1331
-1556
-2360
-1482
-877
-677
-1817
-3408
3683
4545
5018
6415
6159
8892
8303
8823
8266
8682
7272
4491
4134
5454
5652
3463
2793
6771
3221
2589
1541
-4074
-1131
-635
-521
3161
2032
6295
3999
347
13537
5917
4918
8337
4430
4985
4657
7825
6075
3604
2194
5141
4694
2455
1138
1127
-757
-3572
-6156
-4919
-7145
-12086
-4116
-2557
-4036
-4481
-10037
-4111
-4277
-5271
-6090
-6283
-1637
-1713
-3524
-9734
-6461
-7402
-2255
-834
-7000
-6143
-8047
-6577
-4435
-817
764
4406
8299
3135
-3591
7851
12095
6577
8083
6892
9795
8060
9738
8573
5593
7049
6064
6658
5152
5941
5885
3790
3473
3547
1508
616
-4401
-6907
-3660
-6263
-7510
-8819
-10872
-11695
-9809
-6656
-6406
-7787
-7173
-2594
-1879
-439
471
982
3332
4134
2135
2169
3983
4434
4281
4081
6668
10949
14849
10868
11736
22628
19011
15916
9366
15258
17147
13695
15343
13311
14316
12667
12685
10755
10516
9489
1448
1873
1613
1891
1309
107
-6164
-6337
-4692
-9391
-9390
-8269
-6124
-9587
-9311
-7117
-10936
-13055
-11297
-9418
-10779
-11001
-10425
-7579
-5519
-6084
-6739
-4770
-4316
-5550
-9268
-3558
2592
10453
4816
-1788
13036
10331
7258
7501
5251
5774
6914
6602
7504
7785
6146
9606
9342
8323
6395
8173
6665
4743
2542
5643
-1704
-5573
-3379
-6118
-3943
-4460
-10024
-4166
-4656
-6427
-5860
-6352
-6084
-6737
-7203
-10023
-9280
-10229
-11428
-11432
-10798
-9127
-12577
-9157
-5678
-4929
-3588
-1360
3322
8305
1384
4469
17658
13702
13806
17039
15385
15314
13871
13900
15479
17716
16072
13151
12895
12126
10207
6898
11531
11265
7350
9800
824
2314
4299
-3996
-2033
-628
-2878
-2168
-2481
-3775
-2217
-1808
-1393
-1774
-3414
-3606
-4250
-5215
-5561
-10561
-8242
-7935
-10552
-9005
-10214
-9409
-5103
-3815
-2272
-9074
-8501
6055
565
-1058
3736
2173
3660
3006
4365
9294
10346
10999
9948
10639
9643
9417
6701
-1154
-912
2658
6143
2800
-4345
-1305
2547
2005
2796
3515
4146
2857
2406
667
1007
-1974
-2272
-2305
-3290
-5632
-8577
-5592
-4568
-7279
-8135
-9416
-11945
-11827
-11892
-13020
-12740
-7937
-4088
-12212
-14649
-3926
-2459
-1581
65
2715
3313
3319
5608
8603
9464
8115
8494
8064
9170
10384
10496
10896
14373
9375
15218
13186
8131
11459
9155
9245
9663
8442
3275
8562
8751
7171
6575
3294
-529
924
2908
248
-1136
-2908
-3601
-4874
-5173
-7315
-9267
-10857
-9629
-8610
-11529
-5373
-5475
-15383
-5183
3089
-8211
-4868
-6579
-6042
-5299
-5404
-6027
-6034
-5837
-5727
-4129
-3430
-1590
-1994
-2508
3346
2564
3091
5207
-800
523
4133
5509
5146
2887
5591
5702
5609
-1063
-2631
4202
1010
339
1481
1271
2275
2096
-451
-1548
-3876
-4272
-4048
-6632
-7061
-8948
-7379
-5593
-1476
-5672
-8535
1538
-1644
-1463
-3093
-3913
-522
-4941
-2387
-3526
-4302
-4481
-3404
-6346
-6355
-1200
-1644
1528
1087
3691
7947
8926
7468
10817
13174
12486
11222
14417
11774
6770
13253
12350
13081
12165
9215
9185
7396
5681
2695
1777
-6410
-3119
-1759
-4874
-3261
-6062
-4872
-4439
-4350
116
634
-5739
4271
8241
2347
3374
-84
3505
1061
872
2393
-2182
-7333
-267
-2784
-1923
-805
-1649
-905
-2206
-2027
-2536
468
-1497
-922
1884
3319
-38
-2505
6017
5349
4607
5634
3824
2288
1224
3080
3006
3940
3225
645
-461
-1082
-370
-3199
-6571
-4646
-7035
-7482
-8033
-4528
3052
-806
-7501
-2187
2464
3947
-1853
448
6201
-313
4341
414
-3664
4013
-451
-470
750
-224
128
-788
-122
-274
-3604
-4386
-10355
-12008
-11828
-6614
-5976
-4214
-38
1494
2953
4911
6973
5226
5480
6774
6790
8445
8987
6041
6478
7110
6752
5046
5272
5362
7008
6239
7837
5388
10160
2599
-7316
12462
10518
3505
5188
9052
6245
5136
8247
6783
7177
6132
6347
5193
4670
4261
4639
4091
3840
3497
469
-6398
-3881
-405
-867
-1049
-3843
-3222
-3254
-6003
-5676
-5254
-5715
-6439
-7943
-6704
-7754
-6854
-5774
-6889
-6804
-5634
-6742
-7334
-9311
-9008
-8304
-10485
-2856
-32
5954
-1120
324
8203
6631
5745
4564
7095
5862
9374
11088
11017
11847
12118
14555
12620
11860
12006
11528
7088
5467
8692
8669
4849
2602
3991
-1768
-2150
-3741
-3818
-5767
-5654
-5210
-7359
-8992
-9243
-9413
-10262
-9915
-9659
-9381
-8721
-7929
-6362
-3595
-4419
-5386
-3669
-990
503
5140
7569
2801
6650
16287
16109
14231
16574
17351
19792
18322
19034
18801
16371
14686
5913
12550
13331
4841
10252
9443
9995
9095
8169
7018
1966
4896
3287
289
-1799
-2752
-105
-2595
-4376
-7268
-8287
-7379
-9262
-9474
-11874
-13526
-13695
-14722
-16241
-17471
-17097
-16979
-15635
-15432
-13503
-13836
-10101
-6089
-1821
-3599
-6368
7593
7482
7831
10686
9999
12025
10433
11937
9854
11815
9676
6950
11162
11263
12183
7710
6019
5974
6175
7374
1476
3759
6797
5146
1556
-561
1523
881
-1119
-2124
-2720
-5081
-7616
-6446
-7575
-9560
-11016
-13508
-13618
-15278
-13718
-14717
-15222
-17535
-17372
-15964
-16655
-13589
-8538
-6966
-13430
753
3693
486
7566
9127
12271
10773
12250
10478
10628
14320
15611
14990
21666
20636
19780
19954
18702
19876
19148
15897
12808
14451
9794
5160
3924
5456
3071
3341
3814
2100
2921
1504
-1072
-3435
-4469
-5709
-6223
-6856
-8270
-11128
-14315
-10127
-12183
-13308
-11913
-10462
-7988
-6216
-616
-6411
-5924
4462
2709
-60
2735
1464
-1388
775
5435
5049
3429
6082
5932
7435
7504
7581
5577
5146
6100
6617
6970
-2466
5794
8851
7451
7536
6369
8362
5668
3241
-2509
-3884
-5426
-2939
-5591
-3971
-1793
-3538
-6820
-6516
-2998
-7201
-7875
-8202
-9310
-10902
-10922
-10055
-7412
2402
-976
-7247
1147
4523
-3075
-2815
-614
-3491
-1567
-2824
-5487
-4395
-1681
-1271
485
4925
5627
7305
8505
8992
11146
11505
7026
10631
12664
12771
12521
10181
11773
11650
10034
8385
4609
3724
3983
3125
7338
-5
2464
-2061
-8600
2648
-6488
-5061
-4196
-3423
-4223
-5618
-4605
-2652
-620
4852
-4423
-6772
5496
4436
4447
4822
4643
4630
1940
3205
1956
3458
2734
1203
695
-1164
400
-2654
-2822
-2420
-980
-2621
-6358
-4972
-3218
-3504
-5309
-6254
-4725
-3863
-933
-1752
-2724
-3966
-6547
-1360
-4689
-2597
-3195
-5035
-3304
-3368
-3089
-7421
-4146
-3773
-2629
-983
2346
4497
3717
1038
-111
12637
8534
3710
7904
5551
7581
5371
5255
3960
2100
2064
1574
7066
3148
-2808
-4901
-6020
-6275
-4581
-4942
-7793
-6736
-7504
-8390
-10606
-9828
-4498
-5219
-3329
-2156
-3525
-532
891
2933
3409
5461
6379
7929
8069
7335
8563
6904
8271
8629
8198
1370
3331
7662
10263
12317
-4718
5583
12418
8777
12832
8690
9158
6571
12025
10734
12874
10831
9530
8338
6833
6565
5395
4542
4126
3561
3139
-2127
-6696
-3834
-5515
-4612
-12148
-11488
-12635
-11643
-9339
-11847
-10718
-9165
-7035
-6208
-6001
-4544
-3283
-3928
-2797
-2943
-922
-6202
-7022
-1689
-805
-596
70
6790
4944
1135
9931
13621
11040
11963
9278
10098
7586
6184
8608
8245
9185
9891
8493
6748
5341
4856
4014
3486
2269
-476
-3152
-6823
-2611
-1496
-2338
-6793
-5625
-3347
-8227
-6563
-6246
-6865
-9956
-9950
-10026
-11079
-10026
-9801
-8211
-7346
-11236
-10799
-5649
-5848
-1833
-1714
-1785
2007
4384
8767
2862
7122
15733
12576
14377
15278
16373
18570
14720
15012
14155
14442
12814
9799
12742
4403
8278
8527
6708
6857
5317
5293
-2805
4
-1753
-1532
-1197
-3142
-1581
-2548
-4104
-2298
-2875
-4281
-1418
-1744
-1973
-3337
-3591
-8178
-9187
-6676
-7972
-9030
-9979
-11194
-9276
-8013
-8624
-4528
-1303
-4490
-4868
4998
3556
1391
3667
1483
3746
3953
4863
4657
2426
4375
6071
4994
7334
7140
6408
7265
7835
6363
5905
2484
2585
2507
3283
3431
2726
3650
5671
5231
5447
5542
3515
5023
3391
4173
-7196
-9709
-6142
-2351
-2673
-9089
-9446
-11626
-11397
-10613
-10423
-10316
-9910
-6765
-8356
-12601
-8723
-4743
-4801
-4667
-2977
-1392
665
4384
7005
10972
9136
9010
10743
10489
12238
12368
13657
11390
15869
16323
8653
11467
13125
11602
9712
12457
11537
12916
7203
979
10161
6410
6560
1707
-419
4481
130
1712
1172
-1143
-595
-1841
-3160
-3619
-3696
-4073
-5865
-5384
-151
-1748
-8866
-880
2796
-2372
2839
501
-2275
-37
-2398
-3624
-5284
-7395
-4303
-7061
-7489
-610
-3336
652
-1493
924
-1604
-330
2679
2869
5465
2174
621
8124
7275
8412
9825
6798
1206
-1787
1275
609
1188
-3744
433
1896
1130
-3622
-5936
-6030
-5307
-6325
-5958
-573
-1138
568
4177
-3553
-1825
1690
-1934
1272
858
-3222
-1463
-3061
-3513
-5305
-1758
59
-1745
-2587
-6750
-2813
-3939
-5181
-46
-4316
-3408
3360
5224
5493
7948
9729
11087
13445
11539
8158
11816
14897
13479
13768
11759
9986
10618
8935
7127
7079
5791
3459
1240
-734
-5260
-3998
-478
-1363
2565
2477
-5368
-531
9682
3391
-118
1885
-2447
-881
-1536
-2922
900
-1054
-2635
-3776
-2150
-2702
-4281
-3195
-1305
546
-4040
-7590
-7292
-5699
-4591
-67
14
-3939
-8598
-8912
-4068
-3959
-4573
-3333
-4403
-4484
-2692
-2388
-586
-1193
-1035
-420
-1700
-3519
-4812
-6725
-6152
-3116
-2530
1145
2275
3606
-243
1220
5294
3015
6755
5105
6413
6602
6658
5961
7684
8112
6842
8402
6550
5976
6117
7096
7465
5603
1891
3971
3481
3349
-255
-5899
-2877
-2749
-4777
-6810
-7432
-10247
-6843
-6799
-6668
-5260
-7696
-6327
-6790
157
625
1964
1793
2380
1561
3089
3397
5467
9830
10494
8691
1619
11504
13579
11758
15655
15424
13497
13189
13696
5599
9577
11544
9814
11962
12164
11125
11248
5824
7218
7912
4317
8227
6341
414
3426
1655
1600
2749
267
-18
-1126
-1987
-2603
-2727
-4063
-5743
-6695
-7861
-7880
-8369
-11579
-10522
-10751
-11896
-11392
-11215
-9776
-9971
-6071
-5682
-867
-76
-6668
6054
7456
3911
6851
6075
8398
4911
7349
10551
11112
11502
13387
14303
12908
9413
6743
7567
8107
1522
-601
5159
3432
4227
2051
1851
1499
1013
768
-849
-835
-865
-2694
-3370
-5501
-8933
-10409
-7908
-8849
-10355
-10667
-11830
-11602
-13113
-16355
-16117
-15804
-14146
-10771
-5214
-5733
-6957
3395
6271
6911
3020
6961
10021
9182
11441
15103
15699
14103
14998
16304
15111
16155
17496
9873
16175
17337
14865
18359
14008
5960
4260
9892
6797
8855
8049
4250
3024
1022
1517
498
386
-1713
-3548
-3652
-4317
-5908
-5863
-9039
-10942
-11793
-15024
-13665
-13334
-13157
-13627
-9993
-4545
-11067
-10929
-469
-101
-1069
240
3019
3291
4141
7292
9128
10185
10612
13781
8884
5182
7643
8258
8792
10631
7057
4219
3867
5114
10991
8783
9627
8158
7440
6603
5700
4123
1874
881
1169
911
-528
-1257
-915
-7526
-10482
-11537
-13365
-13862
-11956
-14419
-10437
-10557
-11231
-8651
-4681
-7705
-10919
956
-160
-2499
935
2802
-1582
-744
-905
-881
3548
27
916
3094
7060
8929
10321
12926
13392
10651
9536
11768
11929
10940
12069
12801
13834
13516
11496
12213
10456
8506
6256
6672
7369
5424
4558
-1491
-10493
-7785
-4561
-6932
-7863
-9773
-9930
-9875
-9747
-9876
-8339
-4135
1206
-11052
-4855
3181
881
1912
4218
4867
3403
1769
-2250
-1405
-430
-1296
-1143
-1719
-1378
-1353
-182
-1174
-301
-5980
-5367
2732
1255
2294
1743
4509
3654
4296
-2540
-3056
-345
-2422
-36
-4835
-6877
-6460
-6499
-2890
-5205
-5823
-7106
-2161
-3780
-3382
-4666
-9448
-5263
-3661
1372
4968
-1499
3419
13251
8987
8307
12399
7395
2045
6184
7132
8926
9160
7948
6046
5294
3527
2953
2277
-1253
298
-7264
-6313
-2997
-4778
-4601
-5189
-5510
-6505
-4591
-3322
-356
1581
386
217
234
125
1551
2119
1949
523
2266
-232
2536
3711
5257
6142
6352
6762
6360
10668
13819
11800
9493
13496
10453
4066
8398
13112
14413
13141
12334
10682
12197
12688
9909
5264
5614
4267
3125
3251
5176
4129
-3217
-4530
-2558
-1831
-5399
-7013
-5498
-7289
-4641
-7742
-8653
-8118
-8679
-7742
-8245
-11485
-9189
-6811
-7367
-5178
-6703
-6063
-4295
-2951
-3543
-2756
-1338
-3118
-2216
5935
9273
1790
2760
10101
7074
6955
8485
8378
7591
8890
12368
9168
6934
7963
9343
10003
10283
8300
9042
8841
7992
3945
1984
3518
2097
-135
-558
-796
-2842
-4071
-7194
-6812
-7421
-10748
-10213
-7222
-9004
-13163
-15198
-15342
-14474
-15285
-13067
-12316
-10056
-9838
-8820
-4065
-1674
-397
-751
-1580
4364
10703
6298
19119
13641
9748
21141
20551
19586
19229
19663
19790
13879
13527
18146
17640
15887
14904
9535
3926
4185
-894
1334
7472
1206
1780
-302
163
-4
-1846
-915
-4558
-1802
-2152
-5080
-3755
-5045
-2912
-4276
-5869
-7320
-7927
-6904
-8469
-7881
-7747
-5916
-9153
-14292
-10909
-9015
-2727
-3688
-9050
1086
3056
402
3164
5858
6508
4128
6425
6307
3444
5192
10270
10663
10279
9116
9705
8452
11256
5777
2729
5085
4455
-1307
-3062
-3239
-4832
-2892
-3070
-2241
-2196
-3916
-1968
-1583
-904
-2171
-3829
-4125
-3966
-6516
-6032
-5993
-6250
-10163
-12785
-9236
-11164
-12640
-12005
-11160
-7640
-9618
-11237
-2524
-5194
-7947
-3324
-2137
6539
3611
5168
10084
10624
12906
6034
12938
8989
13179
13163
9227
12388
9119
7922
9737
10015
9363
11223
7886
7637
7859
8019
9844
7807
10165
222
-869
1978
-2867
5516
-2859
-628
-1224
-7098
-2071
-932
-2034
-4054
-5873
-8222
-7953
-5659
-1648
-1308
-8467
1211
4404
-467
375
507
1355
2320
1371
316
354
846
690
86
-2411
-4190
-2088
-2748
-1931
-3478
-1759
3712
-1661
3004
6395
2576
5186
6993
6891
6435
5316
6436
632
1968
1137
1545
3315
-1313
-4388
-437
-3325
-4059
-3911
-5530
-3922
-4920
-5453
-4788
-3960
-3316
-797
3997
-1772
305
8022
1826
2369
2669
140
-1338
-2204
748
-293
-1656
-1623
-390
-1903
-3215
-4865
-5817
-2627
-10144
-8712
-2586
-2170
907
2182
5771
7478
6740
6729
7554
7184
8202
10429
13069
8799
6386
9532
9593
9930
7221
4673
4143
5904
4830
3766
2554
2726
2386
-6928
-2769
6204
-2347
1663
9775
1513
2528
5393
5707
6822
4438
3412
2029
908
-940
-1508
1458
1895
-287
-4139
1186
-2654
-6389
-1891
-4176
-4938
-5787
-4724
-5529
-5740
-4946
-4129
-4060
-773
-4264
-3401
4
753
932
741
-4641
-5647
-2477
-2188
-4358
-5269
-4962
-2284
-4136
-4192
-3033
-3418
1158
3239
-2589
3880
9806
6374
6538
2510
3260
1535
5072
7236
5358
5749
6469
6718
3170
8088
6384
4711
7604
772
-431
2330
1589
272
-869
-562
388
-967
-4525
-5800
-6330
-6846
-7658
-8007
-10066
-10695
-9795
-9036
-8109
-3998
-9577
-5757
-5119
-397
1237
2057
1447
2614
5733
7367
9677
7060
7125
13332
9334
7126
12310
9288
9180
7683
7504
10601
7812
10475
8737
2270
8287
9498
6976
9037
7254
4434
8440
7656
5191
7316
5097
-4335
-1010
-283
-3731
3605
-4520
-4008
-3128
-4155
-6786
-5712
-8587
-9411
-10079
-11519
-10696
-12758
-13260
-13558
-14140
-12742
-12956
-15206
-10954
-5889
-7939
-7342
-3866
-745
2670
3290
4370
5901
4274
5383
8569
7273
7458
7845
9068
11131
11364
10111
12025
12518
6123
7674
9032
4518
2880
6254
8709
7665
7218
5381
3746
2909
944
978
1170
-1485
-1911
-5913
-6741
-6965
-9758
-9279
-9870
-13769
-13383
-15175
-14859
-14940
-17774
-10271
-9361
-7941
-13089
-3102
-710
-3998
-734
-363
4267
3592
3721
6645
6811
8312
10296
11591
13540
14260
16102
16439
18206
14304
7824
14051
14054
13739
15108
13709
11013
12695
11861
12507
5059
-1622
3238
182
445
1553
-2125
-3554
-4673
-5048
-4827
-5809
-8690
-12393
-12887
-14931
-9983
-12257
-9752
-7506
-7395
-6913
-10753
-1800
-2848
-368
343
-1083
1333
1046
4203
4917
5181
3582
3919
5587
4195
2997
1591
3166
7255
5148
7238
9074
9377
8107
6655
8138
6097
6076
5389
2601
1785
1185
1684
3858
1903
661
-813
-5506
-7007
-8891
-5050
-5334
-8296
-7801
-9843
-9356
-9662
-8092
-6877
-3835
-8674
-7936
1818
-3030
-2024
2
-1145
7949
6166
7450
7297
5240
6238
7033
6803
-517
-1209
2259
2163
2652
-2336
849
2656
3373
3431
1440
7837
8561
3098
3569
4712
4984
5342
6146
8630
8217
7408
6190
5673
7564
4146
6003
2154
399
83
92
-1587
689
-386
-9208
-2060
2224
-1065
1356
9483
7200
7953
9796
7627
9221
9759
10967
10280
9934
3621
3483
6679
4935
4408
2096
3290
1421
-1193
863
696
-1944
-2313
-5022
-6010
-7011
-8197
-5023
-9288
-6258
-5575
-3478
-4245
-5934
-3224
-3464
-3787
-4604
-6682
-3727
-5516
-5125
-3966
-8233
-4094
-1855
-673
-747
5156
-4530
-3082
12553
4464
11258
11238
4059
5615
9216
6690
3996
8010
12698
10701
9694
10487
9475
9688
9713
5466
4676
7372
5597
4613
2239
3047
2428
854
-3264
-3937
-3347
-7949
-5768
-7535
-7726
-7547
-8870
-9142
-11426
-12985
-12504
-11006
-10138
-10156
-9420
-3878
-4130
-2214
-679
-188
4615
5546
3085
9576
14772
14850
19420
16376
13079
14195
18165
20663
17669
14836
13113
14671
12815
3561
5122
10979
6531
2532
6322
3174
2138
1147
3517
-139
-242
-1490
-2529
-4248
-5164
-8589
-8477
-9262
-12256
-5067
-8373
-5920
-8639
-9633
-10427
-9735
-9322
-11407
-9032
-12378
-10013
-6989
-5621
-2060
16
-9932
-630
5384
-531
-304
6258
4688
7836
7441
8209
8821
11863
11928
11031
11703
9858
8413
9775
8722
2611
3881
5011
4048
5261
3085
3595
2133
1195
2977
1672
1429
-2291
-3346
-1558
-1896
-2816
-4391
-2910
-5813
-4662
-4695
-5379
-5763
-7145
-6253
-7419
-8272
-7925
-5475
-8484
-2296
-6434
-8603
-3019
-8271
1123
2391
4103
-3421
5506
7313
7719
11792
12166
13389
14052
13496
15321
15732
16144
15146
5899
9010
10506
10224
8729
10323
10944
10264
8140
3827
3276
6036
4854
2186
-2387
-3839
1229
-866
-115
-471
-2670
-2163
-1173
-3093
-3087
-1640
-2339
-1615
-418
291
-1070
-6534
-1543
10011
2088
388
2040
1899
4019
2969
2807
935
5
-641
-953
-2434
-676
-1820
-4253
-753
-2796
-4609
-1403
-3185
-361
-2562
-814
-1758
-5788
-1285
-1064
754
-2002
-997
747
-1410
1821
1291
-303
49
-1597
-2260
-4119
-3228
-2770
-5678
-5741
-5535
-3279
-8017
-5830
2531
2233
-4111
11189
10256
8332
8927
9483
10060
7532
9437
9531
7978
7902
7864
7123
4404
4063
3575
3596
-2015
-4805
-8357
-7670
-8077
-12156
-8699
-6568
-4086
-6288
-5259
-1776
-1889
2026
2518
4345
4961
6627
7232
7957
8098
7627
7631
6922
7299
7732
3181
2118
4948
8599
7317
11164
7642
10110
18357
4744
7143
10968
9870
10362
8354
10021
7687
5798
5834
3368
5181
2781
2601
696
2159
742
-6844
-4371
-7701
-7041
-7876
-7185
-8245
-9776
-10770
-7421
-5566
-10613
-7544
-8011
-7216
-7789
-10086
-9704
-9054
-8995
-8937
-6548
-6040
-10631
-10083
-5238
-4524
-3747
-2433
-2186
1031
2145
-2517
4657
8504
4687
8410
5802
7067
8802
9210
11198
6434
7140
4341
5625
3978
4494
5824
2782
5856
-1625
1368
3230
977
-602
-3525
-759
-701
-1148
-612
-513
-2076
-338
-610
576
-2680
-5680
-5674
-6106
-4311
-9440
-12489
-12287
-11966
-11282
-11866
-10870
-9174
-7518
-5469
2455
-522
-2102
10227
9157
8364
8346
9998
12990
11359
12230
13285
13597
12927
11024
12509
10598
9617
7145
4118
10699
4847
2754
1932
-3414
-3285
3784
-453
-1293
-1351
-1713
-1298
18
-132
1660
1142
-1369
-2443
-1765
-5797
-12084
-7991
-1774
-2077
-3116
-7854
-6680
-10765
-10983
-9861
-10215
-7606
-5002
-10184
-3489
876
-1616
-480
-423
-80
1127
2242
2211
3357
2538
2861
2339
2880
3851
2865
3795
1202
3297
1461
1408
3493
1969
4593
4601
5588
6311
7079
6907
7375
6186
4973
5048
3007
66
538
2991
784
-18
163
-758
-1198
-1814
-2143
-2027
-3538
-2782
-2873
-6170
1175
-3895
-6292
-206
-1631
-652
-4830
-2797
-1555
-2554
-3781
-5389
-5469
-5984
-4057
-4275
-2085
-3162
-1799
115
3652
3598
161
5425
5221
5870
7286
8467
8770
7587
14784
7950
10147
6271
5333
10372
5492
4176
5276
8033
2384
1433
599
-3055
-9207
-8002
-5869
-2165
-1076
-1365
-298
-5517
-1004
-4670
-7261
8623
4544
-853
-471
-1931
3888
-2755
80
-2815
-249
-2416
-532
2897
1434
1687
1175
1576
2821
1657
-2956
-1940
160
2459
1902
2241
3961
4332
596
-3022
1630
-1398
-539
-603
-3280
-1475
-1156
-409
1348
1085
-1300
-2694
-5787
-7412
-9358
-8587
-8729
-6320
-4045
-436
-5299
-6187
4527
-910
-887
-1097
-695
7203
8411
7214
4267
1067
715
1781
1319
3696
2868
3155
4548
3325
3762
734
-1259
1243
1007
1138
862
-3427
-4883
-5006
-5193
-5573
-6136
-5217
-3909
-3945
-5039
-5393
-2724
-2951
-3973
-811
-301
-576
-533
-994
-142
290
2312
2839
5212
10612
1960
4554
13120
6347
8265
9334
8055
6885
9952
10088
702
6043
8667
7201
8807
6105
6119
6120
6914
8394
6962
4015
5304
6891
2496
-281
4892
3181
-1086
-394
701
-132
-1315
-922
-4415
-4189
-3716
-6478
-6101
-7938
-10073
-10540
-14494
-14178
-16572
-16436
-16082
-12246
-9423
-11874
-2874
-10763
331
1094
-2585
-1218
-618
1795
656
5841
5268
3190
5892
5670
5517
8558
7697
9038
8647
10571
9840
8744
5910
-495
3929
6187
6070
6479
5773
3920
4383
4270
4632
1324
672
1824
-1416
-3200
-4921
-6097
-7824
-10213
-9558
-9965
-12379
-13015
-13521
-14624
-14483
-13600
-16043
-10349
-13837
-14726
-4964
-2539
-127
779
6641
8194
8659
12998
12174
11560
14436
16186
16710
16890
17139
18799
18680
11753
11344
11842
8618
9418
8895
8601
10011
8666
8700
6147
-4541
709
1920
-2441
1095
-1579
-1341
-2083
-4233
-6348
-8408
-8287
-8670
-9545
-10723
-12777
-15562
-12621
-8829
-6814
-5536
-9671
-7378
-582
-1040
-4279
-3859
-2719
-2044
-1986
-1527
456
-309
645
1295
1331
2349
1105
2788
3867
2566
4511
6054
1907
3888
4634
3732
3244
2439
1861
-359
150
-1191
-1427
2979
3388
2770
-5070
-3876
-5331
-3514
-9743
-7721
-6941
-9240
-11126
-9421
-10150
-10343
-8028
-8450
-2611
-845
-4244
5512
7044
4520
4560
4900
6267
5774
6565
7783
6734
6485
6309
296
-2481
-572
-2640
-3404
-3612
-6266
2500
-6499
-4264
-16
854
3305
1683
2417
7474
7812
8555
3205
5453
3956
3030
1071
618
1141
-300
3229
-4666
1675
1709
-1058
-7056
-3282
-6212
-5484
-8111
-3852
-2261
-2468
8461
6945
7698
9148
11633
11766
11013
13778
13180
14604
7410
2887
8159
10185
9434
7219
6064
6227
5860
5274
802
-1431
-357
807
-1137
-3936
-2672
-3555
-4635
-5988
-7258
-8087
-8905
-8452
-8705
-8975
-9152
-10220
-10295
-7710
-12218
-4182
-4809
-14982
-7790
-7423
-5166
-3443
-605
199
-3658
5176
7953
5482
7293
9754
6924
5909
9656
5836
6774
11649
10763
7429
7766
9031
10150
11095
12901
10748
8459
4831
-648
2622
3874
628
-1445
-2714
-4077
-3167
-3228
-4053
-6325
-8001
-11039
-14063
-16835
-17740
-15516
-16149
-12121
-13324
-10640
-6835
-11556
-8099
-8510
1343
1267
570
4056
1400
14682
13049
14401
15014
16748
14634
10972
16027
19040
16184
14693
11756
12567
11547
11566
8904
2089
6401
7408
8641
8196
-775
1941
1840
1707
239
-696
63
-4030
-6975
-7611
-8384
-3394
-6460
-11776
-11806
-14433
-7456
-10985
-13886
-13050
-16488
-14304
-14337
-14648
-12685
-12997
-11373
-11311
-6560
-7317
-6463
2913
1962
-1346
-1577
5214
5716
5641
6241
6210
7542
8520
8690
8271
9129
9098
9305
7720
8108
7487
8475
3099
-94
2525
1108
88
225
1591
2369
1770
1628
-846
-2838
71
-597
-3313
-2843
-1989
-6356
-6161
-3690
-7312
-6308
-7961
-8912
-10638
-10352
-8854
-5463
-3835
-9694
-2663
-5645
-5596
-3884
-4381
-2659
557
5808
5661
4144
4593
5866
8230
9470
10036
9274
9002
9507
11167
11689
11735
5732
8954
9475
8376
7933
6797
7800
5685
3468
3539
5866
-309
446
-3996
-6485
-2055
-6335
-3966
-3917
-2700
-2744
-3389
-1974
-1760
-2016
-3530
-4957
58
1369
-9454
936
5258
1723
3137
1621
3671
564
3121
1717
-183
141
-67
-628
-1146
-2516
-2745
-2032
-3873
-5485
-4274
-5147
-7943
-4245
-4213
-3479
-2572
-2394
-3338
821
752
-1193
-278
337
292
-1200
1374
-996
-436
-1120
-1036
-775
-1216
-2404
-821
-806
-1148
1552
-3231
2464
1582
2253
11853
6438
7437
7232
4182
6023
4310
5132
6522
5695
4794
4728
2701
768
-526
-1674
-3007
-3003
-4361
-5659
-9038
-12254
-10994
-11224
-12321
-12902
-3125
-4840
-4005
-1590
-6271
-4649
-4873
-1975
-297
1153
1313
2200
2117
3880
3274
3160
138
2779
1046
-4780
2692
3468
7687
6426
4042
15512
13298
6257
10578
10296
8171
10536
11905
12550
12339
12018
12689
7991
6149
7379
5536
5365
3020
4222
1731
-2606
-4050
-4400
-865
-2686
-3402
-4534
-7665
-4841
-5951
-8270
-5619
-5707
-4394
-5293
-7139
-7832
-6851
-7010
-7604
-9115
-7165
-8223
-14115
-6815
-2803
-1524
1022
1773
-5128
5595
8876
2359
9342
5523
7153
6506
8027
10031
11194
12045
10885
8053
6830
8629
4737
8414
8030
4258
5070
1262
-198
-2446
-1597
-1259
-5215
-3649
-2569
-2588
-3471
-1416
-1097
-5246
-6638
-2759
-3364
-3409
-5333
-6666
-6578
-7624
-15117
-11572
-9225
-10840
-8561
-8170
-4347
-1341
3574
-5250
-1602
6017
6507
9288
10270
12184
12231
13376
14713
15466
16093
15822
16271
15926
14090
12268
11281
11703
8581
9275
11911
-1217
-2479
3599
1238
1746
3328
1958
566
1217
156
-1445
-5095
-4608
2625
-3808
-4192
-3535
-4628
-10994
-10056
-7547
-10305
-9102
-10401
-12941
-9521
-10596
-5159
-8170
-11683
3043
405
461
729
1614
2295
1317
2661
2396
3405
4928
6207
6686
5693
5129
-719
-2152
1531
2143
2620
5432
2210
368
3164
4323
4914
5401
6642
6785
5803
5978
3090
4413
5231
4749
6449
2008
-301
1928
811
345
-1641
-1992
-2601
-3137
-3689
-2489
-1683
-1203
-1129
-4864
1749
2684
-494
1030
-1025
-2001
-3646
-5212
-3507
-2968
-3662
-4094
-3749
-4132
-5900
784
3001
3518
4990
2362
4856
3471
5477
9806
9116
8797
10238
8911
8481
8801
7329
6782
11432
13424
7335
-636
6991
4839
3001
6561
-1666
-3646
3647
517
2072
-958
1860
234
4954
2104
-3576
8659
6957
6222
6903
-1344
1355
1989
705
-1296
-1892
-1114
-4834
-2753
-4470
-4267
-4175
-5908
-5774
-1571
-2630
-2171
-5291
-4048
-2072
-263
-48
-1055
1750
1981
2965
3429
4180
-1682
-602
3122
1867
3135
1265
2015
1228
1707
1126
907
-1751
-499
-60
-649
571
1762
4790
-5345
4717
9189
1836
8367
5338
6114
5866
4882
3543
-175
2625
2418
26
7043
4714
3875
5914
3404
2946
3649
2921
-458
-658
1355
943
237
-1565
-1488
-2041
-3026
-8076
-5843
-3228
-3881
-2623
-6668
-4471
-4230
-2748
-2563
-2170
-2965
-1454
-1625
337
1467
1230
2344
8188
7001
3206
14658
12031
10123
12652
11202
10616
9363
7085
1317
3694
5957
5619
6265
4847
6261
6662
6861
7215
5876
7414
7547
3662
3644
4782
6219
4568
2641
1140
-5918
-1633
-967
-1950
-2107
-4495
-3695
-6126
-6983
-7249
-6384
-8669
-10504
-12135
-11565
-11528
-12682
-11179
-10141
-10315
-12717
-2570
-5562
-1343
7765
913
4998
3528
2599
7138
-708
2127
7612
7633
8022
9701
10751
10542
11550
10593
10809
9401
8733
10779
7174
7556
10832
6229
2478
-2285
987
3001
2864
2350
1500
1334
812
-658
-2391
-4861
-6461
-6441
-6843
-7438
-8384
-10516
-11113
-10811
-11928
-11316
-13475
-11939
-8895
-14529
-6750
-2868
-6111
-1856
2065
4322
4285
8004
7349
8791
12413
14020
14614
15640
14908
16643
17408
17012
18752
18092
16209
13730
15697
11778
12505
13447
13204
13681
2526
3024
5873
3480
4867
3357
1252
-731
-2530
-3517
-3154
-5694
-7757
-3374
-4526
