2539
3213
3013
3134
2943
3121
2979
3078
2975
3047
2764
2714
2717
2670
2472
2485
2466
2455
2456
2453
2454
2369
2191
2022
1939
1891
1794
1800
1924
1968
1881
1737
1723
1563
1592
1624
1592
1517
1585
1519
1476
1669
1676
1723
1798
1773
1690
1834
1959
1901
1900
1870
1827
1876
1941
2001
1969
1963
2040
2162
2147
2194
2332
2311
2281
2288
2154
1955
1980
1783
1733
1871
2104
1918
1596
1570
1595
1731
1537
1619
1692
1721
1817
1940
1972
2089
2262
2211
2283
2437
2491
2559
2762
2909
3128
3219
3290
3320
3357
3504
3623
3840
4016
4085
4164
4076
3828
3676
3922
4085
4014
4041
4072
4039
3985
3942
3792
3755
3857
3900
3812
3729
3695
3720
3748
3760
3700
3713
3745
3691
3624
3534
3358
3191
3091
3018
2957
2989
3050
2917
2963
2960
2846
2801
2674
2758
2755
2610
2557
2565
2616
2604
2595
2583
2552
2506
2511
2471
2396
2286
2372
2467
2461
2428
2423
2537
2582
2588
2572
2611
2584
2510
2457
2458
2447
2486
2592
2701
2740
2748
2797
2782
2725
2695
2754
2741
2627
2650
2697
2663
2632
2623
2421
2306
2485
2482
2338
2178
2216
2156
2031
1951
1886
1902
1901
1962
1855
1689
1553
1597
1695
1862
1995
2068
2077
1899
1747
1588
1568
1605
1794
2012
2015
1856
1715
1648
1527
1497
1492
1338
1374
1620
1543
1482
1482
1392
1447
1476
1433
1481
1638
1606
1572
1631
1581
1537
1581
1629
1730
1963
1901
1726
1785
1867
1933
2021
2095
2108
2123
2150
2239
2319
2386
2510
2544
2510
2542
2678
2766
2715
2613
2564
2500
2478
2449
2336
2408
2457
2404
2394
2333
2363
2417
2367
2297
2236
2227
2217
2135
2101
2108
2009
1901
1749
1639
1668
1580
1463
1476
1364
1120
1038
1045
1050
962
873
892
1028
1058
936
886
847
1025
1167
1121
1026
1020
1160
1229
1206
1167
1262
1396
1453
1450
1399
1367
1383
1402
1424
1343
1253
1233
1310
1355
1233
1244
1213
1176
1214
1159
1078
1069
1145
1163
1106
1023
922
972
1041
985
933
874
891
902
879
839
770
791
779
700
739
745
749
805
717
770
792
547
402
343
347
348
414
491
501
570
636
610
549
707
861
880
835
854
786
619
613
528
435
459
432
405
374
383
279
228
263
184
226
89
35
34
-83
-260
-270
-268
-356
-297
-347
-315
-391
-363
-340
-465
-546
-558
-534
-606
-509
-340
-355
-323
-241
-250
-281
-377
-335
-235
-250
-207
-259
-267
-290
-351
-304
-288
-282
-278
-297
-368
-468
-571
-526
-666
-666
-485
-365
-230
-201
-226
-224
-325
-349
-312
-553
-759
-739
-681
-767
-609
-659
-847
-857
-865
-862
-868
-929
-1075
-1148
-1294
-1392
-1349
-1330
-1469
-1509
-1552
-1629
-1630
-1843
-2065
-2192
-2229
-2281
-2306
-2303
-2422
-2507
-2594
-2610
-2592
-2468
-2332
-2316
-2284
-2243
-2229
-2219
-2195
-2152
-2084
-2022
-1907
-1857
-1857
-1908
-1861
-1837
-1845
-1764
-1592
-1423
-1430
-1403
-1488
-1516
-1498
-1520
-1492
-1448
-1460
-1492
-1413
-1363
-1398
-1453
-1492
-1479
-1389
-1330
-1385
-1371
-1336
-1348
-1280
-1263
-1308
-1359
-1394
-1369
-1299
-1374
-1430
-1465
-1530
-1612
-1749
-1860
-1948
-1968
-2012
-2086
-2160
-2107
-2106
-2124
-2168
-2236
-2271
-2328
-2344
-2292
-2164
-2123
-2078
-2027
-2014
-2035
-1991
-1988
-1997
-1910
-1884
-1818
-1702
-1739
-1888
-1932
-1887
-1866
-1965
-2016
-1961
-1874
-1866
-1858
-1768
-1657
-1650
-1673
-1650
-1730
-1789
-1804
-1838
-1874
-1954
-2060
-2083
-2114
-2111
-2137
-2134
-2149
-2235
-2281
-2270
-2234
-2268
-2314
-2254
-2179
-2138
-2070
-2059
-1938
-1757
-1615
-1484
-1348
-1274
-1249
-1259
-1275
-1132
-990
-1026
-951
-746
-769
-785
-726
-750
-731
-663
-699
-775
-613
-588
-591
-501
-538
-523
-525
-575
-622
-617
-669
-725
-761
-745
-867
-1048
-1186
-1239
-1228
-1319
-1286
-1181
-1019
-1039
-1063
-981
-903
-757
-654
-534
-456
-459
-453
-397
-314
-341
-366
-210
-70
-25
36
192
268
365
351
337
270
180
268
255
321
275
236
368
344
117
35
90
10
-87
-139
-177
-231
-250
-271
-310
-495
-641
-628
-712
-734
-767
-721
-851
-924
-928
-1093
-1023
-1216
-1308
-1208
-1328
-1363
-1488
-1459
-1466
-1657
-1620
-1739
-1802
-1771
-1872
-1807
-1617
-1610
-1683
-1674
-1629
-1637
-1737
-1827
-1956
-2085
-2141
-2166
-2077
-1894
-1955
-1988
-1852
-1831
-1931
-2072
-1984
-1980
-1946
-1895
-1908
-1805
-1801
-1665
-1618
-1438
-1249
-1189
-1117
-1091
-1076
-1052
-954
-948
-668
-670
-931
-799
-654
-938
-1091
-855
-879
-847
-856
-826
-815
-1001
-1006
-1032
-1017
-982
-1055
-1021
-1029
-1017
-1046
-1209
-1179
-1223
-1292
-1287
-1301
-1366
-1434
-1455
-1455
-1562
-1704
-1784
-1874
-1895
-1916
-1896
-1883
-1892
-1919
-1902
-1903
-1953
-2018
-2032
-2023
-2039
-2032
-1938
-1899
-1902
-1821
-1702
-1630
-1622
-1639
-1746
-1746
-1794
-1841
-1951
-2006
-1950
-1860
-1803
-1903
-1837
-1719
-1697
-1749
-1797
-1773
-1786
-1779
-1693
-1736
-1752
-1807
-1886
-1874
-1914
-2004
-2169
-2198
-2153
-2199
-2336
-2494
-2542
-2584
-2595
-2583
-2657
-2739
-2766
-2773
-2814
-2797
-2797
-2747
-2668
-2639
-2592
-2571
-2443
-2363
-2280
-2159
-2070
-1885
-1747
-1655
-1563
-1532
-1475
-1453
-1471
-1408
-1245
-1122
-1074
-1025
-1018
-887
-780
-839
-963
-922
-771
-755
-823
-795
-784
-827
-778
-783
-706
-688
-725
-567
-412
-452
-573
-638
-700
-746
-703
-667
-655
-566
-503
-476
-428
-422
-405
-334
-290
-220
-172
-126
-96
-127
-107
-136
-116
-111
-97
4
47
115
198
255
284
319
345
360
369
303
212
240
268
342
355
387
422
374
388
286
208
217
332
389
287
170
201
172
99
-10
-68
209
237
126
115
120
23
-53
-52
-73
-21
-45
59
155
92
-28
-78
-7
75
93
162
182
109
156
187
141
93
116
226
444
561
569
564
492
460
419
370
373
373
473
517
483
501
477
428
382
347
287
252
243
205
213
188
162
240
319
327
334
369
454
528
549
663
722
762
759
752
766
791
833
789
748
773
838
832
815
737
714
776
765
660
674
725
650
633
668
712
681
607
542
508
510
510
506
496
516
513
505
483
422
416
417
413
411
466
550
583
608
654
677
639
565
561
598
675
760
817
847
850
962
936
935
965
939
1018
1107
1117
1156
1264
1248
1253
1211
1174
1102
1022
1005
1010
1033
982
1047
1062
1084
1061
1019
969
877
853
841
931
955
998
1054
1077
1133
1188
1268
1286
1161
1285
1477
1450
1413
1333
1346
1460
1393
1367
1391
1381
1435
1362
1358
1291
1348
1483
1516
1558
1622
1691
1621
1532
1495
1556
1566
1620
1698
1754
1738
1643
1695
1680
1503
1382
1424
1231
1124
1117
1055
1097
1006
924
904
905
790
812
706
568
506
436
330
310
493
642
675
614
643
542
436
523
611
554
683
730
768
889
912
904
997
1070
1066
1015
1041
1174
1144
1149
1214
1309
1294
1445
1489
1424
1432
1523
1670
1668
1708
1778
1773
1773
1821
1840
1792
1660
1639
1643
1632
1684
1659
1697
1795
1757
1614
1479
1522
1455
1395
1486
1509
1509
1540
1513
1485
1448
1405
1426
1401
1386
1439
1576
1590
1594
1688
1730
1838
1972
2006
1965
1896
2000
2157
2018
2021
2233
2125
1985
1944
1911
1931
1930
1921
1910
1997
2087
2031
2093
2228
2144
1981
2060
1950
1760
1712
1640
1755
1701
1587
1577
1656
1591
1616
1593
1524
1521
1539
1614
1639
1766
1787
1842
1890
1850
1830
1898
1873
1998
2198
2334
2330
2399
2495
2507
2609
2576
2566
2603
2600
2548
2545
2553
2582
2579
2637
2692
2667
2620
2612
2583
2560
2547
2534
2559
2587
2617
2605
2619
2630
2645
2604
2446
2343
2436
2394
2288
2279
2246
2169
2060
1958
1897
1912
1808
1719
1668
1644
1656
1623
1488
1408
1358
1404
1411
1173
1185
1147
1021
919
844
739
739
716
624
590
656
707
708
808
734
654
616
527
417
417
307
262
115
101
70
-21
85
-12
-46
-12
-66
-68
-55
-112
-35
26
95
120
251
359
391
496
542
547
560
686
771
804
878
967
998
937
813
811
834
793
888
978
987
994
1008
1038
1082
1191
1302
1369
1446
1479
1467
1514
1484
1446
1511
1581
1628
1684
1700
1695
1688
1702
1791
1825
1867
1887
1954
2028
2046
2074
2065
2135
2221
2261
2242
2270
2252
2236
2332
2389
2439
2435
2533
2672
2593
2497
2467
2392
2371
2366
2401
2341
2259
2282
2316
2239
2121
2227
2284
2241
2271
2321
2212
2103
2090
2047
1984
2012
2119
2146
2200
2211
2258
2383
2438
2537
2531
2514
2524
2493
2491
2440
2453
2480
2469
2554
2630
2716
2683
2630
2743
2711
2643
2529
2508
2584
2655
2680
2642
2718
2752
2678
2520
2418
2359
2215
2081
1981
1966
1906
1752
1636
1595
1573
1485
1504
1536
1574
1602
1517
1458
1494
1438
1399
1450
1473
1566
1626
1654
1775
1909
1918
1944
2052
2179
2195
2280
2394
2439
2468
2460
2483
2403
2374
2472
2556
2562
2570
2674
2708
2655
2662
2624
2597
2529
2575
2643
2552
2448
2473
2472
2397
2362
2205
2110
2012
2046
2057
2019
2030
2033
2062
2076
2052
1934
1903
1890
1846
1803
1769
1723
1686
1683
1592
1534
1523
1520
1575
1573
1534
1556
1564
1513
1516
1564
1533
1574
1740
1800
1787
1656
1598
1573
1500
1451
1469
1391
1229
1229
1297
1269
1131
1172
1205
1164
1125
1159
1074
1059
1106
1112
1150
1136
1111
1119
1244
1182
1152
1123
1141
1142
1172
1266
1323
1404
1467
1527
1427
1415
1377
1294
1285
1249
1218
1185
1215
1293
1324
1375
1374
1345
1361
1383
1360
1366
1406
1442
1506
1565
1608
1561
1516
1494
1506
1527
1555
1564
1628
1590
1335
1217
1150
1071
978
946
1049
1090
1125
1051
1043
984
834
721
566
525
531
615
708
675
701
761
740
719
622
614
667
620
554
669
650
483
533
602
680
760
708
628
515
478
431
235
97
112
201
251
161
85
185
139
58
91
129
102
120
44
-50
37
16
-127
-244
-280
-342
-320
-318
-348
-277
-253
-235
-230
-240
-206
9
126
187
233
343
234
167
177
23
138
186
358
328
293
302
284
269
288
299
291
315
268
248
218
260
191
114
53
54
61
85
28
50
-40
-114
-82
-129
-133
-109
-18
25
42
58
197
272
253
287
368
400
382
360
312
346
475
517
545
689
795
833
877
844
888
999
995
858
922
1044
1017
1073
1143
1301
1404
1562
1739
1722
1705
1833
1928
2069
2094
2234
2465
2395
2348
2405
2538
2613
2571
2604
2693
2728
2713
2661
2633
2634
2758
2718
2593
2528
2609
2679
2535
2477
2479
2512
2497
2460
2419
2246
2293
2402
2328
2210
2146
2229
2314
2404
2477
2552
2523
2479
2415
2353
2272
2284
2395
2410
2449
2596
2765
2802
2783
2843
2804
2772
2787
2680
2837
2860
2660
2589
2716
2750
2754
2949
3044
3094
3111
3081
3070
3016
2957
3030
3041
3055
3086
3116
3158
3211
3118
2945
2998
3108
3105
3072
3017
2933
2998
3018
2906
2814
2828
2850
2847
2854
2954
3037
2959
2910
2835
2684
2703
2694
2631
2846
3014
3065
3059
3105
3159
3094
3023
2899
2862
2924
2819
2750
2779
2690
2655
2532
2418
2502
2508
2454
2453
2439
2404
2375
2380
2367
2280
2229
2301
2323
2306
2369
2414
2348
2293
2296
2245
2253
2365
2471
2508
2490
2458
2366
2343
2403
2350
2364
2439
2435
2458
2485
2448
2457
2482
2470
2486
2449
2461
2498
2463
2428
2436
2536
2509
2477
2503
2479
2411
2379
2471
2462
2522
2663
2671
2626
2663
2641
2542
2585
2703
2720
2726
2694
2602
2505
2412
2413
2349
2243
2241
2196
1959
1841
1740
1544
1543
1505
1449
1422
1378
1306
1153
1139
1032
895
956
880
885
957
773
708
728
565
467
480
473
430
453
542
600
626
668
731
783
768
785
824
797
863
878
921
1022
1112
1195
1260
1413
1584
1648
1651
1790
1826
1792
1790
1704
1834
2052
1981
1984
2170
2301
2211
2224
2328
2259
2298
2361
2498
2586
2541
2527
2581
2485
2294
2132
2131
2205
2182
2138
2086
2122
2087
1974
1898
1873
1813
1802
1803
1763
1735
1744
1770
1756
1641
1625
1686
1616
1582
1690
1750
1695
1777
1859
1836
1748
1649
1637
1668
1598
1593
1640
1633
1738
1821
1813
1868
1945
1963
1995
2011
1979
1966
1987
1974
1955
1960
2004
1965
1984
2046
2066
2080
2125
2194
2171
2149
2122
2157
2122
2142
2108
2104
2198
2192
2167
2243
2386
2410
2419
2354
2259
2181
2139
2107
2010
1924
1976
2015
1987
1840
1754
1789
1713
1570
1529
1527
1507
1464
1396
1416
1426
1353
1259
1254
1279
1351
1278
1243
1245
1179
1146
1156
1167
1151
1179
1230
1277
1264
1369
1496
1535
1592
1614
1633
1611
1564
1586
1659
1812
1772
1724
1761
1694
1634
1519
1427
1433
1449
1454
1473
1493
1506
1603
1658
1593
1521
1602
1644
1572
1567
1499
1437
1421
1421
1324
1222
1231
1267
1287
1275
1322
1435
1480
1498
1521
1529
1468
1447
1475
1468
1526
1531
1580
1644
1727
1797
1810
1929
1931
1883
1919
1916
1863
1874
1987
1967
2010
2161
2173
2204
2312
2345
2267
2226
2132
2015
1974
1976
1945
1941
2018
2040
1987
1941
1851
1668
1555
1421
1351
1321
1263
1219
1233
1237
1201
1146
1084
1117
1238
1293
1240
1315
1397
1361
1275
1210
1232
1259
1281
1407
1497
1490
1470
1508
1561
1560
1534
1511
1520
1559
1560
1575
1740
1969
2085
2200
2387
2452
2440
2607
2598
2553
2611
2563
2508
2504
2575
2549
2583
2729
2835
2700
2611
2578
2536
2495
2481
2662
2753
2743
2777
2804
2702
2577
2573
2593
2639
2599
2459
2388
2352
2325
2252
2220
2250
2224
2192
2170
2192
2327
2302
2261
2324
2235
2193
2188
2117
2142
2199
2167
2126
2129
2027
1927
1806
1677
1598
1565
1521
1484
1460
1393
1330
1237
1238
1186
1239
1344
1379
1338
1375
1445
1490
1563
1606
1680
1681
1690
1674
1772
1747
1661
1700
1685
1602
1545
1515
1454
1423
1493
1478
1465
1504
1478
1580
1572
1514
1516
1516
1454
1322
1342
1400
1272
1187
1178
1152
1153
1168
1143
1056
983
1051
1152
1088
1063
1208
1271
1161
1142
1168
1114
1062
1105
1081
1071
1118
1074
1085
1112
959
854
748
665
622
534
498
483
589
631
559
530
582
554
469
433
361
298
437
465
525
655
701
740
672
651
675
754
773
844
973
1007
1013
1039
1010
1058
1176
1172
1273
1386
1338
1371
1421
1486
1482
1435
1384
1386
1424
1357
1334
1115
967
1037
929
763
803
852
787
731
600
470
463
304
190
225
236
269
242
236
261
324
322
187
162
242
256
247
214
235
384
456
402
418
489
530
470
523
590
463
509
546
532
511
536
696
757
795
866
855
913
987
916
920
909
908
939
1015
1197
1289
1221
1305
1454
1553
1530
1445
1492
1494
1495
1264
1132
1238
1302
1241
1164
1176
1207
1339
1377
1291
1276
1344
1378
1420
1296
1339
1521
1409
1460
1592
1528
1440
1485
1510
1493
1515
1529
1653
1821
1861
1877
1922
1916
1894
1904
1916
1909
1842
1678
1615
1525
1422
1355
1315
1362
1347
1345
1351
1318
1271
1170
1048
922
886
903
744
771
865
764
818
903
839
712
766
913
875
738
724
747
665
607
571
515
587
719
791
739
731
790
739
749
792
856
908
1035
1093
1084
1154
1230
1277
1220
1263
1283
1187
1192
1215
1199
1214
1239
1189
1185
1255
1282
1267
1189
1213
1173
997
942
961
913
921
966
1001
1008
1027
1097
1136
1108
1064
1157
1266
1270
1288
1271
1306
1409
1312
1265
1439
1610
1651
1602
1712
1873
1827
1811
1777
1654
1627
1723
1683
1596
1607
1620
1562
1531
1567
1561
1588
1636
1726
1664
1598
1572
1523
1474
1504
1562
1621
1765
1633
1637
1835
1817
1749
1697
1660
1681
1706
1649
1633
1775
1874
2002
2146
2122
2198
2233
2098
1962
1900
1911
1883
1979
2065
2036
2095
2056
1933
1841
1686
1599
1650
1408
1255
1354
1303
1215
1210
1273
1201
1197
1187
1061
994
906
819
842
778
669
692
845
726
655
743
783
856
780
828
949
1018
936
908
885
760
657
567
509
577
675
673
604
482
455
477
518
526
521
532
505
448
288
181
228
181
179
289
460
654
682
728
852
950
1079
1202
1263
1498
1720
1795
1867
2010
2076
2097
2284
2300
2358
2423
2536
2573
2585
2700
2700
2769
2754
2691
2663
2521
2403
2429
2317
2200
2218
2205
2038
1922
1835
1759
1728
1594
1582
1651
1661
1628
1597
1515
1490
1473
1364
1347
1424
1488
1511
1481
1402
1354
1393
1354
1282
1188
1107
1030
853
795
804
848
728
702
678
574
609
535
476
520
524
470
533
511
384
341
403
354
330
547
660
730
741
769
854
890
873
905
986
921
934
883
809
801
884
1007
994
1002
1062
1100
1017
976
1015
1001
988
1056
1059
1037
1081
1056
1065
1126
1084
1137
1244
1176
1113
1226
1327
1238
1261
1352
1342
1396
1320
1205
1313
1274
1238
1282
1271
1326
1352
1331
1229
1246
1249
1186
1240
1180
1141
1173
1139
1205
1164
1173
1261
1231
1055
994
1158
1303
1318
1339
1455
1395
1451
1503
1481
1441
1464
1428
1378
1400
1415
1452
1530
1649
1650
1718
1690
1616
1506
1406
1249
1137
1103
965
1013
1135
1075
1081
1102
1054
1050
960
914
885
838
742
699
696
659
664
734
688
674
779
771
697
568
544
538
607
510
362
384
392
454
497
456
289
294
405
336
244
319
447
529
640
608
540
684
748
680
676
697
660
750
899
1024
1136
1173
1153
1111
1028
883
854
874
909
898
860
822
923
951
821
804
851
963
924
896
958
1043
1085
1091
1130
1143
1265
1282
1390
1533
1556
1580
1616
1643
1701
1752
1780
1838
1868
1897
1958
1990
1886
1980
2023
1991
1948
1838
1785
1768
1840
1874
1765
1721
1660
1480
1313
1142
1247
1247
1114
1097
1055
1064
1083
1196
1298
1271
1200
1172
1216
1249
1231
1134
1175
1328
1373
1492
1562
1453
1440
1397
1321
1205
1118
1278
1417
1389
1309
1246
1351
1411
1227
1082
989
1030
1073
1021
981
1077
1024
845
793
610
478
464
423
326
213
201
326
307
226
298
308
299
421
469
535
568
512
503
488
638
751
803
845
925
875
818
844
823
801
670
613
669
769
823
812
747
753
723
693
700
762
775
743
797
772
772
800
817
827
798
840
779
742
825
799
772
810
917
897
819
758
795
831
821
877
903
846
682
548
514
557
554
611
716
642
468
325
226
86
6
-29
-156
-239
-351
-485
-504
-559
-643
-595
-574
-638
-751
-835
-886
-1047
-1075
-1078
-1149
-1075
-1065
-1162
-1221
-1216
-1166
-1151
-1150
-1161
-1187
-1167
-1172
-1131
-1015
-928
-825
-776
-706
-689
-691
-540
-465
-461
-380
-224
-241
-241
-148
-143
-167
-252
-312
-364
-486
-541
-516
-624
-885
-1022
-1073
-1171
-1171
-1099
-1119
-1220
-1185
-1191
-1209
-1289
-1356
-1376
-1430
-1402
-1442
-1440
-1471
-1564
-1563
-1487
-1377
-1314
-1188
-996
-977
-1009
-1021
-978
-940
-947
-887
-833
-874
-874
-730
-596
-514
-411
-216
-147
-155
-158
-124
-105
-168
-171
-235
-187
-53
28
0
18
36
62
153
68
-13
42
68
63
82
10
-34
35
34
-42
-53
-17
-8
30
14
-85
-29
-62
-226
-364
-362
-329
-342
-267
-296
-323
-179
-102
-82
-41
-36
91
46
-42
27
-6
33
82
252
350
433
478
407
386
304
317
211
82
9
91
102
128
200
194
222
164
125
36
-129
-241
-283
-302
-281
-225
-95
13
51
42
77
42
-15
-20
126
310
310
450
591
558
633
691
611
613
744
792
773
792
798
757
712
738
735
765
832
963
949
832
808
805
726
560
504
443
481
405
254
176
40
24
-4
-129
-128
-96
-141
-164
-268
-447
-466
-396
-523
-663
-665
-653
-654
-640
-642
-612
-567
-457
-439
-425
-259
-109
-134
-203
-156
-165
-157
-270
-280
-153
-101
-36
-20
40
72
44
-13
-13
95
64
57
89
86
60
108
83
-47
-95
-126
-30
-19
-83
-50
4
9
-16
-116
-195
-302
-411
-440
-497
-608
-601
-532
-577
-547
-595
-799
-736
-614
-655
-683
-686
-654
-734
-828
-910
-895
-941
-989
-986
-914
-920
-987
-956
-938
-733
-717
-675
-687
-725
-666
-609
-593
-516
-341
-247
-29
-39
-14
-30
4
52
96
210
287
367
293
325
227
306
442
579
608
683
749
619
730
852
893
825
898
784
733
709
613
588
646
715
668
744
689
638
545
500
425
394
397
373
364
323
379
358
400
433
529
624
595
692
666
640
693
647
560
590
690
729
749
807
859
734
577
478
450
443
522
509
480
445
334
275
198
194
210
160
7
-18
-11
-71
-95
-136
-160
-222
-245
-194
-248
-251
-221
-202
-196
-144
-77
-110
-44
40
109
126
82
81
33
-56
-87
-185
-202
-195
-247
-195
-155
-241
-367
-326
-236
-363
-432
-337
-311
-376
-474
-474
-535
-649
-629
-586
-608
-541
-549
-612
-659
-632
-639
-676
-669
-666
-551
-614
-703
-712
-751
-832
-923
-1042
-1076
-1090
-1072
-1043
-1020
-940
-995
-1076
-1185
-1302
-1325
-1355
-1375
-1371
-1360
-1302
-1385
-1452
-1470
-1400
-1379
-1441
-1355
-1367
-1412
-1459
-1486
-1452
-1442
-1466
-1568
-1557
-1471
-1439
-1483
-1603
-1569
-1595
-1746
-1820
-1890
-2043
-2086
-2067
-2142
-2201
-2214
-2114
-2166
-2221
-2178
-2201
-2150
-2168
-2162
-2029
-1892
-1855
-1955
-1836
-1692
-1733
-1644
-1617
-1618
-1534
-1488
-1510
-1445
-1343
-1363
-1320
-1323
-1347
-1268
-1295
-1292
-1235
-1268
-1330
-1340
-1391
-1492
-1511
-1599
-1698
-1763
-1810
-1778
-1778
-1821
-1689
-1718
-1859
-1892
-2004
-2088
-2128
-2051
-2007
-1941
-1854
-1800
-1750
-1768
-1762
-1726
-1666
-1683
-1786
-1829
-1815
-1743
-1666
-1574
-1474
-1341
-1241
-1196
-1153
-1167
-1086
-1025
-983
-959
-957
-919
-985
-1038
-913
-827
-800
-781
-708
-709
-803
-747
-746
-680
-797
-850
-809
-811
-744
-852
-862
-805
-722
-779
-675
-614
-666
-539
-486
-498
-484
-443
-498
-481
-520
-504
-338
-341
-412
-347
-330
-332
-298
-336
-339
-285
-226
-233
-334
-348
-283
-254
-269
-304
-365
-371
-420
-512
-534
-555
-505
-531
-453
-404
-456
-419
-478
-568
-537
-434
-468
-562
-515
-495
-577
-585
-548
-514
-404
-279
-365
-455
-458
-391
-413
-551
-692
-756
-702
-773
-790
-885
-1044
-1161
-1231
-1303
-1418
-1479
-1511
-1426
-1404
-1496
-1445
-1344
-1470
-1536
-1517
-1565
-1490
-1399
-1333
-1226
-1129
-1133
-1047
-965
-1024
-1074
-1062
-981
-913
-870
-842
-796
-770
-687
-751
-748
-710
-737
-706
-741
-799
-799
-624
-622
-625
-586
-675
-765
-839
-907
-871
-815
-865
-893
-944
-1000
-1131
-1198
-1197
-1231
-1195
-1213
-1308
-1305
-1324
-1383
-1423
-1502
-1464
-1300
-1339
-1520
-1504
-1453
-1489
-1535
-1422
-1341
-1473
-1599
-1638
-1610
-1605
-1652
-1571
-1537
-1498
-1449
-1485
-1493
-1460
-1350
-1328
-1407
-1504
-1489
-1458
-1339
-1311
-1363
-1300
-1364
-1484
-1542
-1569
-1605
-1611
-1605
-1615
-1606
-1611
-1637
-1647
-1692
-1667
-1581
-1582
-1565
-1502
-1510
-1475
-1430
-1515
-1431
-1316
-1267
-1264
-1307
-1304
-1312
-1319
-1423
-1459
-1477
-1486
-1510
-1506
-1500
-1536
-1511
-1478
-1565
-1612
-1535
-1476
-1503
-1481
-1256
-1265
-1287
-1313
-1310
-1267
-1306
-1313
-1186
-1063
-1091
-964
-935
-910
-871
-817
-774
-773
-803
-823
-705
-686
-774
-819
-739
-780
-936
-1118
-1077
-971
-1012
-1077
-1107
-1023
-1016
-1157
-1183
-1196
-1247
-1199
-1213
-1284
-1319
-1134
-1127
-1060
-981
-1033
-1046
-1079
-979
-927
-1020
-1091
-925
-931
-1050
-1097
-1115
-1118
-1039
-1018
-1055
-941
-880
-913
-931
-913
-995
-1012
-990
-1055
-1137
-1140
-1157
-1202
-1207
-1234
-1225
-1137
-1120
-1265
-1315
-1408
-1470
-1379
-1339
-1418
-1440
-1462
-1567
-1550
-1593
-1655
-1606
-1564
-1543
-1514
-1500
-1532
-1503
-1517
-1599
-1607
-1648
-1715
-1738
-1760
-1864
-1867
-1834
-1875
-1900
-1996
-2042
-2004
-1928
-1838
-1765
-1700
-1650
-1606
-1639
-1749
-1738
-1724
-1836
-1850
-1829
-1841
-1827
-1826
-1846
-1862
-1923
-1978
-2047
-2152
-2161
-2173
-2209
-2246
-2231
-2282
-2408
-2471
-2494
-2491
-2591
-2689
-2784
-2943
-2973
-2975
-2968
-2911
-2964
-3056
-3069
-3073
-3118
-3098
-2951
-2931
-2930
-2778
-2719
-2677
-2580
-2504
-2486
-2433
-2436
-2446
-2399
-2317
-2149
-2114
-2122
-2081
-1964
-1916
-2017
-2009
-1976
-1962
-2026
-1930
-1831
-1845
-1802
-1880
-1835
-1771
-1769
-1744
-1744
-1787
-1871
-1968
-1965
-2076
-2078
-2001
-2048
-2025
-2046
-2144
-2299
-2361
-2401
-2310
-2175
-2117
-2071
-2044
-2018
-1978
-2018
-2056
-1923
-1818
-1836
-1803
-1786
-1813
-1824
-1868
-1867
-1845
-1882
-1945
-1886
-1877
-1919
-1830
-1747
-1812
-1831
-1769
-1750
-1810
-1877
-1847
-1748
-1726
-1776
-1776
-1729
-1675
-1736
-1799
-1775
-1715
-1679
-1638
-1639
-1590
-1528
-1560
-1579
-1582
-1594
-1601
-1625
-1672
-1654
-1606
-1536
-1525
-1598
-1546
-1455
-1442
-1450
-1413
-1414
-1396
-1338
-1386
-1305
-1246
-1236
-1286
-1287
-1276
-1286
-1254
-1243
-1199
-1227
-1159
-1260
-1298
-1229
-1270
-1349
-1348
-1268
-1314
-1322
-1275
-1254
-1358
-1412
-1420
-1386
-1344
-1374
-1342
-1289
-1302
-1346
-1410
-1372
-1264
-1268
-1276
-1304
-1361
-1403
-1452
-1440
-1333
-1313
-1251
-1133
-1030
-1031
-1072
-944
-874
-758
-701
-746
-610
-589
-549
-402
-259
-133
-150
-136
-194
-171
-171
-109
-7
12
131
197
197
217
230
197
262
229
279
340
377
373
291
200
71
151
123
-20
33
132
64
52
7
-44
-35
-98
-142
-158
-168
-216
-175
-190
-206
-139
-181
-223
-216
-204
-254
-260
-220
-264
-251
-208
-238
-222
-106
-68
-84
-97
-154
-114
-55
-68
-159
-280
-240
-276
-347
-370
-410
-440
-546
-559
-578
-618
-708
-775
-804
-847
-892
-924
-905
-970
-949
-910
-939
-860
-807
-870
-872
-853
-880
-906
-836
-850
-869
-770
-695
-631
-501
-440
-512
-544
-577
-596
-561
-556
-604
-542
-558
-629
-674
-733
-691
-600
-669
-709
-739
-792
-783
-813
-816
-950
-1021
-1096
-1122
-1167
-1213
-1182
-1181
-1161
-1141
-1185
-1258
-1275
-1326
-1345
-1379
-1339
-1385
-1513
-1564
-1579
-1533
-1483
-1529
-1523
-1548
-1560
-1598
-1723
-1742
-1771
-1729
-1578
-1487
-1455
-1381
-1359
-1195
-1106
-1123
-1096
-1054
-951
-929
-936
-842
-726
-666
-663
-637
-622
-617
-550
-513
-448
-419
-318
-261
-244
-277
-319
-306
-313
-287
-310
-375
-380
-341
-304
-299
-370
-470
-617
-670
-886
-1015
-1036
-1100
-1074
-1116
-1105
-1059
-1035
-1137
-1200
-1231
-1281
-1251
-1167
-1169
-1175
-1060
-975
-1026
-1079
-1062
-1078
-1133
-1233
-1286
-1335
-1383
-1307
-1264
-1364
-1368
-1370
-1488
-1572
-1628
-1623
-1565
-1603
-1617
-1652
-1655
-1675
-1747
-1729
-1747
-1767
-1819
-1915
-2041
-2027
-2006
-1996
-2012
-2035
-1965
-1969
-2000
-2057
-1871
-1740
-1771
-1589
-1449
-1383
-1388
-1359
-1265
-1217
-1133
-1065
-893
-780
-748
-637
-580
-596
-605
-574
-587
-558
-458
-413
-454
-494
-482
-498
-554
-424
-311
-303
-286
-269
-261
-189
-239
-407
-292
-267
-324
-307
-252
-262
-195
-123
-195
-227
-286
-323
-355
-420
-454
-428
-344
-310
-400
-495
-502
-531
-589
-454
-471
-576
-548
-591
-693
-733
-698
-703
-817
-843
-736
-801
-896
-823
-719
-639
-528
-485
-442
-423
-378
-312
-311
-263
-265
-249
-223
-259
-334
-329
-270
-343
-483
-514
-563
-671
-795
-922
-978
-1063
-1100
-1149
-1229
-1335
-1428
-1487
-1542
-1550
-1587
-1634
-1685
-1679
-1618
-1693
-1707
-1683
-1712
-1718
-1773
-1828
-1772
-1725
-1814
-1743
-1622
-1649
-1700
-1813
-1895
-1903
-1912
-1958
-1934
-1908
-1954
-1866
-1823
-1837
-1927
-1930
-1905
-1861
-1853
-1907
-1876
-1916
-2029
-2143
-2123
-2100
-2126
-2120
-1963
-1974
-2123
-2219
-2220
-2198
-2195
-2137
-2085
-2024
-2006
-2146
-2319
-2288
-2374
-2426
-2309
-2278
-2259
-2186
-2040
-2067
-2170
-2176
-2231
-2274
-2259
-2204
-2081
-1974
-1936
-1909
-1895
-1868
-1982
-1964
-1794
-1782
-1789
-1728
-1519
-1389
-1363
-1308
-1237
-1168
-1078
-989
-906
-809
-771
-797
-764
-700
-683
-655
-658
-621
-591
-517
-504
-517
-467
-527
-544
-567
-631
-630
-621
-596
-582
-666
-690
-591
-646
-741
-771
-748
-705
-741
-819
-835
-737
-757
-810
-754
-789
-874
-862
-899
-928
-876
-836
-797
-768
-759
-747
-769
-825
-819
-742
-623
-551
-562
-628
-662
-653
-704
-707
-611
-522
-523
-544
-583
-547
-528
-596
-586
-592
-485
-526
-692
-534
-369
-313
-238
-169
9
129
106
85
136
241
294
362
442
451
446
480
629
608
523
597
622
550
549
550
455
537
506
482
430
438
486
481
483
426
425
355
394
390
416
438
385
334
318
237
231
340
338
239
97
49
-20
15
87
24
31
124
152
99
60
68
86
48
80
178
171
158
109
49
21
-145
-133
-94
-118
10
39
109
198
269
167
60
106
88
9
4
-13
17
212
328
394
402
301
171
105
52
-12
-69
-67
-4
51
-63
-176
-230
-265
-317
-345
-356
-381
-318
-222
-173
-185
-152
-157
-246
-319
-299
-307
-187
-184
-209
-117
-108
-143
-222
-252
-418
-384
-307
-279
-154
-187
-200
-224
-319
-515
-546
-506
-528
-445
-491
-523
-486
-497
-622
-762
-761
-701
-642
-588
-566
-577
-533
-553
-570
-633
-671
-597
-566
-457
-400
-386
-392
-360
-341
-285
-164
-251
-258
-244
-237
-226
-309
-392
-384
-375
-471
-525
-646
-667
-652
-617
-654
-691
-677
-781
-744
-691
-785
-810
-669
-752
-801
-782
-784
-776
-756
-683
-621
-475
-591
-735
-716
-818
-905
-819
-811
-874
-820
-800
-1010
-1168
-1103
-1082
-1071
-1009
-999
-856
-663
-701
-721
-608
-579
-609
-614
-624
-652
-654
-581
-527
-435
-336
-324
-343
-380
-423
-283
-157
-232
-214
-65
32
-90
-101
-10
-13
96
176
181
81
10
-23
-109
-128
-87
-144
-171
-115
-82
-113
-119
-202
-362
-314
-300
-396
-494
-429
-451
-555
-569
-650
-747
-774
-832
-899
-934
-943
-997
-1031
-1064
-1142
-1153
-1155
-1195
-1277
-1256
-1324
-1353
-1298
-1286
-1303
-1259
-1347
-1482
-1398
-1309
-1308
-1268
-1187
-1181
-1066
-1086
-1126
-1039
-1057
-1050
-970
-769
-678
-663
-548
-544
-600
-555
-571
-552
-348
-236
-200
-146
19
-2
-37
20
-22
6
-11
-6
11
73
80
56
100
80
22
8
-75
-152
-170
-239
-231
-178
-286
-399
-441
-525
-591
-650
-672
-704
-724
-840
-891
-804
-840
-914
-900
-880
-806
-776
-814
-738
-807
-851
-718
-622
-593
-555
-445
-402
-451
-356
-336
-453
-383
-276
-211
-139
-91
-63
-14
-40
-39
-4
-10
-108
-146
-107
-155
-212
-240
-223
-197
-183
-162
-157
-303
-427
-566
-607
-673
-691
-587
-597
-641
-708
-811
-839
-789
-862
-898
-855
-908
-1055
-1023
-1021
-1055
-1053
-959
-825
-946
-979
-1007
-1043
-1043
-1090
-1121
-1315
-1401
-1427
-1467
-1509
-1635
-1688
-1618
-1640
-1726
-1712
-1750
-1884
-1974
-1964
-2054
-2084
-2034
-2033
-2167
-2180
-2213
-2224
-2199
-2275
-2332
-2362
-2248
-2331
-2349
-2326
-2279
-2244
-2108
-2014
-2083
-2019
-1949
-1852
-1699
-1533
-1476
-1281
-1185
-1275
-1360
-1328
-1168
-1044
-1048
-1071
-971
-840
-798
-784
-741
-626
-496
-426
-376
-252
-106
-50
52
68
192
260
254
201
189
257
318
300
367
469
466
465
422
460
352
330
202
79
26
33
49
102
142
202
249
212
263
218
250
381
502
584
639
633
743
822
791
750
791
651
535
659
635
561
686
801
766
665
541
506
486
440
519
659
697
812
946
1001
1015
1077
1073
1170
1284
1215
1186
1254
1401
1495
1448
1409
1373
1390
1463
1470
1649
1752
1789
1806
1690
1531
1412
1370
1374
1406
1466
1530
1470
1423
1327
1251
1212
1207
1170
1128
1163
1185
1219
1174
1216
1222
1207
1242
1162
1166
1226
1292
1374
1390
1413
1448
1573
1519
1346
1280
1270
1335
1327
1314
1255
1238
1169
1013
933
887
850
717
631
622
608
682
669
558
593
711
802
787
749
868
955
861
830
985
1073
994
943
970
948
972
883
763
888
938
1018
1175
1241
1223
1156
1183
1112
1036
1024
918
851
765
795
884
852
728
752
760
506
195
65
49
-81
-19
57
44
-35
-147
-160
-246
-384
-480
-545
-559
-591
-479
-463
-553
-489
-458
-522
-632
-596
-681
-713
-717
-694
-643
-612
-700
-706
-630
-807
-841
-810
-709
-654
-598
-595
-568
-504
-623
-643
-587
-575
-461
-340
-289
-383
-422
-319
-403
-406
-301
-264
-291
-319
-392
-407
-412
-481
-409
-350
-353
-230
-150
-207
-296
-408
-442
-503
-514
-572
-645
-728
-651
-581
-645
-626
-695
-670
-683
-779
-859
-794
-789
-769
-767
-790
-779
-778
-703
-644
-510
-421
-295
-143
11
82
226
449
572
742
881
1006
1079
1158
1218
1181
1261
1304
1258
1210
1188
1220
1247
1259
1273
1202
1166
1177
1199
1254
1265
1328
1295
1341
1319
1212
1142
1226
1331
1331
1385
1357
1464
1418
1418
1400
1329
1427
1529
1617
1532
1530
1516
1450
1456
1508
1541
1452
1503
1522
1570
1577
1443
1490
1444
1403
1348
1384
1378
1316
1319
1322
1384
1326
1318
1437
1557
1591
1690
1744
1710
1620
1631
1635
1719
1856
1824
1863
1948
2032
1969
1979
2098
2160
2212
2224
2210
2247
2307
2230
2299
2431
2425
2401
2480
2614
2609
2648
2578
2489
2400
2367
2451
2513
2459
2469
2596
2563
2488
2436
2341
2142
2074
2022
1934
1921
1909
1864
1878
1874
1924
1885
1780
1721
1634
1608
1529
1556
1546
1508
1477
1474
1576
1657
1597
1559
1551
1530
1577
1457
1437
1427
1395
1398
1380
1436
1407
1502
1589
1529
1517
1596
1605
1518
1477
1515
1502
1485
1519
1526
1663
1742
1690
1641
1618
1535
1480
1484
1322
1196
1204
1242
1240
1163
1133
1069
1045
1024
984
987
893
807
787
760
738
745
620
561
472
310
295
288
269
279
371
354
323
244
149
147
98
17
47
17
34
61
31
33
6
89
23
-31
-114
-31
10
44
165
137
160
117
-16
10
46
-20
26
-52
-142
-241
-250
-352
-388
-371
-492
-662
-816
-873
-996
-1037
-1020
-953
-916
-932
-1063
-1204
-1111
-1102
-1183
-1147
-1133
-1031
-976
-1042
-1140
-1175
-1146
-1050
-1038
-1073
-1086
-1225
-1281
-1296
-1359
-1325
-1233
-1231
-1314
-1394
-1423
-1489
-1401
-1369
-1398
-1357
-1283
-1271
-1339
-1436
-1485
-1380
-1257
-1161
-1222
-1209
-1202
-1197
-1069
-1083
-1112
-1026
-1036
-1032
-1024
-858
-788
-797
-594
-533
-510
-517
-446
-482
-533
-541
-605
-552
-537
-597
-590
-573
-556
-566
-494
-442
-420
-380
-445
-383
-387
-229
-133
-112
16
239
382
452
574
665
782
795
983
1092
1036
1123
1314
1353
1410
1410
1379
1347
1322
1329
1283
1323
1321
1374
1486
1546
1530
1529
1530
1507
1408
1392
1366
1344
1355
1329
1345
1307
1314
1369
1481
1543
1472
1408
1351
1326
1373
1380
1420
1440
1534
1512
1488
1558
1474
1518
1664
1731
1626
1592
1612
1607
1603
1538
1521
1520
1378
1275
1260
1289
1231
1064
862
719
752
612
534
502
495
428
357
357
232
147
188
296
283
240
219
323
328
231
289
347
433
475
323
276
309
223
97
79
119
72
186
319
377
340
181
149
164
74
28
82
110
138
205
271
203
190
196
103
130
190
147
226
275
196
290
368
401
560
705
693
779
791
761
727
760
872
888
925
864
874
797
708
756
869
887
916
904
762
637
553
552
413
464
527
649
804
857
982
1120
1248
1331
1364
1324
1399
1427
1478
1456
1441
1568
1605
1600
1695
1719
1728
1830
1872
1855
1919
2054
2064
2054
2053
2076
1976
1922
1966
1943
1874
1815
1888
1902
1850
1929
1836
1721
1650
1461
1345
1233
1160
1091
1072
850
664
562
441
395
285
201
70
108
127
147
248
232
203
171
186
150
107
179
147
132
238
192
176
264
354
372
433
530
588
788
786
833
915
996
1113
1220
1442
1595
1716
1772
1880
1838
1870
2007
2046
2096
2169
2265
2315
2253
2209
2319
2432
2524
2444
2386
2446
2356
2351
2496
2564
2619
2770
2955
3046
3081
3014
2940
2877
2760
2709
2667
2721
2792
2857
3004
3012
2944
2845
2816
2794
2761
2796
2674
2685
2792
2786
2855
2881
2833
2891
2972
2987
3033
3020
2988
3093
3122
3115
3162
3246
3297
3265
3246
3177
3112
3099
3032
2958
3048
3079
3022
3020
3015
2972
2868
2756
2659
2526
2434
2316
2083
1910
1782
1746
1687
1516
1413
1324
1211
1111
1077
1147
1157
1118
1192
1298
1300
1262
1265
1525
1619
1646
1954
1986
1985
2064
2165
2263
2297
2347
2437
2494
2484
2558
2686
2730
2691
2733
2708
2625
2603
2652
2657
2609
2580
2602
2629
2584
2506
2540
2582
2582
2661
2687
2745
2745
2802
2803
2781
2882
2934
2965
2921
2813
2734
2733
2709
2660
2670
2718
2651
2595
2577
2509
2439
2374
2351
2295
2282
2262
2220
2153
2091
2136
2114
2053
1997
1953
1892
1801
1636
1542
1530
1444
1469
1501
1477
1453
1476
1513
1437
1370
1435
1467
1418
1355
1383
1514
1461
1501
1652
1699
1718
1683
1703
1742
1612
1508
1591
1577
1529
1426
1304
1327
1389
1369
1352
1287
1197
1233
1160
1079
1049
1051
1211
1352
1340
1355
1378
1351
1327
1259
1291
1421
1439
1457
1451
1382
1339
1334
1293
1230
1296
1344
1358
1318
1258
1201
1098
970
954
944
903
905
914
794
615
662
640
585
614
630
652
718
781
772
750
719
688
840
898
921
1046
1077
1086
1094
1123
1070
1022
1053
1178
1294
1413
1398
1484
1595
1543
1526
1588
1637
1609
1735
1814
1837
1847
1932
1999
2110
2282
2308
2314
2361
2324
2260
2160
2150
2288
2379
2398
2377
2397
2375
2338
2265
2217
2196
2290
2303
2174
2006
1922
1881
1859
1862
1855
1929
2021
1952
1829
1851
1877
1948
1965
2118
2143
2123
2136
2195
2229
2189
2225
2231
2297
2310
2357
2380
2455
2456
2421
2489
2511
2442
2390
2352
2346
2375
2314
2189
2097
2122
2018
1956
1968
1847
1796
1802
1782
1709
1671
1605
1540
1424
1332
1339
1263
1221
1195
1213
1249
1275
1126
914
857
797
586
529
569
424
312
272
338
365
462
425
410
405
338
444
367
368
452
462
475
522
587
658
716
789
965
1067
1105
1179
1236
1289
1370
1465
1511
1570
1594
1591
1525
1419
1375
1305
1263
1172
1044
1052
1106
1006
899
804
745
625
595
538
399
354
171
172
76
-61
-150
-185
-194
-228
-126
-108
-18
4
23
67
21
61
117
190
289
408
453
377
413
402
279
256
253
260
339
441
476
443
507
484
466
546
516
509
501
500
473
496
495
562
572
556
673
619
647
800
936
961
1052
1072
1038
1116
1109
1200
1261
1247
1208
1250
1306
1296
1333
1312
1262
1174
1031
806
648
559
480
393
354
332
250
234
229
232
243
263
144
61
76
-9
-58
-50
-33
2
-25
-27
-34
-82
-57
-34
-58
-38
29
-82
-205
-226
-220
-226
-277
-187
-85
-95
-37
-93
-116
-40
-4
108
164
257
312
400
556
556
499
478
423
314
254
342
363
253
373
481
415
392
459
457
488
527
424
315
287
377
330
318
397
399
376
449
305
220
210
133
231
134
142
203
209
181
196
214
201
252
262
273
255
199
327
431
376
473
493
483
630
724
645
676
694
717
814
847
893
878
882
903
856
747
779
901
959
1021
1024
971
920
958
934
859
981
1036
1023
1037
1035
984
960
1017
1048
1042
1028
1079
1136
1075
922
899
784
719
792
731
745
807
853
791
797
820
905
1047
1054
988
879
884
917
941
955
984
1051
1130
1180
1301
1295
1344
1420
1432
1499
1484
1556
1570
1504
1472
1502
1484
1585
1679
1628
1736
1854
1855
1836
1819
1800
1818
1829
1757
1816
1874
1857
1973
2001
1944
1977
1966
1996
2215
2289
2305
2446
2537
2573
2587
2568
2540
2467
2468
2544
2565
2619
2712
2776
2839
2813
2708
2681
2636
2650
2641
2576
2525
2427
2430
2436
2426
2532
2568
2583
2544
2380
2294
2227
2246
2200
2201
2233
2173
2222
2241
2206
2197
2217
2192
2248
2380
2449
2457
2519
2595
2525
2439
2455
2562
2663
2783
2917
2872
2869
2902
2872
2770
2722
2828
2870
2891
2874
2838
2827
2783
2730
2795
2832
2896
2928
2977
2970
2917
2940
2882
2914
2945
2920
2896
2941
2961
2903
2832
2894
2933
2959
2978
3015
3019
2882
2850
2846
2790
2781
2779
2683
2693
2705
2736
2705
2678
2670
2600
2600
2559
2574
2615
2630
2713
2854
2851
2819
2816
2774
2772
2812
2877
2851
2868
2965
2962
2888
2801
2645
2594
2630
2663
2695
2737
2814
2780
2661
2647
2727
2588
2372
2271
2162
2028
1899
1744
1672
1608
1563
1562
1435
1340
1278
1242
1236
1166
1123
1202
1181
1071
1071
1054
1066
1104
1140
1153
1045
1030
1017
1027
1082
1094
1101
1049
1079
1037
1027
967
776
802
812
737
775
897
936
839
778
800
754
617
567
550
585
612
693
738
574
531
500
364
223
204
223
146
53
-106
-238
-212
-206
-241
-266
-298
-272
-220
-234
-316
-328
-376
-374
-336
-355
-338
-375
-363
-327
-343
-317
-373
-385
-419
-410
-293
-356
-382
-394
-337
-329
-374
-387
-355
-310
-331
-378
-392
-361
-399
-303
-355
-483
-505
-397
-312
-289
-310
-358
-301
-272
-214
-160
-89
-125
-94
-48
-118
-197
-261
-148
-68
-131
-129
-57
35
61
57
37
20
-79
-157
-84
6
-6
83
250
201
130
58
76
42
73
94
36
0
-10
0
18
139
134
38
-93
-29
9
-41
-116
-185
-130
-188
-319
-343
-287
-233
-205
-230
-283
-374
-368
-366
-369
-412
-477
-490
-614
-653
-563
-538
-496
-479
-469
-495
-592
-665
-651
-591
-643
-736
-738
-732
-814
-895
-999
-1084
-1165
-1189
-1142
-1203
-1254
-1233
-1254
-1261
-1318
-1359
-1355
-1339
-1301
-1387
-1320
-1230
-1251
-1133
-1171
-1254
-1096
-989
-937
-833
-737
-663
-631
-440
-350
-394
-283
-130
-167
-292
-320
-312
-268
-290
-297
-274
-186
-183
-176
-139
-162
-177
-159
-138
-184
-138
-76
24
85
70
134
249
320
421
401
437
484
484
478
368
430
508
686
794
836
767
676
637
587
632
489
526
701
773
737
708
721
731
772
723
674
692
726
713
589
502
483
469
478
426
411
404
442
475
492
480
397
418
455
480
564
595
648
660
611
545
532
521
470
523
578
626
632
658
620
600
558
516
594
622
518
519
517
401
423
433
421
464
494
425
373
285
193
213
210
206
201
121
49
30
64
66
-29
-121
-58
-45
5
12
-3
12
-68
-99
-192
-130
-64
-41
-134
-151
-61
-86
-86
-96
-89
-1
128
200
172
100
181
236
245
195
146
164
297
401
441
479
559
544
384
385
366
327
243
251
162
24
-12
-7
-67
-97
-25
-78
-66
-64
26
52
119
144
98
121
130
176
122
90
-20
-60
-7
-37
-13
-6
-111
-135
-133
-184
-182
-133
-115
-130
-95
-84
-38
-31
-114
-146
-66
42
121
208
268
371
423
414
445
380
293
240
350
357
291
301
222
200
157
118
94
83
-4
-171
-387
-513
-584
-619
-627
-751
-905
-914
-905
-951
-1037
-1198
-1273
-1310
-1328
-1462
-1462
-1500
-1632
-1576
-1636
-1766
-1773
-1673
-1638
-1532
-1392
-1324
-1245
-1391
-1499
-1412
-1375
-1370
-1317
-1335
-1340
-1311
-1293
-1200
-1120
-1136
-1073
-884
-836
-765
-825
-827
-749
-768
-749
-697
-741
-719
-594
-647
-671
-569
-386
-333
-256
-186
-186
-145
-39
62
269
367
411
569
583
611
722
875
945
1120
1257
1270
1354
1472
1534
1586
1600
1690
1783
1819
1921
1924
1944
1921
1954
2055
2062
2024
2048
2059
2027
2034
1976
1938
1873
1862
1995
2114
2094
2107
2225
2199
2118
2083
2037
1915
1871
1945
1937
1807
1682
1678
1635
1531
1468
1522
1531
1464
1404
1288
1218
1260
1208
1150
1319
1367
1391
1425
1401
1371
1296
1260
1287
1245
1085
1102
1169
1123
1083
1032
984
1020
1076
1036
921
892
878
815
782
762
716
754
819
769
675
680
719
658
584
629
554
464
493
431
497
637
697
666
689
685
680
656
672
722
706
744
763
783
752
651
540
541
552
544
533
391
323
390
333
290
304
393
403
328
283
238
189
81
17
-21
-33
12
-38
-175
-178
-311
-560
-723
-630
-598
-586
-534
-632
-632
-537
-583
-781
-791
-786
-797
-771
-765
-815
-800
-827
-861
-909
-919
-909
-852
-828
-854
-770
-726
-656
-764
-789
-771
-731
-797
-844
-836
-859
-811
-865
-809
-744
-749
-814
-874
-889
-878
-845
-861
-990
-1099
-1162
-1216
-1202
-1238
-1224
-1210
-1264
-1281
-1413
-1483
-1608
-1715
-1756
-1907
-1944
-1992
-2117
-2185
-2239
-2320
-2301
-2251
-2302
-2291
-2295
-2352
-2340
-2348
-2309
-2359
-2390
-2325
-2290
-2218
-2165
-2269
-2352
-2327
-2271
-2218
-2171
-2163
-2093
-1963
-2024
-2032
-2098
-2144
-2190
-2254
-2220
-2207
-2063
-1957
-1939
-1928
-1912
-1876
-1836
-1832
-1902
-1946
-1879
-1865
-1899
-1827
-1759
-1722
-1680
-1604
-1616
-1633
-1502
-1417
-1493
-1479
-1405
-1426
-1452
-1404
-1251
-1193
-1281
-1344
-1340
-1375
-1429
-1436
-1299
-1217
-1130
-1042
-942
-853
-776
-718
-825
-847
-892
-831
-800
-883
-805
-647
-669
-679
-688
-659
-566
-604
-627
-529
-443
-451
-323
-330
-352
-349
-299
-256
-362
-388
-372
-334
-271
-208
-182
-178
-28
-5
-206
-266
-192
-134
-247
-297
-215
-102
-125
-181
-184
-200
-194
-219
-226
-179
-183
-193
-222
-397
-495
-541
-522
-386
-378
-457
-418
-409
-481
-592
-700
-818
-845
-836
-845
-857
-879
-951
-967
-913
-1036
-1117
-1140
-1193
-1220
-1223
-1211
-1212
-1217
-1081
-1015
-1040
-1074
-1150
-1169
-1172
-1133
-1042
-1036
-926
-748
-733
-750
-737
-740
-754
-781
-761
-626
-546
-490
-407
-293
-329
-344
-292
-318
-292
-235
-143
-28
57
17
-108
-164
-156
-168
-137
-119
-204
-282
-268
-335
-404
-431
-441
-329
-294
-342
-384
-330
-302
-304
-234
-115
12
-41
-78
22
17
-57
-9
-15
29
-3
44
129
78
38
80
82
-12
-14
-101
-142
-233
-202
-220
-352
-448
-522
-568
-600
-584
-658
-818
-990
-989
-1112
-1212
-1132
-1170
-1145
-1010
-875
-893
-912
-752
-611
-536
-473
-422
-411
-294
-200
-143
-20
16
48
94
116
138
148
144
123
73
26
-14
36
83
-2
-27
-69
-73
-87
-136
-115
-88
-129
-215
-283
-237
-138
-173
-168
-174
-171
-160
-105
-145
-183
-147
-134
-150
-149
-29
-80
-206
-180
-182
-234
-192
-214
-238
-272
-268
-253
-241
-319
-307
-298
-429
-419
-427
-483
-539
-466
-401
-422
-586
-705
-691
-672
-750
-739
-675
-647
-648
-636
-585
-528
-440
-408
-315
-221
-219
-286
-182
-63
-49
-122
-107
-56
-57
-110
-119
-105
-162
-187
-213
-313
-378
-359
-401
-473
-559
-562
-545
-559
-656
-601
-522
-496
-556
-618
-641
-707
-734
-764
-766
-871
-874
-894
-991
-1035
-975
-977
-1058
-1064
-1147
-1250
-1348
-1388
-1430
-1473
-1460
-1476
-1549
-1564
-1647
-1809
-1905
-2018
-1904
-1846
-1918
-1965
-1936
-1834
-1773
-1685
-1712
-1730
-1719
-1672
-1584
-1519
-1437
-1351
-1278
-1278
-1285
-1158
-1021
-1000
-933
-819
-705
-649
-718
-754
-761
-655
-535
-470
-399
-299
-143
-60
-21
3
93
185
167
182
238
239
286
371
417
450
511
444
411
440
346
377
510
557
535
580
647
621
574
398
285
267
137
113
144
121
21
69
99
27
-46
-188
-256
-322
-362
-398
-485
-592
-618
-686
-817
-928
-1062
-1175
-1214
-1266
-1241
-1253
-1259
-1183
-1260
-1395
-1457
-1381
-1330
-1427
-1509
-1504
-1574
-1583
-1564
-1563
-1534
-1401
-1354
-1380
-1282
-1220
-1168
-1283
-1361
-1366
-1398
-1423
-1464
-1410
-1346
-1360
-1240
-1116
-1133
-1164
-1160
-1130
-1141
-1150
-1102
-965
-962
-1049
-1161
-1271
-1217
-1198
-1248
-1281
-1276
-1258
-1277
-1247
-1316
-1449
-1472
-1468
-1531
-1565
-1593
-1675
-1781
-1839
-1904
-1991
-1995
-1993
-1960
-1908
-1902
-2026
-2022
-1915
-1918
-1987
-1933
-1877
-1852
-1841
-1899
-1810
-1752
-1829
-1815
-1687
-1709
-1676
-1675
-1715
-1627
-1500
-1490
-1467
-1387
-1397
-1400
-1378
-1312
-1371
-1393
-1368
-1304
-1216
-1139
-1071
-1034
-985
-972
-978
-903
-871
-915
-917
-889
-798
-824
-729
-649
-710
-647
-574
-576
-609
-641
-575
-542
-457
-376
-461
-445
-452
-473
-475
-392
-414
-360
-301
-344
-178
-39
3
-53
-69
31
-1
-28
25
-10
21
71
68
-57
-111
-157
-204
-145
-135
-199
-284
-339
-413
-525
-654
-686
-751
-860
-1012
-1023
-1073
-1234
-1274
-1298
-1376
-1444
-1460
-1548
-1518
-1537
-1620
-1550
-1617
-1642
-1584
-1692
-1668
-1526
-1422
-1389
-1359
-1265
-1246
-1299
-1301
-1253
-1236
-1172
-1129
-1114
-1147
-1265
-1325
-1260
-1315
-1421
-1368
-1464
-1509
-1424
-1437
-1491
-1525
-1462
-1467
-1490
-1444
-1438
-1434
-1438
-1405
-1278
-1256
-1287
-1214
-1180
-1202
-1152
-1031
-956
-958
-982
-873
-799
-872
-783
-682
-722
-727
-694
-672
-699
-691
-676
-673
-683
-737
-763
-714
-726
-820
-758
-690
-701
-690
-686
-635
-568
-596
-598
-641
-709
-720
-717
-734
-900
-930
-807
-798
-873
-850
-731
-685
-664
-625
-671
-670
-664
-696
-627
-659
-703
-701
-711
-722
-770
-746
-768
-767
-673
-651
-605
-556
-517
-499
-437
-408
-534
-527
-483
-486
-413
-344
-231
-110
60
192
245
176
145
195
209
211
118
209
210
84
19
13
32
3
-16
-59
-113
-147
-128
-148
-189
-270
-248
-200
-179
-176
-262
-239
-286
-290
-186
-157
-190
-192
-116
-87
-48
-18
-24
-57
-23
13
-51
-75
-100
-200
-249
-221
-234
-310
-316
-290
-325
-421
-526
-615
-704
-729
-716
-706
-816
-901
-923
-985
-1143
-1222
-1222
-1192
-1195
-1311
-1250
-1280
-1343
-1351
-1421
-1511
-1498
-1466
-1500
-1486
-1488
-1491
-1522
-1553
-1553
-1530
-1450
-1356
-1408
-1521
-1578
-1595
-1679
-1690
-1645
-1685
-1728
-1807
-1815
-1875
-2014
-2026
-1967
-1946
-2108
-2174
-2116
-2234
-2353
-2432
-2392
-2369
-2348
-2247
-2300
-2400
-2443
-2500
-2571
-2681
-2785
-2849
-2899
-2903
-2939
-3018
-3156
-3242
-3063
-2906
-2981
-3018
-3011
-3005
-2973
-2991
-3029
-3005
-2954
-2935
-2930
-2857
-2838
-2829
-2688
-2661
-2647
-2548
-2502
-2462
-2398
-2381
-2425
-2472
-2375
-2250
-2254
-2188
-2199
-2196
-2158
-2183
-2121
-2089
-2054
-1979
-1881
-1879
-1843
-1750
-1674
-1620
-1603
-1482
-1366
-1229
-1167
-1151
-1025
-909
-826
-790
-736
-715
-718
-713
-658
-577
-655
-646
-593
-636
-639
-638
-645
-623
-592
-584
-545
-632
-588
-505
-514
-452
-512
-529
-550
-615
-678
-679
-810
-869
-975
-1107
-1156
-1283
-1302
-1339
-1350
-1459
-1504
-1607
-1723
-1790
-1840
-1914
-2013
-2052
-2091
-2160
-2175
-2157
-2138
-2149
-2237
-2197
-2128
-2102
-2242
-2273
-2252
-2337
-2323
-2246
-2296
-2381
-2427
-2330
-2325
-2409
-2393
-2451
-2402
-2381
-2410
-2445
-2444
-2393
-2317
-2313
-2297
-2252
-2309
-2278
-2151
-2197
-2225
-2144
-2110
-2055
-1971
-1929
-1895
-1862
-1862
-1787
-1753
-1688
-1645
-1641
-1653
-1692
-1715
-1694
-1641
-1623
-1582
-1525
-1472
-1563
-1619
-1547
-1528
-1551
-1529
-1370
-1210
-1228
-1286
-1219
-1205
-1242
-1332
-1413
-1370
-1347
-1307
-1252
-1169
-1235
-1290
-1301
-1396
-1387
-1404
-1444
-1483
-1589
-1600
-1647
-1746
-1796
-1890
-1842
-1863
-1868
-1836
-1899
-1916
-1901
-1958
-1919
-1804
-1827
-1711
-1580
-1538
-1550
-1529
-1476
-1435
-1398
-1316
-1231
-1162
-1052
-1007
-911
-797
-716
-695
-681
-664
-599
-530
-615
-642
-668
-704
-665
-682
-694
-670
-630
-607
-627
-744
-861
-930
-949
-939
-939
-986
-992
-897
-939
-1000
-1123
-1088
-1056
-1121
-1120
-1133
-1051
-963
-912
-931
-987
-994
-963
-980
-939
-998
-1027
-1043
-1080
-1059
-1046
-1045
-1050
-1017
-1001
-985
-980
-1044
-1034
-1016
-1098
-1201
-1265
-1226
-1296
-1310
-1296
-1308
-1295
-1204
-1218
-1269
-1313
-1368
-1364
-1446
-1407
-1441
-1482
-1455
-1534
-1664
-1737
-1760
-1748
-1742
-1739
-1806
-1839
-1809
-1856
-1839
-1830
-1877
-1886
-1990
-2075
-2071
-2041
-2020
-2025
-1998
-2106
-2171
-2162
-2173
-2209
-2222
-2220
-2216
-2113
-2068
-2112
-2171
-2190
-2261
-2328
-2299
-2330
-2325
-2404
-2470
-2413
-2374
-2397
-2391
-2347
-2419
-2426
-2462
-2472
-2520
-2582
-2667
-2776
-2831
-3013
-3092
-3071
-3050
-2987
-2964
-2929
-2898
-2968
-3009
-3033
-3035
-3105
-3156
-3113
-3021
-3005
-2958
-2807
-2899
-2829
-2683
-2676
-2674
-2704
-2561
-2408
-2362
-2329
-2188
-2080
-2066
-2031
-2070
-1993
-1922
-1911
-1911
-1933
-1867
-1813
-1798
-1811
-1839
-1890
-1927
-2119
-2353
-2483
-2517
-2556
-2702
-2727
-2688
-2789
-2849
-2800
-2819
-2892
-2987
-3045
-3056
-3102
-3049
-2917
-2964
-2934
-2748
-2723
-2802
-2862
-2816
-2786
-2819
-2715
-2589
-2633
-2812
-2736
-2672
-2815
-2858
-2904
-3027
-3083
-2994
-3051
-3156
-3122
-3104
-3146
-3190
-3264
-3323
-3413
-3436
-3395
-3492
-3573
-3627
-3618
-3597
-3585
-3611
-3730
-3747
-3682
-3664
-3646
-3692
-3626
-3539
-3604
-3596
-3600
-3483
-3316
-3255
-3287
-3229
-3119
-3008
-3006
-3038
-2946
-2933
-2908
-2919
-2869
-2884
-2882
-2698
-2571
-2501
-2406
-2451
-2366
-2211
-2340
-2272
-2066
-1990
-1988
-1944
-1963
-1950
-1762
-1641
-1716
-1759
-1631
-1560
-1516
-1519
-1554
-1563
-1574
-1619
-1528
-1448
-1492
-1429
-1311
-1383
-1454
-1448
-1483
-1429
-1465
-1557
-1545
-1487
-1455
-1365
-1259
-1232
-1239
-1170
-1160
-1214
-1260
-1277
-1368
-1416
-1421
-1421
-1371
-1411
-1381
-1469
-1571
-1713
-1920
-2011
-2038
-2068
-2184
-2231
-2385
-2554
-2593
-2696
-2667
-2653
-2807
-2866
-2698
-2770
-2947
-2993
-3041
-3003
-3046
-3002
-2966
-2959
-2892
-2852
-2937
-2935
-2779
-2744
-2710
-2777
-2764
-2714
-2771
-2613
-2477
-2503
-2434
-2376
-2419
-2426
-2573
-2603
-2568
-2553
-2492
-2586
-2503
-2358
-2227
-2214
-2358
-2391
-2383
-2383
-2478
-2594
-2674
-2642
-2586
-2616
-2518
-2524
-2607
-2555
-2677
-2805
-2732
-2643
-2656
-2676
-2575
-2530
-2560
-2553
-2568
-2612
-2612
-2546
-2435
-2346
-2332
-2271
-2196
-2204
-2133
-2110
-2075
-1986
-1891
-1876
-1870
-1844
-1892
-1715
-1632
-1575
-1467
-1424
-1463
-1479
-1424
-1495
-1520
-1453
-1421
-1518
-1519
-1460
-1463
-1441
-1447
-1443
-1437
-1367
-1271
-1368
-1364
-1268
-1324
-1469
-1548
-1427
-1335
-1282
-1220
-1248
-1175
-1187
-1306
-1387
-1464
-1414
-1358
-1392
-1547
-1585
-1507
-1482
-1534
-1682
-1847
-1898
-1818
-1814
-1875
-1854
-1772
-1640
-1678
-1798
-1830
-1943
-1888
-1946
-2007
-1960
-1872
-1687
-1652
-1699
-1738
-1792
-1943
-1923
-1789
-1662
-1518
-1389
-1481
-1572
-1533
-1558
-1597
-1547
-1368
-1209
-1228
-1169
-1076
-1210
-1139
-1081
-1210
-1266
-1183
-1140
-1213
-1321
-1255
-1240
-1234
-1147
-1166
-1269
-1383
-1359
-1543
-1678
-1784
-1823
-1805
-2028
-2129
-2212
-2414
-2552
-2647
-2697
-2736
-2864
-2972
-3014
-3139
-3283
-3359
-3439
-3490
-3573
-3627
-3656
-3686
-3698
-3673
-3658
-3703
-3691
-3697
-3703
-3684
-3696
-3721
-3708
-3645
-3631
-3567
-3398
-3293
-3188
-3059
-3058
-3177
-3272
-3313
-3257
-3231
-3198
-3039
-3002
-2943
-2934
-3052
-3016
-3110
-3149
-3165
-3227
-3286
-3403
-3325
-3237
-3183
-3168
-3038
-2955
-3060
-3059
-2946
-2942
-2897
-2852
-2928
-2835
-2720
-2796
-2888
-2901
-2929
-2906
-2893
-2877
-2793
-2692
-2635
-2733
-2821
-2772
-2726
-2681
-2704
-2745
-2781
-2857
-2837
-2816
-2806
-2816
-2681
-2627
-2628
-2573
-2663
-2697
-2677
-2565
-2494
-2401
-2222
-2131
-2124
-2054
-1967
-1885
-1864
-1892
-1963
-1914
-1923
-1913
-1860
-1929
-1880
-1937
-1924
-1928
-1852
-1793
-1688
-1773
-1843
-1765
-1842
-1907
-1890
-1700
-1681
-1662
-1566
-1485
-1508
-1585
-1677
-1656
-1648
-1606
-1601
-1565
-1486
-1538
-1738
-1872
-1820
-1938
-1932
-2050
-2142
-2134
-2187
-2339
-2526
-2625
-2781
-2777
-2895
-3123
-3122
-3177
-3267
-3190
-3153
-3259
-3172
-3096
-3142
-3195
-3273
-3317
-3433
-3457
-3523
-3466
-3406
-3257
-3200
-3222
-3205
-3173
-3114
-3204
-3218
-3324
-3262
-3224
-3192
-3105
-2971
-2895
-2903
-2983
-3100
-3121
-3139
-3068
-3097
-2998
-3020
-3066
-3154
-3173
-3089
-3050
-2904
-2959
-2968
-2922
-2960
-2947
-2812
-2874
-2796
-2666
-2587
-2567
-2591
-2561
-2583
-2518
-2498
-2505
-2401
-2206
-2181
-2170
-2174
-2136
-2099
-2096
-2097
-1974
-1839
-1704
-1611
-1623
-1612
-1562
-1497
-1403
-1308
-1104
-959
-1021
-998
-1042
-1057
-1175
-1175
-1197
-1173
-1072
-1138
-1213
-1244
-1334
-1383
-1332
-1323
-1190
-1117
-1071
-1067
-1091
-1074
-1082
-989
-812
-812
-698
-595
-585
-511
-549
-481
-366
-170
33
136
217
224
184
216
301
355
415
506
589
742
816
846
916
963
1198
1288
1213
1268
1275
1172
1141
1184
1244
1455
1540
1513
1539
1433
1407
1396
1333
1335
1273
1279
1366
1260
1235
1282
1327
1277
1193
1216
1072
1089
1148
1095
1069
1127
1248
1220
1230
1314
1282
1234
1251
1267
1232
1310
1389
1445
1421
1482
1559
1627
1640
1617
1657
1541
1489
1441
1632
1600
1532
1454
1241
1075
991
957
822
798
744
626
476
344
217
163
-62
-271
-424
-482
-707
-912
-985
-1103
-1205
-1360
-1284
-1300
-1337
-1308
-1436
-1552
-1410
-1460
-1545
-1460
-1450
-1373
-1272
-1336
-1441
-1366
-1301
-1259
-1223
-1148
-1132
-1156
-971
-987
-997
-855
-928
-994
-1032
-1104
-1127
-1072
-1062
-1048
-1003
-976
-1004
-985
-1001
-1014
-906
-934
-986
-1022
-1104
-1051
-1101
-1270
-1154
-1062
-1036
-1095
-1270
-1174
-1204
-1272
-1268
-1332
-1201
-1237
-1357
-1472
-1478
-1333
-1259
-1126
-1094
-1123
-1098
-1103
-1282
-1468
-1524
-1573
-1604
-1572
-1463
-1469
-1538
-1500
-1496
-1448
-1381
-1411
-1402
-1491
-1577
-1683
-1855
-1865
-1904
-1980
-2002
-2050
-2071
-2146
-2254
-2245
-2241
-2308
-2365
-2305
-2258
-2190
-2221
-2206
-2082
-2057
-2082
-2157
-2240
-2302
-2265
-2424
-2368
-2304
-2309
-2103
-2085
-2088
-2049
-1989
-1978
-1936
-1886
-1779
-1704
-1563
-1490
-1614
-1530
-1516
-1545
-1492
-1428
-1450
-1445
-1535
-1567
-1557
-1651
-1604
-1682
-1685
-1777
-1875
-1908
-1938
-2018
-2030
-2083
-2092
-2083
-2182
-2060
-2101
-2124
-2092
-2057
-2090
-2097
-2112
-2091
-2083
-2010
-2000
-2080
-1928
-1912
-2023
-2057
-1960
-1956
-1980
-2023
-2022
-2039
-2068
-2131
-2103
-2043
-2035
-2088
-2206
-2181
-2208
-2217
-2218
-2232
-2240
-2156
-2205
-2222
-2226
-2349
-2416
-2476
-2440
-2427
-2397
-2320
-2239
-2183
-2221
-2295
-2312
-2398
-2542
-2535
-2629
-2637
-2551
-2635
-2607
-2638
-2555
-2399
-2377
-2325
-2337
-2298
-2270
-2342
-2366
-2318
-2241
-2362
-2418
-2449
-2642
-2653
-2655
-2751
-2771
-2717
-2724
-2739
-2744
-2712
-2731
-2820
-2791
-2830
-2986
-3010
-3102
-3153
-3110
-3045
-3043
-3244
-3207
-3306
-3283
-3207
-3181
-3028
-3125
-3207
-3250
-3267
-3312
-3178
-3079
-3079
-3161
-3195
-3336
-3455
-3460
-3488
-3305
-3282
-3238
-3155
-3051
-3158
-3149
-2987
-2924
-2759
-2644
-2531
-2452
-2320
-2241
-2198
-2197
-2083
-2064
-2187
-2087
-2038
-1913
-1732
-1569
-1394
-1293
-1313
-1206
-1159
-1116
-1121
-1120
-976
-906
-850
-882
-761
-887
-827
-739
-709
-598
-542
-473
-550
-582
-542
-533
-672
-642
-476
-379
-470
-411
-293
-280
-201
-213
-341
-359
-279
-298
-376
-366
-340
-361
-364
-351
-274
-352
-424
-491
-595
-699
-830
-893
-787
-664
-741
-679
-691
-610
-586
-611
-627
-615
-605
-751
-840
-815
-628
-676
-684
-715
-667
-749
-815
-691
-550
-405
-405
-455
-443
-502
-678
-582
-487
-443
-426
-338
-297
-205
-155
-251
-338
-305
-135
-39
28
75
111
133
92
26
35
81
243
292
384
497
398
387
420
298
134
40
40
12
-14
-98
-134
-172
-247
-242
-418
-442
-369
-504
-530
-523
-620
-512
-559
-616
-667
-746
-818
-867
-928
-986
-938
-822
-744
-728
-610
-646
-449
-422
-337
-269
-295
-202
-152
-137
-162
-100
-131
-193
-347
-458
-457
-432
-467
-504
-545
-520
-541
-515
-596
-649
-619
-624
-618
-589
-525
-620
-712
-818
-762
-589
-596
-611
-513
-464
-355
-303
-404
-310
-257
-271
-134
-108
-8
28
45
53
127
206
229
331
291
244
261
295
377
459
481
535
489
429
296
152
140
127
100
172
161
130
57
-58
-198
-223
-200
-394
-432
-630
-784
-931
-1075
-1124
-1094
-913
-927
-981
-1023
-1099
-1229
-1320
-1247
-1285
-1461
-1453
-1487
-1471
-1457
-1546
-1530
-1602
-1616
-1638
-1686
-1623
-1569
-1548
-1651
-1776
-1730
-1694
-1622
-1580
-1658
-1654
-1591
-1530
-1588
-1538
-1568
-1514
-1576
-1790
-1779
-1823
-1980
-2006
-2051
-2185
-2088
-2123
-1996
-2020
-2109
-2143
-2191
-2357
-2492
-2406
-2386
-2334
-2343
-2353
-2486
-2507
-2543
-2534
-2534
-2483
-2389
-2424
-2479
-2434
-2423
-2523
-2475
-2592
-2534
-2392
-2312
-2085
-2058
-2055
-2139
-2180
-2273
-2419
-2408
-2299
-2153
-2197
-2236
-2315
-2485
-2386
-2243
-2139
-2050
-2167
-2139
-2187
-2309
-2364
-2395
-2397
-2331
-2266
-2311
-2423
-2419
-2554
-2683
-2721
-2855
-2846
-2940
-2859
-2738
-2685
-2749
-2779
-2787
-2727
-2732
-2929
-2870
-2846
-2858
-2918
-2927
-2852
-2783
-2739
-2785
-2781
-2678
-2597
-2682
-2736
-2715
-2638
-2688
-2589
-2434
-2341
-2219
-2229
-2184
-2218
-2204
-2332
-2447
-2500
-2429
-2267
-2179
-2089
-1999
-2060
-2229
-2260
-2261
-2162
-2113
-2114
-1982
-1778
-1755
-1652
-1573
-1544
-1393
-1445
-1472
-1445
-1567
-1617
-1632
-1514
-1519
-1563
-1472
-1363
-1273
-1308
-1242
-1339
-1322
-1117
-1054
-1199
-1221
-1186
-1287
-1191
-1183
-1163
-1047
-1013
-1049
-1156
-1162
-1077
-1034
-927
-824
-940
-978
-1068
-1044
-865
-739
-659
-708
-659
-733
-849
-821
-782
-815
-825
-784
-715
-713
-763
-716
-696
-745
-709
-771
-795
-748
-733
-691
-733
-673
-544
-451
-382
-261
-170
-160
-184
-273
-291
-220
-176
-107
28
-12
-134
-120
-239
-263
-181
-153
-134
-165
-253
-266
-392
-574
-541
-598
-554
-496
-520
-583
-650
-568
-591
-488
-251
-171
-230
-320
-382
-493
-583
-488
-309
-380
-249
-91
-124
-141
-141
-37
-104
-209
-249
-321
-267
-177
-143
-55
-37
-88
-151
-204
-280
-428
-470
-476
-442
-327
-380
-477
-558
-496
-511
-559
-520
-454
-382
-337
-275
-257
-175
-125
-122
-77
-7
-36
27
91
153
220
289
242
224
291
318
296
398
558
641
704
709
726
733
815
772
757
690
748
803
711
647
661
579
582
654
612
535
413
307
173
165
134
77
61
62
-56
-30
-161
-373
-375
-438
-561
-633
-658
-681
-719
-820
-918
-1023
-1118
-1203
-1322
-1358
-1247
-1207
-1083
-991
-969
-847
-770
-648
-476
-403
-323
-221
-133
-112
-185
-91
90
193
346
385
294
239
287
391
458
433
503
581
586
538
506
566
695
805
754
750
748
649
503
558
542
488
436
439
388
341
214
147
214
214
278
169
265
180
115
128
170
183
94
129
21
-154
-288
-372
-458
-472
-498
-565
-646
-692
-694
-603
-545
-633
-680
-663
-795
-899
-907
-990
-1085
-1156
-1161
-1256
-1359
-1378
-1404
-1449
-1505
-1602
-1645
-1676
-1737
-1714
-1640
-1585
-1592
-1579
-1620
-1530
-1490
-1641
-1622
-1621
-1603
-1624
-1672
-1628
-1712
-1818
-1900
-1902
-2020
-2209
-2144
-2154
-2237
-2345
-2473
-2481
-2586
-2712
-2717
-2710
-2688
-2593
-2596
-2597
-2568
-2634
-2745
-2936
-3082
-2979
-2850
-2876
-2850
-2826
-2839
-2877
-2862
-2957
-3005
-2874
-2778
-2681
-2691
-2561
-2475
-2370
-2211
-2301
-2245
-2230
-2256
-2156
-2099
-2118
-2049
-1890
-1633
-1667
-1732
-1567
-1649
-1448
-1314
-1291
-1310
-1180
-1089
-1238
-1256
-1163
-1172
-1338
-1297
-1293
-1301
-1321
-1339
-1322
-1285
-1376
-1415
-1361
-1376
-1337
-1301
-1379
-1339
-1347
-1334
-1452
-1416
-1262
-1243
-1148
-1349
-1392
-1550
-1619
-1734
-1803
-1640
-1572
-1429
-1417
-1452
-1378
-1364
-1279
-1166
-1175
-1075
-1019
-1023
-1090
-1182
-1253
-1481
-1491
-1430
-1540
-1482
-1378
-1259
-1438
-1578
-1646
-1742
-1704
-1769
-1849
-1941
-1987
-2084
-2193
-2194
-2288
-2321
-2237
-2223
-2077
-1933
-2072
-2137
-2045
-1983
-1943
-2045
-2017
-2015
-2046
-2035
-1933
-1918
-1853
-1753
-1733
-1681
-1612
-1547
-1615
-1451
-1361
-1225
-1187
-1135
-1116
-1119
-1114
-1214
-1209
-1219
-1272
-1269
-1150
-1233
-1295
-1385
-1413
-1260
-1144
-1119
-1057
-1021
-982
-965
-1018
-969
-898
-888
-919
-905
-893
-884
-884
-873
-852
-920
-933
-852
-860
-831
-681
-630
-570
-566
-541
-532
-708
-760
-749
-587
-503
-466
-405
-294
-134
-147
-80
-27
-8
40
24
79
161
56
6
34
11
-52
-76
-99
-188
-142
-255
-289
-312
-400
-333
-423
-401
-415
-459
-437
-452
-406
-413
-409
-437
-360
-248
-363
-373
-267
-245
-230
-264
-324
-170
-135
-95
84
222
299
207
233
357
435
323
268
314
357
400
465
476
463
457
457
484
323
245
315
369
305
204
232
310
278
234
168
-6
-163
-223
-273
-290
-222
-177
-143
-35
-13
-81
-56
-44
-52
1
-6
-2
72
121
230
305
381
389
368
332
249
343
374
272
265
425
528
425
452
548
576
669
679
749
860
834
810
756
735
803
827
847
918
999
986
919
926
891
832
724
762
784
691
680
718
735
632
754
929
959
917
913
981
1043
1008
999
1033
993
1036
1056
943
916
999
1012
953
891
874
833
764
697
778
763
621
597
631
609
544
363
214
175
180
218
215
210
191
74
-119
-243
-412
-454
-532
-649
-687
-770
-883
-1075
-1243
-1316
-1404
-1480
-1570
-1688
-1682
-1671
-1614
-1600
-1617
-1591
-1689
-1753
-1687
-1756
-1767
-1606
-1548
-1485
-1618
-1631
-1454
-1412
-1282
-1131
-1086
-1136
-1042
-1111
-1264
-1355
-1420
-1475
-1491
-1453
-1523
-1593
-1725
-1766
-1832
-1909
-1948
-1976
-1963
-2013
-1972
-1894
-1944
-2032
-2023
-2052
-1982
-1918
-1919
-1811
-1862
-1819
-1853
-1920
-1951
-1927
-1788
-1730
-1681
-1667
-1527
-1365
-1222
-1103
-1060
-1065
-1025
-969
-921
-762
-626
-657
-660
-657
-616
-604
-587
-527
-438
-427
-491
-426
-468
-500
-460
-448
-552
-608
-675
-765
-853
-914
-870
-828
-722
-601
-575
-545
-455
-422
-503
-497
-435
-401
-218
-148
-186
-160
-137
-147
-82
-180
-171
-149
-226
-170
-214
-79
-89
-216
-212
-185
-274
-397
-442
-520
-481
-442
-321
-80
87
27
-89
-1
48
79
30
30
134
151
146
130
88
11
-49
-136
-118
-155
-112
-29
-72
-75
-136
-238
-377
-362
-345
-337
-231
-229
-147
-69
-66
-96
-102
-93
-143
-89
-153
-262
-205
-194
-226
-147
-99
-125
-244
-204
-75
-86
24
93
132
60
-142
-198
-318
-357
-308
-323
-217
-277
-267
-217
-301
-360
-368
-414
-527
-563
-564
-638
-721
-740
-826
-717
-763
-797
-713
-767
-726
-740
-747
-851
-812
-726
-816
-847
-803
-777
-801
-787
-835
-777
-767
-689
-557
-565
-369
-211
-71
-53
-71
73
125
159
307
387
371
450
486
609
700
610
650
677
542
513
586
616
733
932
1084
1164
1201
1256
1251
1244
1243
1265
1310
1209
1175
1189
1153
1131
1073
1061
1026
919
959
1036
1001
865
759
769
772
814
797
751
808
859
904
823
930
1026
906
1162
1239
1207
1321
1412
1519
1478
1514
1553
1535
1635
1756
1819
1920
1901
1897
1947
1894
1847
1920
2042
2051
2075
2082
2144
2194
2138
2070
1962
1938
1965
1863
1899
2018
1971
1848
1721
1762
1824
1734
1612
1620
1682
1716
1803
1731
1543
1509
1405
1290
1217
1091
981
1009
992
897
992
1040
1056
1154
1154
1150
1162
1151
1233
1260
1271
1275
1190
1142
1072
955
978
875
828
963
894
859
891
730
587
539
426
329
278
191
48
-34
-62
-107
-138
-154
-64
3
-122
-175
-142
-204
-207
-206
-232
-278
-477
-510
-535
-452
-378
-366
-166
67
186
69
167
182
82
223
349
394
408
472
616
682
652
681
768
759
818
979
1036
943
1013
1156
1180
1183
1184
1270
1446
1653
1690
1586
1377
1345
1348
1334
1348
1275
1241
1258
1225
1125
1041
1036
988
914
874
750
781
748
719
799
746
641
542
370
314
192
19
146
237
187
209
218
41
-101
-181
-206
-235
-287
-159
0
-18
-81
-127
-205
-275
-416
-425
-343
-357
-308
-238
-220
-206
-127
-157
-225
-290
-403
-292
-209
-307
-320
-264
-300
-304
-282
-322
-308
-211
-196
-235
-251
-245
-197
-220
-203
-202
-228
-284
-351
-466
-528
-462
-424
-394
-347
-241
-73
-95
-243
-160
-140
-229
-257
-226
-159
-140
-221
-211
-239
-362
-340
-286
-403
-522
-528
-539
-508
-491
-579
-721
-804
-847
-839
-794
-731
-693
-733
-913
-1000
-1116
-1207
-1190
-1075
-947
-936
-910
-876
-817
-793
-685
-571
-508
-438
-317
-229
-234
-365
-340
-332
-501
-624
-592
-586
-606
-458
-267
-209
-313
-231
-181
-185
-170
-144
27
221
290
320
361
409
493
618
734
860
1036
1206
1309
1351
1364
1263
1173
1205
1169
1208
1321
1284
1390
1466
1464
1342
1274
1244
1156
1269
1291
1279
1320
1210
967
784
566
426
382
283
275
169
36
24
-173
-314
-218
-190
-263
-228
-227
-327
-435
-492
-512
-526
-443
-377
-408
-453
-375
-497
-518
-439
-516
-533
-535
-598
-746
-720
-698
-640
-653
-600
-576
-570
-516
-598
-565
-604
-577
-587
-612
-664
-605
-587
-578
-409
-306
-268
-227
-92
-122
-205
-151
-104
-168
-144
-191
-184
-121
-21
116
143
201
231
196
263
295
356
445
472
679
711
652
725
700
725
901
966
1014
1089
1163
1204
1248
1285
1428
1599
1695
1848
1924
1980
2033
1966
1892
1838
1846
1818
1775
1773
1722
1716
1725
1751
1723
1652
1713
1828
1808
1870
1807
1697
1628
1519
1447
1517
1544
1586
1691
1618
1613
1639
1726
1829
1909
2065
2143
2089
2228
2265
2176
2058
1926
1960
1982
1838
1769
1804
1731
1770
1761
1688
1737
1758
1734
1645
1585
1602
1596
1612
1613
1602
1625
1683
1738
1851
1901
1845
1756
1830
1803
1694
1718
1649
1680
1709
1742
1644
1537
1603
1627
1655
1576
1531
1604
1604
1557
1501
1471
1509
1610
1546
1486
1594
1731
1825
1862
1991
2033
1892
1828
1829
1712
1644
1618
1623
1575
1524
1522
1454
1347
1262
1294
1247
1185
1186
1038
791
684
568
377
361
356
228
224
238
154
80
-13
-45
64
88
98
25
40
207
239
368
438
441
406
444
491
495
506
507
599
626
681
652
558
716
700
531
454
473
523
558
639
643
711
731
783
808
732
748
794
796
838
769
772
797
818
880
859
884
880
910
951
950
912
1050
1096
1221
1296
1276
1407
1432
1336
1297
1282
1305
1325
1309
1434
1461
1484
1465
1559
1588
1547
1553
1569
1653
1564
1664
1797
1621
1595
1589
1506
1380
1317
1312
1212
1155
1061
1029
1000
882
830
877
815
822
805
800
613
462
468
359
294
155
89
-25
-146
-278
-437
-581
-745
-817
-775
-845
-940
-879
-905
-838
-825
-975
-862
-722
-581
-481
-375
-358
-365
-206
-71
127
110
154
332
461
527
440
464
458
423
479
426
388
323
348
372
310
244
198
275
460
524
502
589
710
995
1032
1002
1033
1032
1045
923
888
883
752
616
540
475
516
477
397
432
287
195
252
163
196
328
377
455
495
470
495
562
698
781
788
815
792
828
922
934
831
855
862
728
776
760
818
898
804
776
800
746
668
700
734
772
832
892
984
1121
1219
1376
1418
1456
1528
1554
1642
1638
1575
1554
1614
1660
1655
1684
1800
1887
1946
2008
1929
1876
1909
1828
1702
1650
1730
1836
1885
1785
1778
1839
1785
1646
1560
1643
1725
1720
1755
1991
2064
2078
2195
2162
2120
2096
2150
2279
2147
2075
2171
2116
1940
1827
1755
1641
1506
1501
1525
1337
1210
1201
1128
1040
1021
925
912
983
983
923
870
931
927
789
713
700
698
726
787
878
964
1010
1027
1111
1126
1090
1048
1036
1101
1079
1103
1163
1126
1217
1326
1428
1502
1515
1547
1636
1695
1754
1802
1789
1894
1899
1883
1864
1872
1922
1991
2009
2130
2246
2285
2319
2193
2132
2050
2054
1989
1838
1846
1931
1910
1857
1904
1914
1882
1840
1889
1935
2002
2208
2361
2529
2633
2678
2683
2663
2685
2699
2749
2763
2825
2849
2735
2714
2755
2711
2772
2864
2998
2909
2747
2829
2755
2669
2671
2690
2821
2905
3019
3138
3158
3160
3147
3129
3152
3097
3014
3074
3135
3133
2974
2940
2945
3011
2991
2780
2691
2654
2681
2598
2449
2401
2404
2291
2261
2337
2332
2404
2458
2403
2476
2621
2645
2608
2638
2658
2635
2670
2628
2643
2763
2826
2914
2959
3073
3034
2893
2860
2758
2727
2753
2791
2784
2805
2849
2879
2771
2715
2737
2750
2800
2686
2562
2634
2688
2637
2736
2752
2719
2711
2701
2732
2712
2759
2798
2789
2881
2815
2750
2844
2958
2990
2966
2955
2982
3125
3112
3098
3194
3293
3290
3207
3090
3071
3046
3037
3107
3155
3174
3082
3018
2863
2717
2803
2821
2756
2797
2784
2723
2630
2585
2468
2360
2406
2486
2535
2493
2442
2410
2334
2297
2272
2240
2175
2152
2232
2229
2111
2165
2252
2144
2160
2142
2130
2054
1977
1855
1712
1596
1533
1636
1651
1675
1762
1886
1881
1733
1782
1900
1833
1859
1936
1989
1976
1963
1956
1905
1807
1670
1627
1624
1629
1691
1656
1701
1712
1666
1691
1492
1553
1624
1608
1723
1813
1865
1942
2069
2055
2079
2112
2095
2073
2041
1982
1949
1934
1981
1975
1859
1871
1853
1802
1735
1633
1602
1559
1365
1316
1337
1292
1263
1221
1260
1243
1214
1162
1165
1179
1176
1280
1320
1193
1159
1339
1350
1280
1388
1382
1313
1357
1257
978
862
902
844
841
889
844
802
746
669
603
577
621
630
723
796
826
977
930
884
918
948
995
1069
1171
1228
1312
1200
1134
1017
820
824
827
732
834
967
861
788
741
836
844
808
908
943
1016
1071
1018
1141
1164
1095
1113
970
931
1005
1059
1115
1239
1269
1228
1183
1138
1148
1208
1209
1314
1466
1585
1857
1843
1794
1881
1975
1992
2044
2121
2094
2119
2153
2165
2116
2070
1991
1880
1871
1933
1897
1925
2053
2197
2212
2150
2051
2106
2199
2136
2169
2314
2433
2399
2478
2450
2378
2432
2497
2559
2609
2650
2611
2685
2720
2588
2514
2479
2462
2438
2507
2582
2529
2403
2358
2407
2341
2339
2302
2348
2457
2370
2332
2367
2358
2398
2445
2374
2399
2361
2372
2430
2357
2388
2393
2517
2522
2394
2434
2473
2379
2357
2414
2416
2370
2435
2415
2372
2315
2111
2072
2020
2041
2008
2064
2127
2043
1903
1834
1733
1614
1633
1722
1793
1774
1853
1900
1900
1906
1862
1800
1775
1709
1722
1662
1520
1485
1482
1551
1630
1599
1643
1757
1779
1732
1734
1763
1758
1845
1828
1826
1943
1973
1943
1930
1916
1863
1850
1801
1704
1627
1423
1265
1146
1039
1037
968
873
863
950
980
986
1079
1067
1038
1187
1245
1251
1279
1245
1151
1160
1300
1418
1486
1527
1668
1744
1808
1876
1859
1822
1848
1877
1967
2009
2018
2119
2177
2269
2257
2178
2169
2192
2247
2152
1967
2064
2142
2102
2137
2175
2309
2399
2395
2463
2493
2585
2721
2823
2852
2866
2950
2997
2920
2753
2751
2780
2656
2558
2560
2601
2651
2513
2359
2325
2261
2220
2251
2174
2147
2138
2122
2141
2070
1980
1849
1905
1977
2082
2240
2314
2437
2658
2792
2735
2715
2816
2780
2701
2733
2667
2615
2540
2474
2436
2375
2349
2348
2337
2264
2228
2099
2041
2083
2154
2156
2093
2211
2303
2392
2469
2528
2497
2550
2568
2478
2468
2436
2383
2341
2334
2266
2300
2368
2423
2447
2466
2563
2591
2576
2606
2695
2775
2799
2780
2772
2790
2767
2833
2821
2768
2876
2846
2862
2870
2771
2762
2811
2898
2811
2732
2768
2711
2714
2756
2785
2843
2889
2940
3093
3257
3250
3214
3306
3359
3455
3626
3614
3588
3624
3677
3674
3621
3608
3594
3619
3672
3616
3433
3458
3443
3282
3237
3173
3078
2967
2991
2957
2882
2732
2604
2584
2569
2574
2439
2381
2349
2260
2158
2124
2141
2178
2231
2332
2389
2378
2432
2464
2471
2513
2455
2411
2480
2474
2525
2548
2555
2575
2651
2762
2774
2755
2826
2959
3031
3008
2978
3023
3005
3054
3021
3081
3170
3153
3224
3209
3096
2962
2942
2994
2955
2810
2899
2969
2945
2902
2788
2724
2595
2513
2448
2454
2479
2425
2357
2360
2303
2269
2246
2231
2196
2225
2276
2183
2236
2265
2253
2289
2404
2436
2499
2649
2788
2681
2654
2726
2758
2873
2818
2859
2866
2887
2897
2867
2924
3032
3028
3062
3093
3029
2997
2859
2770
2710
2681
2546
2526
2544
2393
2251
2070
2021
1951
1844
1652
1592
1621
1585
1608
1556
1535
1546
1664
1774
1880
1897
1839
1880
1847
1806
1801
1882
1897
1930
2034
1980
1965
1918
1931
1974
1950
1934
1909
1929
1941
1960
2073
2132
2131
2150
2153
2188
2205
2285
2302
2263
2264
2327
2259
2146
2151
2189
2166
2061
1974
1952
1947
1753
1635
1584
1611
1674
1711
1619
1514
1538
1444
1431
1420
1380
1424
1507
1527
1518
1595
1651
1602
1588
1622
1651
1694
1706
1709
1710
1754
1812
1802
1818
1844
1822
1812
1751
1578
1511
1537
1435
1345
1338
1247
1162
1200
1072
1031
1107
1163
1192
1165
1249
1257
1213
1245
1168
1138
1181
1111
1120
1128
1197
1139
1146
1204
1166
1158
1172
1154
1048
966
918
937
861
831
912
1040
1083
1191
1167
1142
1263
1134
1012
920
794
731
696
633
600
620
717
721
637
748
770
773
684
636
706
616
623
582
602
748
822
865
863
854
969
1016
997
910
932
986
996
1015
992
1015
1094
1255
1286
1273
1195
1241
1286
1349
1345
1254
1278
1301
1239
1071
1022
1092
1120
1055
1053
961
939
915
866
828
728
726
758
813
718
646
651
564
524
547
593
618
657
836
912
925
963
1038
1140
1153
1150
1082
1133
1170
1092
989
1022
1051
1020
1124
1123
1141
1179
1206
1264
1201
1145
1163
1206
1267
1279
1267
1274
1249
1254
1287
1216
1193
1244
1248
1250
1180
1112
1188
1233
1363
1296
1178
1338
1316
1231
1216
1174
1169
1277
1414
1431
1408
1404
1403
1376
1339
1351
1337
1355
1430
1535
1669
1796
1969
2080
2071
2156
2093
2067
2024
1980
2060
2091
2089
1911
1881
1925
1924
1785
1656
1642
1612
1639
1709
1759
1716
1631
1561
1434
1312
1264
1300
1375
1383
1409
1446
1377
1300
1307
1291
1221
1144
1191
1200
1187
1243
1290
1378
1424
1410
1447
1453
1429
1369
1348
1400
1484
1482
1353
1305
1528
1697
1632
1608
1705
1857
1718
1571
1493
1498
1544
1484
1429
1387
1350
1441
1511
1545
1510
1406
1436
1294
1217
1193
1098
1025
1016
1034
1003
906
923
838
701
730
751
826
880
896
858
921
919
954
981
954
1015
1134
1226
1150
1165
1107
1121
1129
997
936
916
957
1029
955
877
903
827
907
927
900
972
978
908
974
1049
1112
1170
1186
1294
1290
1302
1209
1221
1238
1221
1244
1221
1218
1137
1201
1163
987
873
796
815
794
702
685
652
615
614
549
437
479
545
514
547
474
485
482
443
445
385
354
380
472
472
442
492
537
490
497
463
466
512
460
515
562
603
621
576
622
579
564
631
573
513
549
587
599
592
628
710
687
665
616
591
549
503
556
621
663
589
429
257
189
190
7
-86
75
112
176
99
-24
23
-86
-178
-143
-90
-89
-60
14
-69
-138
-93
-111
-161
-214
-221
-211
-211
-265
-313
-329
-384
-438
-470
-513
-571
-603
-607
-546
-512
-500
-485
-467
-528
-524
-504
-576
-535
-486
-528
-546
-510
-478
-442
-478
-426
-418
-500
-469
-436
-396
-341
-354
-375
-501
-557
-529
-578
-531
-442
-301
-270
-206
-208
-187
-83
-126
-142
-166
-145
-200
-92
32
-121
-166
-36
75
33
57
92
134
165
91
10
-60
-31
-13
21
49
65
199
264
229
312
377
444
465
519
628
595
615
671
739
744
765
910
892
753
724
760
729
695
601
509
522
483
433
439
327
167
296
356
328
341
514
675
672
646
612
719
755
735
640
620
666
760
832
804
741
725
839
925
856
860
1029
965
884
913
868
895
957
958
1028
1122
1215
1155
1095
1168
1103
1156
1173
1055
1055
1100
1137
1105
1068
1090
1107
1094
1068
1005
974
967
991
897
782
733
704
647
476
398
343
341
352
341
313
267
320
253
142
159
109
69
11
13
88
93
90
71
73
50
63
8
-2
63
42
99
152
132
116
156
210
127
60
94
211
370
476
614
711
768
756
785
744
638
598
637
617
524
550
520
397
425
478
330
281
247
283
373
421
414
466
447
411
512
522
520
553
701
874
977
979
981
1021
1005
875
853
877
861
846
751
633
684
800
831
812
780
767
820
742
678
770
727
710
693
713
785
972
960
890
922
894
936
898
809
807
891
1009
1080
1096
1091
1165
1262
1169
1134
1204
1314
1290
1239
1239
1214
1110
883
809
774
689
716
750
780
898
910
884
949
874
815
807
720
758
806
713
761
900
958
949
904
939
981
1133
1111
1104
1270
1452
1482
1433
1487
1440
1394
1370
1440
1485
1533
1651
1704
1687
1753
1682
1631
1612
1596
1723
1870
1912
1864
2052
2079
1914
1899
1939
1988
2064
1906
1859
1855
1811
1902
1864
1904
1945
1962
1885
1869
1910
1937
1920
1867
1833
1803
1786
1661
1671
1660
1631
1639
1607
1561
1507
1517
1456
1428
1434
1395
1486
1484
1415
1413
1413
1455
1411
1399
1425
1395
1356
1448
1533
1612
1670
1553
1510
1529
1398
1321
1422
1441
1500
1523
1581
1641
1589
1489
1397
1464
1445
1399
1410
1303
1293
1372
1242
1165
1163
1124
1014
1012
1041
1006
1091
1130
1138
1155
1172
1068
1011
1071
1122
1102
1005
994
1044
1072
1196
1293
1207
1127
1184
1219
1122
1133
1141
1227
1357
1296
1249
1216
1214
1224
1202
1063
989
945
843
815
824
908
956
1076
1144
1158
1183
1209
1092
917
939
897
885
889
815
857
1009
1080
1024
980
967
984
1005
1022
1096
1103
1146
1157
1159
1113
1135
1181
1052
1040
972
922
858
896
994
979
968
926
886
896
917
870
910
948
1021
998
968
918
829
854
864
882
911
1013
973
962
1080
1130
1103
1003
999
1079
1015
910
970
1127
1216
1217
1224
1274
1234
1118
1033
1044
947
733
627
610
732
736
610
581
662
635
617
670
614
608
637
561
439
426
523
568
630
609
475
426
447
492
530
528
490
467
465
400
341
387
450
597
572
605
727
638
536
432
387
280
233
252
256
295
327
319
206
169
178
249
303
219
301
498
465
439
536
637
654
605
615
522
557
598
598
632
659
728
849
924
941
1050
1018
916
841
963
1069
1017
1089
1161
1221
1190
1035
1031
1070
996
982
995
964
993
1038
952
867
840
788
820
888
920
999
1104
1136
1176
1186
1144
1193
1192
1198
1215
1194
1184
1199
1228
1255
1403
1458
1409
1537
1679
1635
1535
1591
1619
1579
1574
1531
1491
1461
1499
1526
1559
1539
1539
1545
1424
1273
1255
1226
1107
1163
1168
1197
1242
1218
1287
1274
1292
1222
1056
1013
953
917
893
886
950
1024
1023
983
859
858
849
745
722
720
761
736
664
680
614
417
364
262
195
80
83
129
108
178
137
101
70
60
47
12
-75
0
15
-40
-93
-91
-75
-131
-140
-207
-202
-247
-183
-159
-158
-31
20
49
32
84
193
160
148
171
245
336
307
372
402
450
534
686
797
714
723
748
744
732
864
935
919
973
960
886
739
700
598
559
597
644
698
672
645
680
725
658
687
684
552
506
506
498
523
565
681
719
733
731
755
815
819
810
793
930
999
1038
1156
1221
1137
1067
1129
1085
1010
1009
1079
1096
1226
1369
1351
1407
1484
1466
1442
1465
1454
1409
1437
1548
1576
1577
1477
1454
1442
1390
1357
1363
1390
1373
1460
1422
1425
1421
1498
1551
1464
1490
1510
1677
1743
1668
1731
1765
1668
1656
1740
1641
1575
1627
1583
1608
1659
1642
1653
1672
1655
1584
1491
1321
1191
1154
1139
1203
1244
1192
1195
1224
1245
1208
1176
1215
1188
1072
937
899
955
975
1013
1004
874
947
1028
1028
1002
995
1018
972
866
855
878
846
764
595
489
533
650
688
745
694
787
839
728
759
767
789
868
908
936
970
981
993
933
862
880
810
757
697
609
596
522
554
585
539
481
541
548
449
446
433
344
301
278
159
97
-4
-108
-78
-118
-127
22
24
20
100
118
121
83
118
90
-6
53
0
-150
-199
-182
-181
-219
-177
-109
-161
-157
-97
-48
-67
-64
15
68
213
243
200
199
279
335
319
312
311
242
232
184
0
-12
-56
-54
0
-63
-90
-49
-113
-155
-110
-172
-121
49
128
105
86
126
103
38
-65
-64
2
43
6
-149
-166
-31
28
-10
34
77
115
177
121
190
288
125
88
174
264
229
209
215
130
108
56
77
26
8
47
102
114
110
165
143
-12
-43
-89
-266
-229
-207
-186
-179
-259
-309
-296
-347
-270
-323
-366
-175
-115
-129
-171
-123
-88
-46
-9
5
-39
84
236
319
311
224
315
382
386
315
273
352
411
394
428
432
461
488
468
450
496
528
537
693
826
945
1007
1097
1090
1037
1102
1037
1012
1070
1120
1101
1096
1085
1094
1199
1242
1342
1419
1389
1319
1281
1193
1048
1035
964
900
912
808
651
556
456
385
423
217
168
217
135
76
23
15
-188
-280
-289
-373
-480
-422
-431
-405
-381
-526
-587
-567
-547
-617
-637
-588
-459
-465
-430
-479
-541
-606
-668
-704
-749
-735
-761
-733
-710
-714
-839
-793
-819
-803
-735
-850
-865
-747
-643
-653
-684
-696
-703
-670
-667
-721
-674
-698
-714
-662
-685
-747
-873
-951
-868
-851
-919
-929
-827
-714
-759
-847
-911
-964
-940
-977
-1008
-998
-1060
-1025
-928
-852
-813
-745
-719
-783
-870
-936
-873
-908
-952
-946
-938
-890
-1044
-1120
-1119
-1106
-1129
-1125
-967
-852
-847
-918
-926
-922
-854
-878
-903
-781
-766
-709
-691
-736
-657
-614
-585
-611
-636
-529
-437
-416
-342
-336
-376
-340
-252
-223
-207
-63
52
68
80
68
-13
-47
-47
15
93
166
248
385
422
380
434
448
520
562
502
533
731
866
828
836
865
839
915
961
925
911
905
885
870
860
839
862
888
871
884
881
753
709
761
769
736
723
712
736
769
738
757
820
695
518
475
360
344
304
262
411
529
565
606
663
760
830
754
653
596
563
422
419
445
471
557
735
884
896
1064
1142
1129
1186
1185
1055
991
1013
1114
1079
1030
1010
1043
1161
1224
1264
1213
1108
1126
1071
976
1014
961
936
928
910
849
901
943
954
1007
989
891
854
849
795
716
694
774
840
885
741
783
890
867
846
737
820
775
722
777
697
705
632
570
578
652
635
712
793
768
758
686
806
814
675
568
570
508
347
366
376
200
107
64
-18
88
213
205
258
295
390
356
219
147
189
256
150
220
262
263
188
209
183
69
164
159
110
127
167
157
-17
-156
-106
-205
-351
-381
-253
-161
-124
-78
-107
-29
35
51
45
0
57
222
309
368
414
493
618
597
578
612
542
491
505
431
384
350
232
105
86
145
121
22
10
-37
-141
-263
-392
-422
-511
-558
-614
-684
-827
-943
-919
-908
-872
-814
-833
-833
-829
-855
-788
-830
-788
-672
-565
-519
-575
-583
-463
-337
-296
-235
-209
-56
102
195
311
282
206
253
278
262
275
285
353
461
484
487
579
611
591
557
476
510
577
593
565
550
523
520
486
512
560
484
622
790
791
618
553
430
294
277
284
356
388
355
184
71
49
-1
-154
-199
-160
-151
-92
-114
-160
-155
-204
-247
-361
-409
-444
-449
-427
-400
-368
-335
-255
-203
-78
-33
0
-65
3
115
95
75
60
90
138
229
237
116
86
183
228
284
420
524
473
533
485
385
286
187
123
60
241
292
213
144
88
3
-55
-83
-88
-17
7
5
-53
-40
-6
-121
-233
-351
-413
-378
-391
-453
-391
-297
-236
-172
-173
-111
-173
-193
-108
-61
-46
-113
-48
-38
-130
-158
-210
-201
-227
-304
-262
-141
-64
-63
-63
8
88
66
130
214
269
252
247
300
221
147
147
93
77
30
-78
-76
-102
-58
42
46
35
56
25
88
101
91
152
131
132
-5
-54
62
78
192
320
328
393
443
370
297
248
307
330
352
392
419
522
567
682
714
751
785
884
892
956
911
827
946
844
905
991
999
948
922
959
978
954
983
1105
1145
1119
1168
1246
1143
1100
1083
1012
1069
1043
874
716
689
687
645
627
608
638
705
709
638
638
638
538
447
412
464
443
309
250
297
346
245
237
276
273
235
97
99
271
319
299
368
393
359
256
227
305
282
346
384
383
453
379
412
385
450
556
624
636
543
628
695
589
443
419
328
295
166
72
109
173
267
274
286
262
295
310
257
169
116
215
245
234
211
219
217
124
90
122
94
64
122
112
123
10
33
71
48
6
-74
-111
-194
-169
-220
-264
-356
-372
-353
-487
-489
-442
-447
-428
-471
-486
-492
-531
-481
-404
-367
-336
-292
-196
-214
-229
-166
-86
-22
-108
-152
-133
-181
-202
-139
-72
13
51
84
61
161
200
70
86
50
17
129
172
186
323
409
479
534
497
492
647
706
640
685
664
609
688
731
754
783
712
751
917
876
733
750
712
671
647
584
583
661
743
722
737
819
784
764
799
767
705
677
709
710
766
722
639
619
624
677
634
640
693
727
640
544
527
473
443
424
437
484
456
422
343
263
292
258
249
376
403
290
241
161
153
108
16
14
7
1
-7
-10
-32
28
70
130
130
164
283
295
236
268
352
336
344
378
410
342
313
317
324
353
415
455
506
615
610
644
725
675
622
665
699
735
735
737
665
621
594
543
484
446
494
560
610
595
612
595
591
611
681
736
759
747
625
557
536
517
410
314
272
207
44
-16
-5
-138
-96
-54
-70
-64
-32
42
32
-4
19
-42
-7
119
94
22
-6
-8
-139
-206
-276
-327
-269
-235
-285
-268
-237
-201
-176
-215
-246
-376
-387
-367
-399
-419
-376
-313
-322
-307
-278
-347
-329
-297
-295
-311
-348
-389
-419
-345
-398
-447
-373
-261
-189
-96
-80
-93
-141
-93
-73
-104
-63
-34
-44
-162
-185
-244
-311
-328
-386
-502
-498
-482
-482
-565
-564
-598
-616
-536
-641
-688
-661
-629
-671
-633
-621
-656
-605
-552
-582
-566
-573
-569
-581
-640
-558
-465
-417
-393
-358
-353
-434
-470
-410
-424
-437
-432
-436
-411
-453
-533
-578
-569
-603
-650
-614
-606
-579
-577
-535
-435
-388
-355
-261
-190
-194
-216
-187
-112
-112
-92
-36
30
55
102
145
227
312
302
336
415
466
523
523
472
464
478
514
514
535
528
558
565
500
488
483
448
357
338
328
331
315
254
337
401
347
315
343
320
276
286
270
285
301
223
228
228
214
203
192
116
119
189
137
172
128
68
95
119
106
81
19
34
28
-47
-72
-62
